33323322233333233
33323322232333233
23323322232233233
23233323233323233
32233332233332233
33223322232332233
22233322233322233
22223322233222233
22233222233222233
33333323333333323
33333323233333323
23333323323333323
23333323223333323
32333323232333323
22333323322333323
22333323222333323
23332322233233323
23233323323233323
23233323223233323
32233323332233323
32233323232233323
22233323322233323
22233323222233323
32332322233323323
32332322232323323
33223323333223323
33223323233223323
23223323323223323
23223323223223323
32223323332223323
32223323232223323
22223323322223323
22223323222223323
33232323323332323
33232323322332323
32323233233232323
22323233232232323
22323233222232323
32232322233322323
32232322232322323
22232322233222323
22232322232222323
33333223333333223
33333223233333223
23333223323333223
33223333223333223
23333223223333223
32333223332333223
32333223232333223
22333223222333223
33233223333233223
33233223233233223
23233223323233223
23233223223233223
22233223322233223
22233223222233223
33323223333323223
33323223233323223
23323223323323223
23323223223323223
32323223332323223
32323223232323223
22323223322323223
22323223222323223
32232233223223223
33332223333332223
33332223233332223
23332223323332223
23332223223332223
32223332223332223
32332223332332223
32332223232332223
22332223322332223
33232223333232223
33232223233232223
23232223323232223
23232223223232223
32232223332232223
32232223232232223
23222322322232223
33322223333322223
33322223233322223
23322223323322223
23322223223322223
22223322223322223
32322223332322223
32322223232322223
22322223322322223
22322223222322223
33222223333222223
33222223233222223
23222223323222223
23222223223222223
32222223332222223
32222223232222223
22222223322222223
22222223222222223
33333332333333332
33333332233333332
23333332323333332
23333332223333332
33332333332333332
32333332332333332
32333332232333332
22333332322333332
22333332222333332
33233332333233332
33233332233233332
23233332323233332
23233332223233332
32233332332233332
32233332232233332
33222333322233332
22233332322233332
22233332222233332
23323332323323332
23323332223323332
23332323332323332
32323332332323332
32323332232323332
22323332322323332
22323332222323332
33223332233223332
23223332323223332
23223332223223332
32223332332223332
32223332232223332
22223332322223332
22223332222223332
33232332333232332
33232332233232332
23232332323232332
23232332223232332
32232332332232332
32232332232232332
22232332322232332
22232332222232332
33322332333322332
33322332233322332
32322332332322332
22332322332322332
32322332232322332
22322332322322332
22322332222322332
33222332333222332
23222332323222332
23222332223222332
32222332332222332
32222332232222332
22222332322222332
22222332222222332
33232333232333232
23222332322233232
23233232323323232
23232223232223232
33332232333332232
33332232233332232
23332232323332232
23332232223332232
32332232332332232
32232332232332232
32332232232332232
22332232322332232
22332232222332232
33322232333322232
33322232233322232
23322232323322232
23322232223322232
32322232332322232
32322232232322232
23222323222322232
33222232333222232
33222232233222232
23222232323222232
32222232332222232
32222232232222232
22222232322222232
22222232222222232
33333222333333322
33333222323333322
23333222332333322
33322333322333322
23333222322333322
32333222333233322
32333222323233322
22333222332233322
22333222322233322
33233222333323322
33233222323323322
23233222332323322
23322323322323322
23233222322323322
32233222333223322
32233222323223322
22233222322223322
33323222333332322
33323222323332322
23323222332332322
32322332322332322
23323222322332322
32323222333232322
32323222323232322
22323222332232322
23223222322232322
33223222333322322
33223222323322322
23223222332322322
32223223222322322
23232223222322322
23222322233222322
32223222323222322
32232223222323222
32322232223223222
