3333233222333333233
3333233222323333233
3323323332332333233
2333233222332333233
2333233222322333233
3233233222323233233
2233233222332233233
2332223323322233233
2233233222322233233
3323233222323323233
2323323232332323233
2323322232332223233
3223323322332332233
2332233222332332233
2233223323322332233
2332233222322332233
2223323222332322233
3333333233333333323
3333333232333333323
2333333233233333323
2333333232233333323
3233333233323333323
3233333232323333323
2233333233223333323
2233333232223333323
3323333232332333323
3332323333232333323
2323333233232333323
2323333232232333323
3223333233322333323
3223333232322333323
2223333233222333323
2223333232222333323
3233323222333233323
3232333232323233323
2232333233223233323
2232333232223233323
3322333233332233323
3322333232332233323
2322333233232233323
2322333232232233323
3222333233322233323
3232223332322233323
3222333232322233323
2222333233222233323
2222333232222233323
3323323222333323323
2323323222332323323
2332323233232323323
2323323222322323323
3332233233333223323
3332233232333223323
2332233233233223323
2332233232233223323
3232233233323223323
3232233232323223323
2232233233223223323
2232233232223223323
3322233233332223323
3322233232332223323
2322233233232223323
2332322233232223323
2322233232232223323
3222233233322223323
3222233232322223323
2222233233222223323
2222233232222223323
3332323233233332323
3332323233223332323
2332323233222332323
3323232332333232323
3323232332233232323
3223232332332232323
3223232332232232323
2223232332322232323
2223232332222232323
3322323222333322323
3322323222323322323
2322323222332322323
2322323222322322323
3222323222333222323
2322232232223222323
2222323222332222323
2232322223232222323
2222323222322222323
3333332233333333223
3333332232333333223
2333332233233333223
2333332232233333223
3233332233323333223
3233332232323333223
2233332233223333223
2233332232223333223
3323332233332333223
3323332232332333223
2323332233232333223
3322323332232333223
2323332232232333223
3223332232322333223
2223332233222333223
2223332232222333223
3332332233333233223
3332332232333233223
2332332233233233223
2332332232233233223
3232332233323233223
3232332232323233223
2232332232223233223
3222332233322233223
3222332232322233223
2222332233222233223
2222332232222233223
3333232233333323223
3333232232333323223
2333232233233323223
2333232232233323223
3233232233323323223
3233232232323323223
2233232233223323223
2233232232223323223
3323232233332323223
3323232232332323223
2323232233232323223
2323232232232323223
3223232233322323223
2323223222322323223
2223232233222323223
2223232232222323223
2232322322323223223
2322322332223223223
2223223222332223223
2322322232232223223
2322232322232223223
2223223222322223223
3333322233333332223
3333322232333332223
2333322233233332223
2333322232233332223
3233322233323332223
3233322232323332223
2233322233223332223
2233322232223332223
3323322233332332223
3323322232332332223
2323322233232332223
2323322232232332223
3223322233322332223
3223322232322332223
2223322232222332223
3332322233333232223
3332322232333232223
2332322233233232223
2332322232233232223
3232322233323232223
3232322232323232223
2232322233223232223
2322322232223232223
3322322233332232223
3322322232332232223
2322322233232232223
2322322232232232223
3222322322232232223
2323222322232232223
2322232223322232223
3222322232322232223
3333222233333322223
3333222232333322223
2333222233233322223
2333222232233322223
3233222233323322223
3233222232323322223
2233222233223322223
2233222232223322223
3323222233332322223
3323222232332322223
2323222233232322223
2323222232232322223
3223222233322322223
3223222232322322223
2223222233222322223
3332222233333222223
3332222232333222223
2332222233233222223
2332222232233222223
3232222233323222223
3232222232323222223
2232222233223222223
2232222232223222223
3322222233332222223
3322222232332222223
2322222233232222223
2322222232232222223
3222222233322222223
3222222232322222223
2222222233222222223
2222222232222222223
3333333323333333332
3333333322333333332
2333333323233333332
2333333322233333332
3233333323323333332
3233333322323333332
2233333323223333332
2233333322223333332
3323333323332333332
3323333322332333332
2323333323232333332
2323333322232333332
3333223333322333332
3223333323322333332
3223333322322333332
2223333323222333332
2223333322222333332
3332333322333233332
2332333323233233332
2332333322233233332
3232333323323233332
3232333322323233332
2232333323223233332
2232333322223233332
3322333323332233332
3322333322332233332
2322333323232233332
2322333322232233332
3222333323322233332
3222333322322233332
2222333323222233332
2222333322222233332
3233233323323323332
3233233322323323332
2233233323223323332
2233233322223323332
3323233322332323332
2323233323232323332
2323233322232323332
2333223233322323332
3223233323322323332
3223233322322323332
2223233323222323332
2223233322222323332
3332233323333223332
2332233323233223332
2332233322233223332
3232233323323223332
3232233322323223332
2232233323223223332
2232233322223223332
3322233323332223332
3322233322332223332
2322233323232223332
2322233322232223332
3222233323322223332
3222233322322223332
2222233323222223332
2222233322222223332
3233223323322332332
3332323323333232332
3332323322333232332
2332323322233232332
3232323323323232332
3232323322323232332
2232323323223232332
2232323322223232332
3322323323332232332
3322323322332232332
2322323323232232332
2322323322232232332
3222323323322232332
3222323322322232332
2222323323222232332
2222323322222232332
3333223323333322332
3333223322333322332
2333223323233322332
2333223322233322332
3323223323332322332
2323223323232322332
2323223322232322332
3223223323322322332
2233223223322322332
3223223322322322332
2223223323222322332
2223223322222322332
3332223323333222332
3332223322333222332
2332223323233222332
3232223323323222332
3232223322323222332
2232223323223222332
2232223322223222332
3322223323332222332
3322223322332222332
2322223323232222332
2322223322232222332
3222223323322222332
3222223322322222332
2222223323222222332
2222223322222222332
3323223332322333232
3333322323333332232
3333322322333332232
2333322323233332232
2333322322233332232
3233322323323332232
3233322322323332232
2233322323223332232
2233322322223332232
3323322323332332232
3323322322332332232
2323322323232332232
2323322322232332232
3223322323322332232
3223223322322332232
3223322322322332232
2223322323222332232
2223322322222332232
3333222323333322232
3333222322333322232
2333222323233322232
2333222322233322232
3233222323323322232
3233222322323322232
2233222323223322232
2233222322223322232
3323222323332322232
3323222322332322232
2323222323232322232
3223222322232322232
3232223222322322232
3332222323333222232
3332222322333222232
2332222323233222232
2332222322233222232
3232222323323222232
3232222322323222232
2232222323223222232
3322222323332222232
3322222322332222232
2322222323232222232
2322222322232222232
3222222323322222232
3222222322322222232
2222222323222222232
2222222322222222232
3333332223333333322
3333332223233333322
2333332223323333322
2333332223223333322
3233332223332333322
3233332223232333322
2233332223322333322
2233332223222333322
3323332223333233322
3323332223233233322
2323332223323233322
2323332223223233322
3223332223332233322
3223332223232233322
2223332223222233322
3332332223333323322
3332332223233323322
2332332223323323322
2332332223223323322
3232332223332323322
3232332223232323322
2232332223322323322
2232332223222323322
3322332223333223322
3322332223233223322
2322332223323223322
2322332223223223322
2222332223322223322
2222332223222223322
3333232223333332322
3333232223233332322
2333232223323332322
2333232223223332322
3233232223332332322
3233232223232332322
2233232223322332322
2233232223222332322
3323232223333232322
3323232223233232322
2323232223323232322
2323232223223232322
3223232223332232322
3223232223232232322
2223232223322232322
2223232223222232322
3332232223333322322
3332232223233322322
2332232223323322322
2332232223223322322
3232232223332322322
3232232223232322322
2232223222332222322
3322233332223333222
2223322232322233222
2322233232223323222
2232223222332223222
