333233223333233223333233
233233223233233223233233
322233233222323322233233
333333232332333333323233
333333232332233333323233
233333232332323333323233
233333232332223333323233
323333232332332333323233
323333232332232333323233
223333232332322333323233
223333232332222333323233
332333232332333233323233
332333232332233233323233
232333232332323233323233
232333232332223233323233
322333232332332233323233
322333232332232233323233
222333232332322233323233
222333232332222233323233
332233232332333223323233
323233223323233223323233
332233232332233223323233
232233232332323223323233
232233232332223223323233
322233232332332223323233
322233232332232223323233
222233232332322223323233
222233232332222223323233
333323232332333332323233
333323232332233332323233
233323232332323332323233
233323232332223332323233
323323232332332332323233
323323232332232332323233
223323232332322332323233
223323232332222332323233
332323232332333232323233
332323232332233232323233
232323232332323232323233
232323232332223232323233
322323232332332232323233
322323232332232232323233
222323232332322232323233
222323232332222232323233
333223232332333322323233
333223232332233322323233
233223232332323322323233
233223232332223322323233
323223232332332322323233
323223232332232322323233
223223232332322322323233
223223232332222322323233
332223232332333222323233
332223232332233222323233
232223232332323222323233
232223232332223222323233
322223232332332222323233
322223232332232222323233
222223232332322222323233
222223232332222222323233
333332232332333333223233
333332232332233333223233
233332232332323333223233
233332232332223333223233
323332232332332333223233
323332232332232333223233
223332232332322333223233
223332232332222333223233
332332232332333233223233
332332232332233233223233
322332232332332233223233
322332232332232233223233
222332232332322233223233
222332232332222233223233
333232232332333323223233
333232232332233323223233
233232232332323323223233
233232232332223323223233
323232232332332323223233
323232232332232323223233
223232232332322323223233
223232232332222323223233
332232232332333223223233
223233223223233223223233
332232232332233223223233
232232232332323223223233
232232232332223223223233
322232232332332223223233
323322232232332223223233
322232232332232223223233
222232232332322223223233
222232232332222223223233
333322232332333332223233
333322232332233332223233
233322232332323332223233
233322232332223332223233
323322232332332332223233
223322232332322332223233
223322232332222332223233
332322232332333232223233
332322232332233232223233
232322232332323232223233
232322232332223232223233
322322232332332232223233
322322232332232232223233
222322232332322232223233
222322232332222232223233
333222232332333322223233
333222232332233322223233
233222232332323322223233
233222232332223322223233
323222232332332322223233
323222232332232322223233
223222232332322322223233
223222232332222322223233
332222232332333222223233
332222232332233222223233
232222232332323222223233
232222232332223222223233
322222232332332222223233
322222232332232222223233
222222232332322222223233
222222232332222222223233
333333322332333333332233
333333322332233333332233
233333322332323333332233
233333322332223333332233
323333322332332333332233
323333322332232333332233
223333322332322333332233
223333322332222333332233
332333322332333233332233
332333322332233233332233
232333322332323233332233
232333322332223233332233
322333322332332233332233
322333322332232233332233
222333322332322233332233
222333322332222233332233
333233322332333323332233
333233322332233323332233
233233322332323323332233
233233322332223323332233
323233322332332323332233
323233322332232323332233
223233322332322323332233
223233322332222323332233
332233322332333223332233
332233223332233223332233
332233322332233223332233
232233322332323223332233
232233322332223223332233
322233322332332223332233
322233322332232223332233
222233322332322223332233
222233322332222223332233
333332322332333333232233
333332322332233333232233
233332322332323333232233
233332322332223333232233
323332322332332333232233
323332322332232333232233
223332322332322333232233
223332322332222333232233
332332322332333233232233
332332322332233233232233
232332322332323233232233
232332322332223233232233
222332322332322233232233
222332322332222233232233
333232322332333323232233
333232322332233323232233
233232322332323323232233
233232322332223323232233
323232322332332323232233
323232322332232323232233
223232322332322323232233
223232322332222323232233
332232322332333223232233
332232322332233223232233
232233223232233223232233
232232322332323223232233
232232322332223223232233
322232322332332223232233
322232322332232223232233
222232322332322223232233
222232322332222223232233
333322322332333332232233
333322322332233332232233
233322322332323332232233
233322322332223332232233
323322322332332332232233
323322322332232332232233
223322322332222332232233
332322322332333232232233
332322322332233232232233
232322322332323232232233
232322322332223232232233
322322322332332232232233
322322322332232232232233
222322322332322232232233
222322322332222232232233
333222322332333322232233
333222322332233322232233
233222322332323322232233
233222322332223322232233
323222322332332322232233
323222322332232322232233
223222322332322322232233
223222322332222322232233
332222322332333222232233
332222322332233222232233
232222322332323222232233
232222322332223222232233
322222322332332222232233
322222322332232222232233
222222322332322222232233
222222322332222222232233
333333222332333333322233
333333222332233333322233
233333222332323333322233
233333222332223333322233
323333222332332333322233
323333222332232333322233
223333222332322333322233
223333222332222333322233
332333222332333233322233
332333222332233233322233
232333222332323233322233
232333222332223233322233
322333222332332233322233
322333222332232233322233
222333222332322233322233
222333222332222233322233
333233222332333323322233
333233222332233323322233
233233222332323323322233
323233222332332323322233
323233222332232323322233
223233222332322323322233
223233222332222323322233
322233223322233223322233
223322233222323223322233
223322233222322223322233
333323222332333332322233
333323222332233332322233
233323222332323332322233
233323222332223332322233
323323222332332332322233
323323222332232332322233
223323222332322332322233
223323222332222332322233
332323222332333232322233
332323222332233232322233
232323222332323232322233
232323222332223232322233
322323222332332232322233
322323222332232232322233
222323222332322232322233
222323222332222232322233
333223222332333322322233
333223222332233322322233
233223222332323322322233
233223222332223322322233
323223222332332322322233
323223222332232322322233
223223222332322322322233
223223222332222322322233
332223222332333222322233
332223222332233222322233
232223222332323222322233
232223222332223222322233
322223222332332222322233
322223222332232222322233
222223222332322222322233
222223222332222222322233
333332222332333333222233
333332222332233333222233
233332222332323333222233
233332222332223333222233
323332222332332333222233
323332222332232333222233
223332222332322333222233
223332222332222333222233
332332222332333233222233
332332222332233233222233
232332222332323233222233
232332222332223233222233
322332222332332233222233
322332222332232233222233
333232222332333323222233
333232222332233323222233
233232222332323323222233
233232222332223323222233
323232222332332323222233
323232222332232323222233
223232222332322323222233
223232222332222323222233
332232222332333223222233
332232222332233223222233
222233223222233223222233
232232222332323223222233
232232222332223223222233
322232222332332223222233
322232222332232223222233
222232222332322223222233
222232222332222223222233
333322222332333332222233
333322222332233332222233
233322222332323332222233
233322222332223332222233
323322222332332332222233
323322222332232332222233
223322222332322332222233
332322222332333232222233
332322222332233232222233
232322222332323232222233
232322222332223232222233
322322222332332232222233
322322222332232232222233
222322222332322232222233
222322222332222232222233
333222222332333322222233
333222222332233322222233
233222222332323322222233
233222222332223322222233
323222222332332322222233
323222222332232322222233
223222222332322322222233
223222222332222322222233
332222222332333222222233
332222222332233222222233
232222222332323222222233
232222222332223222222233
322222222332332222222233
322222222332232222222233
222222222332322222222233
222222222332222222222233
333323223333323223333323
233323223233323223233323
323323223323323223323323
223323223223323223223323
332322232233232223223323
323323232332223232332323
232323322232323322232323
322323223322323223322323
322323222322323222322323
232322232223232223222323
323222322232232223222323
332233332232333223333223
333223223333223223333223
333223332232333322333223
333223332232233322333223
233223332232323322333223
233223332232223322333223
322332332232332233233223
233223223233223223233223
333322332232333332233223
333322332232233332233223
233322332232323332233223
233322332232223332233223
323322332232332332233223
323322332232232332233223
223322332232222332233223
332322332232333232233223
332322332232233232233223
232322332232323232233223
232322332232223232233223
322322332232232232233223
222322332232322232233223
222322332232222232233223
233223222233223222233223
323223223323223223323223
323223222323223222323223
333223223223323333223223
333223223223322333223223
233223223223323233223223
233223223223322233223223
223223222223223222223223
322233322232332223332223
332223322232333222332223
332223322232233222332223
232223322232323222332223
232223322232223222332223
222332322232322233232223
223222322233222322232223
232223222232223222232223
222233222232322223322223
322223222322223222322223
222332222232222233222223
333233333222333332333332
333323333222333333233332
333323333222323333233332
333332333222333333323332
333332333222323333323332
233332333222332333323332
233332333222322333323332
323332333222323233323332
223332333222332233323332
223332333222322233323332
333232333222323332323332
233322333222332333223332
233322333222322333223332
323222333222333232223332
333333233222333333332332
333333233222323333332332
233333233222332333332332
233333233222322333332332
323333233222333233332332
323333233222323233332332
223333233222332233332332
223333233222322233332332
332333233222333323332332
332333233222323323332332
232333233222332323332332
232333233222322323332332
322333233222333223332332
322333233222323223332332
222333233222332223332332
222333233222322223332332
323233233222333232332332
323233233222323232332332
223233233222332232332332
223233233222322232332332
332233233222333322332332
332233233222323322332332
232233233222332322332332
232233233222322322332332
322233233222333222332332
322233233222323222332332
222233233222332222332332
222233233222322222332332
323323233222333233232332
323323233222323233232332
332332233222333323322332
332332233222323323322332
232332233222332323322332
232332233222322323322332
332233223323233223322332
322332233222323223322332
222332233222332223322332
222332233222322223322332
233232233222322332322332
333333323222333333333232
333333323222323333333232
233333323222332333333232
233333323222322333333232
323333323222333233333232
323333323222323233333232
223333323222332233333232
223333323222322233333232
332333323222333323333232
332333323222323323333232
232333323222332323333232
232333323222322323333232
322333323222333223333232
322333323222323223333232
222333323222332223333232
222333323222322223333232
333233323222333332333232
333233323222323332333232
233233323222332332333232
233233323222322332333232
323233323222333232333232
323233323222323232333232
223233323222332232333232
223233323222322232333232
332233323222333322333232
332233323222323322333232
232233323222332322333232
232233323222322322333232
322233323222333222333232
322233323222323222333232
222233323222332222333232
222233323222322222333232
333323323222333333233232
333323323222323333233232
233323323222332333233232
233323323222322333233232
323323323222333233233232
323323323222323233233232
223323323222332233233232
223323323222322233233232
332323323222333323233232
332323323222323323233232
232323323222332323233232
232323323222322323233232
322323323222333223233232
322323323222323223233232
222323323222332223233232
222323323222322223233232
333223323222333332233232
333223323222323332233232
233223323222332332233232
233223323222322332233232
323223323222333232233232
323223323222323232233232
223223323222332232233232
223223323222322232233232
332223323222333322233232
332223323222323322233232
232223323222322322233232
322223323222333222233232
322223323222323222233232
222223323222332222233232
222223323222322222233232
333332323233233333323232
333332323233223333323232
233332323233232333323232
323232333323232333323232
233332323233222333323232
323332323233233233323232
323332323233223233323232
223332323233232233323232
223332323233222233323232
332332323233233323323232
332332323233223323323232
232332323233222323323232
322332323233233223323232
322332323233223223323232
222332323233232223323232
222332323233222223323232
333322323222333333223232
333322323222323333223232
233322323222332333223232
233322323222322333223232
323322323222333233223232
323322323222323233223232
223322323222332233223232
223322323222322233223232
332322323222333323223232
332322323222323323223232
232322323222332323223232
232322323222322323223232
322322323222333223223232
322322323222323223223232
222322323222332223223232
222322323222322223223232
333222323222333332223232
333222323222323332223232
233222323222332332223232
233222323222322332223232
323222322232322232223232
332222323222333322223232
332222323222323322223232
232222323222332322223232
232222323222322322223232
322222323222333222223232
322222323222323222223232
222222323222332222223232
222222323222322222223232
223233223222332232332232
333323223222333333232232
333323223222323333232232
233323223222332333232232
233323223222322333232232
323323223222333233232232
323323223222323233232232
223323223222332233232232
223323223222322233232232
332323223222333323232232
332323223222323323232232
232323223222332323232232
232323223222322323232232
322323223222333223232232
322323223222323223232232
222323223222332223232232
222323223222322223232232
223223322322322332232232
232232232322233232232232
332223223222333322232232
332223223222323322232232
232223223222332322232232
322223223222333222232232
322223223222323222232232
222223223222332222232232
222223223222322222232232
232223223222322232322232
232223232223222322322232
332223222322233222322232
232232223222323222322232
232322232223223222322232
222322232223322222322232
223222322222322232222232
333322233333322233333322
233322233233322233233322
332223332223233322233322
332223332223223322233322
323322233323322233323322
223322233223322233223322
333222332223233332223322
333222332223223332223322
233222332223232332223322
323222332223233232223322
323222332223223232223322
223222332223232232223322
223322232223322232223322
223222332223222232223322
332322233332322233332322
232322233232322233232322
332232232233233322322322
332232232233223322322322
232232232233232322322322
322232223232223222322322
322322232223232223222322
333333332223333333333222
333333332223233333333222
233333332223323333333222
233333332223223333333222
323333332223332333333222
323333332223232333333222
223333332223322333333222
223333332223222333333222
332333332223333233333222
332333332223233233333222
232333332223323233333222
232333332223223233333222
322333332223332233333222
322333332223232233333222
222333332223322233333222
222333332223222233333222
333233332223333323333222
333233332223233323333222
233233332223323323333222
233233332223223323333222
323233332223332323333222
323233332223232323333222
223233332223322323333222
223233332223222323333222
332233332223333223333222
332233332223233223333222
232233332223323223333222
232233332223223223333222
322233332223232223333222
222233332223322223333222
222233332223222223333222
333323332223333332333222
333323332223233332333222
233323332223323332333222
233323332223223332333222
323323332223332332333222
323323332223232332333222
223323332223322332333222
223323332223222332333222
332323332223333232333222
332323332223233232333222
232323332223323232333222
232323332223223232333222
322323332223332232333222
322323332223232232333222
222323332223322232333222
222323332223222232333222
333223332223333322333222
333223332223233322333222
233223332223323322333222
233223332223223322333222
323223332223332322333222
323223332223232322333222
223223332223322322333222
223223332223222322333222
232223332223323222333222
232223332223223222333222
322223332223332222333222
322223332223232222333222
222223332223322222333222
222223332223222222333222
333332332223333333233222
333332332223233333233222
233332332223323333233222
233332332223223333233222
323332332223332333233222
323332332223232333233222
223332332223322333233222
223332332223222333233222
332332332223333233233222
332332332223233233233222
232332332223323233233222
232332332223223233233222
322332332223332233233222
322332332223232233233222
222332332223322233233222
222332332223222233233222
333232332223333323233222
333232332223233323233222
233232332223323323233222
233232332223223323233222
323232332223332323233222
323232332223232323233222
223232332223322323233222
223232332223222323233222
332232332223333223233222
332232332223233223233222
232232332223323223233222
232232332223223223233222
322232332223332223233222
322232332223232223233222
222232332223322223233222
222232332223222223233222
333322332223333332233222
333322332223233332233222
233322332223323332233222
233322332223223332233222
323322332223332332233222
323322332223232332233222
223322332223322332233222
223322332223222332233222
332322332223333232233222
332322332223233232233222
232322332223323232233222
232322332223223232233222
322322332223332232233222
322322332223232232233222
222322332223222232233222
223222332223222322233222
332222332223333222233222
332222332223233222233222
232222332223323222233222
232222332223223222233222
322222332223332222233222
322222332223232222233222
222222332223322222233222
222222332223222222233222
333333232223333333323222
333333232223233333323222
233333232223323333323222
233333232223223333323222
323333232223332333323222
323333232223232333323222
223333232223322333323222
223333232223222333323222
332333232223333233323222
332333232223233233323222
232333232223323233323222
232333232223223233323222
322333232223332233323222
322333232223232233323222
222333232223322233323222
222333232223222233323222
333233232223333323323222
333233232223233323323222
233233232223323323323222
233233232223223323323222
323233232223332323323222
323233232223232323323222
223233232223322323323222
223233232223222323323222
332233232223333223323222
332233232223233223323222
232233232223323223323222
232233232223223223323222
322233232223332223323222
222233232223322223323222
222233232223222223323222
333323232223333332323222
333323232223233332323222
233323232223323332323222
233323232223223332323222
323323232223332332323222
323323232223232332323222
223323232223322332323222
223323232223222332323222
332323232223333232323222
332323232223233232323222
232323232223323232323222
232323232223223232323222
322323232223332232323222
322323232223232232323222
222323232223322232323222
222323232223222232323222
333223232223333322323222
333223232223233322323222
233223232223323322323222
233223232223223322323222
323223232223332322323222
323223232223232322323222
223223232223322322323222
323222322323222322323222
223223232223222322323222
332223232223333222323222
332223232223233222323222
322223232223332222323222
322223232223232222323222
222223232223322222323222
222223232223222222323222
333332232223333333223222
333332232223233333223222
233332232223323333223222
233332232223223333223222
323332232223332333223222
323332232223232333223222
223332232223322333223222
223332232223222333223222
332332232223333233223222
332332232223233233223222
232332232223323233223222
232332232223223233223222
322332232223332233223222
322332232223232233223222
222332232223322233223222
222332232223222233223222
333232232223333323223222
333232232223233323223222
233232232223323323223222
233232232223223323223222
323232232223332323223222
323232232223232323223222
223232232223322323223222
223232232223222323223222
332232232223333223223222
332232232223233223223222
232232232223323223223222
232232232223223223223222
322232232223332223223222
322232232223232223223222
222232232223322223223222
222232232223222223223222
322232223222332332223222
223222322233222232223222
222232223222332322223222
222232223222332222223222
