323322332332233233
333232332333323233
333232332233323233
233232332223323233
323232332332323233
323232332232323233
223232332322323233
223232332222323233
332232332333223233
332232332233223233
232232332323223233
232232332223223233
322232332332223233
322232332232223233
222232332322223233
222232332222223233
333322332333332233
333322332233332233
233322332323332233
233322332223332233
332322332333232233
232322332323232233
232322332223232233
322322332332232233
223322322332232233
322322332232232233
222322332322232233
222322332222232233
333222332333322233
333222332233322233
233222332323322233
323222332332322233
323222332232322233
223222332322322233
223222332222322233
332222332333222233
332222332233222233
232222332323222233
232222332223222233
322222332332222233
322222332232222233
222222332322222233
222222332222222233
332322333232233323
232332323233232323
322332232332233223
322322332232233223
322332232232233223
322322232223232223
323222322232232223
332333222333323332
322333222333223332
333233222333332332
333233222323332332
233233222322332332
332233222323322332
222233222332222332
333323222333333232
333323222323333232
233323222332333232
233323222322333232
323323222333233232
323323222323233232
223323222332233232
223323222322233232
332323233233323232
332323233223323232
322323222333223232
322323222323223232
222323222332223232
222323222322223232
323223222333232232
323223222323232232
232232322232232232
232223223222322232
332223333222333322
222332223232223322
232223323222332322
223222322233222322
232223232223222322
333332223333333222
333332223233333222
233332223323333222
233332223223333222
323332223332333222
323332223232333222
223332223322333222
223332223222333222
332332223333233222
332332223233233222
232332223323233222
232332223223233222
322332223332233222
322332223232233222
222332223222233222
333232223333323222
333232223233323222
233232223323323222
233232223223323222
323232223332323222
323232223232323222
223232223322323222
232232223222323222
332232223333223222
332232223233223222
232232223323223222
232232223223223222
322232232223223222
232322232223223222
232223222332223222
322232223232223222
