33332323323333323233
32323333232333323233
33332323322333323233
23332323323233323233
23332323322233323233
22332323323223323233
22332323322223323233
33232323323332323233
33232323322332323233
23232323323232323233
23232323322232323233
32232323323322323233
32232323322322323233
22232323323222323233
22232323322222323233
33322323323333223233
22323332232333223233
33322323322333223233
23322323322233223233
32322323323323223233
32322323322323223233
22322323323223223233
22322323322223223233
33222323323332223233
33222323322332223233
23222323323232223233
23222323322232223233
32222323323322223233
32222323322322223233
22222323323222223233
22222323322222223233
33333223323333332233
33223333322333332233
33333223322333332233
23333223323233332233
23333223322233332233
32333223323323332233
32333223322323332233
22333223323223332233
22333223322223332233
33323223323333232233
33323223322333232233
23223332322333232233
23323223323233232233
23323223322233232233
32323223323323232233
32323223322323232233
22323223323223232233
22323223322223232233
33223223323332232233
33223223322332232233
23223322322332232233
23223223323232232233
23223223322232232233
32223223323322232233
32223223322322232233
22223223323222232233
22223223322222232233
33332223323333322233
33332223322333322233
32223333222333322233
23332223323233322233
23332223322233322233
32332223323323322233
32332223322323322233
33222332223223322233
33232223323332322233
33232223322332322233
23232223323232322233
23232223322232322233
32232223323322322233
32232223322322322233
22232223323222322233
22232223322222322233
33322223323333222233
33322223322333222233
22223332222333222233
23322223323233222233
32322223323323222233
32322223322323222233
22322223323223222233
22322223322223222233
33222223323332222233
33222223322332222233
22223322222332222233
23222223323232222233
23222223322232222233
32222223323322222233
32222223322322222233
22222223323222222233
22222223322222222233
23232333232323332323
23233223232332232323
33322333332233333223
32233322323322333223
23322332332233233223
33223322323332233223
23223322323232233223
23223322322232233223
32232232233233223223
33222333322233332223
22233222323222332223
23222332322233232223
22322232223322232223
32222333222233322223
22332222322223322223
23222322223222322223
22222332222233222223
33333233333323333332
33322233333222333332
33233332223333233332
23333232333323233332
33323332223333323332
33323332223233323332
32333233233323323332
22333232233323223332
33332332223333332332
33332332223233332332
33233233323323332332
23332332223323332332
23332332223223332332
32332332223232332332
22332332223322332332
23322233233222332332
22332332223222332332
33232332223233232332
23233232323323232332
23233222323322232332
32233233223323322332
23322332223323322332
22332233233223322332
23322332223223322332
22233232223323222332
33333232223333333232
33333232223233333232
23333232223323333232
33323233332323333232
23333232223223333232
32333232223332333232
32333232223232333232
22333232223322333232
32322233323222333232
22333232223222333232
33233232223333233232
33233232223233233232
23233232223323233232
23323232332323233232
23233232223223233232
32233232223332233232
32233232223232233232
22233232223322233232
23323222332322233232
22233232223222233232
33323232332333323232
33323232332233323232
23323232332223323232
33223232223333223232
33223232223233223232
23223232223323223232
23223232223223223232
32223232223332223232
23222322322232223232
22223232223322223232
22323222232322223232
22223232223222223232
33223233322323332232
33232232223333232232
33232232223233232232
23232232223323232232
23232232223223232232
22323223223232232232
22232232223322232232
23223222322322232232
23222323222322232232
22232232223222232232
23223222322232322232
32223223222322322232
23232223222322322232
23222322233222322232
32223222323222322232
33332233333223333322
23332232333223233322
32332233233223323322
22332232233223223322
32223322232332223322
32223322232232223322
33232233323223332322
23232232323223232322
32232233223223322322
22322322332322322322
32232223222323222322
32322232223223222322
33333322233333333222
33333322232333333222
23333322233233333222
23333322232233333222
32333322233323333222
32333322232323333222
22333322233223333222
22333322232223333222
33233322233332333222
33233322232332333222
23233322233232333222
23233322232232333222
32233322233322333222
32233322232322333222
22233322232222333222
33323322233333233222
33323322232333233222
23323322233233233222
23323322232233233222
32323322233323233222
32323322232323233222
22323322233223233222
22323322232223233222
33223322233332233222
33223322232332233222
23223322233232233222
23223322232232233222
22223322233222233222
22223322232222233222
33332322233333323222
33332322232333323222
23332322233233323222
23332322232233323222
32332322233323323222
32332322232323323222
22332322233223323222
22332322232223323222
33232322233332323222
33232322232332323222
23232322233232323222
23232322232232323222
32232322233322323222
32232322232322323222
22232322233222323222
22232322232222323222
33322322233333223222
33322322232333223222
23322322233233223222
23322322232233223222
32322322233323223222
32322322232323223222
22322322233223223222
22322232223322223222
