3323233233323233
3323233223323233
2323233232323233
2323233222323233
3223233233223233
3223233223223233
2223233232223233
2223233222223233
3332233233332233
3332233223332233
3232233233232233
2233232233232233
3232233223232233
2232233232232233
2232233222232233
3322233233322233
2322233232322233
2322233222322233
3222233233222233
3222233223222233
2222233232222233
2222233222222233
3323233323233323
2322233232223323
2323323232332323
2323222323222323
3223233223233223
2233223232233223
2332223222332223
2322232322232223
3332233332233332
3233322233323332
3323322233332332
3323322232332332
2332232332232332
3332322233333232
3332322232333232
2332322233233232
3232233232233232
2332322232233232
3232323323323232
2232322233223232
2322322232223232
2322322233232232
3222322322232232
2323222322232232
3222322232322232
3223222322232322
3223223322322322
3232223222322322
3333222333333222
3333222323333222
2333222332333222
2333222322333222
3222333222333222
3233222333233222
3233222323233222
2233222332233222
3323222333323222
3323222323323222
2323222332323222
2323222322323222
3223222333223222
3223222323223222
2322232232223222
