3333323323333332332333333233
3332332223333323322233333233
2333323323233332332323333233
2333323322233332332223333233
3233323323323332332332333233
2233323323223332332322333233
2233323322223332332222333233
2323323323232332332323233233
2323323322232332332223233233
3223323323322332332332233233
2332223323322232323322233233
2223323323222332332322233233
2223323322222332332222233233
3333333323233233333333323233
3333333323233223333333323233
2333333323233232333333323233
2333333323233222333333323233
3233333323233233233333323233
3233333323233223233333323233
2233333323233232233333323233
2233333323233222233333323233
3323333323233233323333323233
3323333323233223323333323233
2323333323233232323333323233
2323333323233222323333323233
3223333323233233223333323233
3223333323233223223333323233
2223333323233232223333323233
2223333323233222223333323233
3332333323233233332333323233
3332333323233223332333323233
3332323323333232332333323233
2332333323233232332333323233
2332333323233222332333323233
3232333323233233232333323233
3232333323233223232333323233
2232333323233232232333323233
2232333323233222232333323233
3322333323233233322333323233
3322333323233223322333323233
2322333323233232322333323233
2322333323233222322333323233
3222333323233233222333323233
3222333323233223222333323233
2222333323233232222333323233
2222333323233222222333323233
3333233323233233333233323233
3333233323233223333233323233
2333233323233232333233323233
2333233323233222333233323233
3233233323233233233233323233
3233233323233223233233323233
2233233323233232233233323233
2233233323233222233233323233
3323233323233233323233323233
3323233323233223323233323233
2323233323233232323233323233
2323233323233222323233323233
3223233323233233223233323233
3223233323233223223233323233
2223233323233232223233323233
2223233323233222223233323233
3332233323233233332233323233
3332233323233223332233323233
2332233323233232332233323233
2332233323233222332233323233
3232233323233233232233323233
3232233323233223232233323233
2232233323233232232233323233
2232233323233222232233323233
3322233323233233322233323233
3232332223332323322233323233
3322233323233223322233323233
2322233323233232322233323233
2322233323233222322233323233
3222233323233233222233323233
3222233323233223222233323233
2222233323233232222233323233
2222233323233222222233323233
3333223323233233333223323233
3333223323233223333223323233
2333223323233232333223323233
2333223323233222333223323233
3233223323233233233223323233
3233223323233223233223323233
2233223323233232233223323233
2233223323233222233223323233
3323223323233233323223323233
3323223323233223323223323233
2323223323233232323223323233
2323223323233222323223323233
3223223323233233223223323233
3223223323233223223223323233
2223223323233232223223323233
2223223323233222223223323233
3332223323233233332223323233
3332223323233223332223323233
2332223323233232332223323233
2332323322233232332223323233
2332223323233222332223323233
3232223323233233232223323233
3232223323233223232223323233
2232223323233232232223323233
2232223323233222232223323233
3322223323233233322223323233
3322223323233223322223323233
2322223323233232322223323233
2322223323233222322223323233
3222223323233233222223323233
3222223323233223222223323233
2222223323233232222223323233
2222223323233222222223323233
3333332323233233333332323233
3333332323233223333332323233
2333332323233232333332323233
2333332323233222333332323233
3233332323233233233332323233
3233332323233223233332323233
2233332323233232233332323233
2233332323233222233332323233
3323332323233233323332323233
3323332323233223323332323233
2323332323233232323332323233
2323332323233222323332323233
3223332323233233223332323233
3223332323233223223332323233
2223332323233232223332323233
2223332323233222223332323233
3332332323233233332332323233
3332332323233223332332323233
2332332323233232332332323233
3232323323323232332332323233
2332332323233222332332323233
2232332323233232232332323233
2232332323233222232332323233
3322332323233233322332323233
3322332323233223322332323233
2322332323233232322332323233
2322332323233222322332323233
3222332323233233222332323233
3222332323233223222332323233
2222332323233232222332323233
2222332323233222222332323233
3333232323233233333232323233
3333232323233223333232323233
2333232323233232333232323233
2333232323233222333232323233
3233232323233233233232323233
3233232323233223233232323233
2233232323233232233232323233
2233232323233222233232323233
3323232323233233323232323233
3323232323233223323232323233
2323232323233232323232323233
2323232323233222323232323233
3223232323233233223232323233
3223232323233223223232323233
2223232323233232223232323233
2223232323233222223232323233
3332232323233233332232323233
3332232323233223332232323233
2332232323233232332232323233
2332232323233222332232323233
3232232323233233232232323233
3232232323233223232232323233
2232232323233232232232323233
2232232323233222232232323233
3322232323233233322232323233
3322232323233223322232323233
2322232323233232322232323233
2322232323233222322232323233
3222232323233233222232323233
3222232323233223222232323233
2222232323233232222232323233
2222232323233222222232323233
3333322323233233333322323233
3333322323233223333322323233
2333322323233232333322323233
2333322323233222333322323233
3233322323233233233322323233
3233322323233223233322323233
2233322323233232233322323233
2233322323233222233322323233
3323322323233233323322323233
3323322323233223323322323233
2323322323233222323322323233
3223322323233233223322323233
3223322323233223223322323233
2223322323233232223322323233
2223322323233222223322323233
3332322323233233332322323233
3332322323233223332322323233
2332322323233232332322323233
2232323323223232332322323233
2332322323233222332322323233
3232322323233233232322323233
3232322323233223232322323233
2232322323233232232322323233
2232322323233222232322323233
3322322323233233322322323233
3322322323233223322322323233
2322322323233232322322323233
2322322323233222322322323233
3222322323233233222322323233
3222322323233223222322323233
2222322323233232222322323233
2222322323233222222322323233
3333222323233233333222323233
3333222323233223333222323233
2333222323233232333222323233
2333222323233222333222323233
3233222323233233233222323233
3233222323233223233222323233
2233222323233232233222323233
2233222323233222233222323233
3323222323233233323222323233
3323222323233223323222323233
2323222323233232323222323233
2323222323233222323222323233
3223222323233233223222323233
3223222323233223223222323233
2223222323233232223222323233
2223222323233222223222323233
3332222323233233332222323233
3332222323233223332222323233
2332222323233232332222323233
2232323322223232332222323233
2332222323233222332222323233
3232222323233233232222323233
3232222323233223232222323233
2232222323233232232222323233
2232222323233222232222323233
3322222323233233322222323233
3322222323233223322222323233
2322222323233232322222323233
2322222323233222322222323233
3222222323233233222222323233
3222222323233223222222323233
2222222323233232222222323233
2222222323233222222222323233
3333333223233233333333223233
3333333223233223333333223233
2333333223233232333333223233
2333333223233222333333223233
3233333223233233233333223233
3233333223233223233333223233
2233333223233232233333223233
2233333223233222233333223233
3323333223233233323333223233
3323333223233223323333223233
2323333223233232323333223233
2323333223233222323333223233
3223333223233233223333223233
3223333223233223223333223233
2223333223233232223333223233
2223333223233222223333223233
3332333223233233332333223233
3332333223233223332333223233
2332333223233232332333223233
3322323323332232332333223233
2332333223233222332333223233
3232333223233233232333223233
3232333223233223232333223233
2232333223233232232333223233
2232333223233222232333223233
3322333223233233322333223233
3322333223233223322333223233
2322333223233232322333223233
2322333223233222322333223233
3222333223233233222333223233
3222333223233223222333223233
2222333223233232222333223233
2222333223233222222333223233
3333233223233233333233223233
3333233223233223333233223233
2333233223233232333233223233
2333233223233222333233223233
3233233223233233233233223233
2233233223233232233233223233
2233233223233222233233223233
3332233223233233332233223233
3332233223233223332233223233
2332233223233232332233223233
2332233223233222332233223233
3232233223233233232233223233
3232233223233223232233223233
2232233223233232232233223233
2232233223233222232233223233
3322233223233233322233223233
2232332223322323322233223233
3322233223233223322233223233
2322233223233232322233223233
2322233223233222322233223233
3222233223233233222233223233
3222233223233223222233223233
2222233223233232222233223233
2222233223233222222233223233
3333323223233233333323223233
3333323223233223333323223233
2333323223233232333323223233
2333323223233222333323223233
3233323223233233233323223233
3233323223233223233323223233
2233323223233232233323223233
2233323223233222233323223233
3323323223233233323323223233
3323323223233223323323223233
2323323223233232323323223233
2323323223233222323323223233
3223323223233233223323223233
3223323223233223223323223233
2223323223233232223323223233
2223323223233222223323223233
3332323223233233332323223233
3332323223233223332323223233
2332323223233232332323223233
2322323323232232332323223233
2332323223233222332323223233
3232323223233233232323223233
3232323223233223232323223233
2232323223233232232323223233
2232323223233222232323223233
3322323223233233322323223233
3322323223233223322323223233
2322323223233232322323223233
2322323223233222322323223233
3222323223233233222323223233
3222323223233223222323223233
2222323223233232222323223233
2222323223233222222323223233
3333223223233233333223223233
3333223223233223333223223233
2333223223233232333223223233
2333223223233222333223223233
3233223223233233233223223233
3233223223233223233223223233
2233223223233232233223223233
2233223223233222233223223233
3323223223233233323223223233
3323223223233223323223223233
2323223223233232323223223233
2323223223233222323223223233
3223223223233233223223223233
3223223223233223223223223233
2223223223233232223223223233
2223223223233222223223223233
3332223223233233332223223233
3332223223233223332223223233
2332223223233232332223223233
2322323322232232332223223233
2332223223233222332223223233
3232223223233233232223223233
3232223223233223232223223233
2232223223233232232223223233
2232223223233222232223223233
3322223223233233322223223233
3322223223233223322223223233
2322223223233232322223223233
2322223223233222322223223233
3222223223233233222223223233
3222223223233223222223223233
2222223223233232222223223233
2222223223233222222223223233
3333332223233233333332223233
3333332223233223333332223233
2333332223233232333332223233
2333332223233222333332223233
3233332223233233233332223233
3233332223233223233332223233
2233332223233232233332223233
2233332223233222233332223233
3323332223233233323332223233
3323332223233223323332223233
2323332223233232323332223233
2323332223233222323332223233
3223332223233233223332223233
3223332223233223223332223233
2223332223233232223332223233
2223332223233222223332223233
3332332223233233332332223233
3332332223233223332332223233
2332332223233232332332223233
2332332223233222332332223233
3232332223233233232332223233
3232332223233223232332223233
3322332223233233322332223233
3322332223233223322332223233
2322332223233232322332223233
2322332223233222322332223233
3222332223233233222332223233
3222332223233223222332223233
2222332223233232222332223233
2222332223233222222332223233
3333232223233233333232223233
3333232223233223333232223233
2333232223233232333232223233
2333232223233222333232223233
3233232223233233233232223233
3233232223233223233232223233
2233232223233232233232223233
2233232223233222233232223233
3323232223233233323232223233
3323232223233223323232223233
2323232223233232323232223233
2323232223233222323232223233
3223232223233233223232223233
3223232223233223223232223233
2223232223233232223232223233
2223232223233222223232223233
3332232223233233332232223233
3332232223233223332232223233
2332232223233232332232223233
2332232223233222332232223233
3232232223233233232232223233
3232232223233223232232223233
2232232223233232232232223233
2232232223233222232232223233
3322232223233233322232223233
3322232223233223322232223233
2322232223233232322232223233
2322232223233222322232223233
3222232223233233222232223233
3222232223233223222232223233
2222232223233232222232223233
2222232223233222222232223233
3333322223233233333322223233
3333322223233223333322223233
2333322223233232333322223233
2333322223233222333322223233
3233322223233233233322223233
3233322223233223233322223233
2233322223233232233322223233
2233322223233222233322223233
3323322223233233323322223233
3323322223233223323322223233
2323322223233232323322223233
3223322223233233223322223233
3223322223233223223322223233
2223322223233232223322223233
2223322223233222223322223233
3332322223233233332322223233
3332322223233223332322223233
2332322223233232332322223233
2222323323222232332322223233
2332322223233222332322223233
3232322223233233232322223233
3232322223233223232322223233
2232322223233232232322223233
2232322223233222232322223233
3322322223233233322322223233
3322322223233223322322223233
2322322223233232322322223233
2322322223233222322322223233
3222322223233233222322223233
3222322223233223222322223233
2222322223233232222322223233
2222322223233222222322223233
3333222223233233333222223233
3333222223233223333222223233
2333222223233232333222223233
2333222223233222333222223233
3233222223233233233222223233
3233222223233223233222223233
2233222223233232233222223233
2233222223233222233222223233
3323222223233233323222223233
3323222223233223323222223233
2323222223233232323222223233
2323222223233222323222223233
3223222223233233223222223233
3223222223233223223222223233
2223222223233232223222223233
2223222223233222223222223233
3332222223233233332222223233
3332222223233223332222223233
2332222223233232332222223233
2222323322222232332222223233
2332222223233222332222223233
3232222223233233232222223233
3232222223233223232222223233
2232222223233232232222223233
2232222223233222232222223233
3322222223233233322222223233
3322222223233223322222223233
2322222223233232322222223233
2322222223233222322222223233
3222222223233233222222223233
3222222223233223222222223233
2222222223233232222222223233
2222222223233222222222223233
3333333332233233333333332233
3333333332233223333333332233
2333333332233232333333332233
2333333332233222333333332233
3233333332233233233333332233
3233333332233223233333332233
2233333332233232233333332233
2233333332233222233333332233
3323333332233233323333332233
3323333332233223323333332233
2323333332233232323333332233
2323333332233222323333332233
3223333332233233223333332233
3223333332233223223333332233
2223333332233232223333332233
2223333332233222223333332233
3332333332233233332333332233
3332333332233223332333332233
2332333332233232332333332233
3333223323333322332333332233
2332333332233222332333332233
3232333332233233232333332233
3232333332233223232333332233
2232333332233232232333332233
2232333332233222232333332233
3322333332233233322333332233
3322333332233223322333332233
2322333332233232322333332233
2322333332233222322333332233
3222333332233233222333332233
3222333332233223222333332233
2222333332233232222333332233
2222333332233222222333332233
3333233332233233333233332233
3333233332233223333233332233
2333233332233232333233332233
2333233332233222333233332233
3233233332233233233233332233
3233233332233223233233332233
2233233332233232233233332233
2233233332233222233233332233
3323233332233233323233332233
3323233332233223323233332233
2323233332233232323233332233
2323233332233222323233332233
3223233332233233223233332233
3223233332233223223233332233
2223233332233232223233332233
2223233332233222223233332233
3332233332233233332233332233
3332233332233223332233332233
2332233332233232332233332233
2332233332233222332233332233
3232233332233233232233332233
3232233332233223232233332233
2232233332233232232233332233
2232233332233222232233332233
3322233332233233322233332233
3322332223333223322233332233
3322233332233223322233332233
2322233332233232322233332233
2322233332233222322233332233
3222233332233233222233332233
3222233332233223222233332233
2222233332233232222233332233
2222233332233222222233332233
3333323332233233333323332233
3333323332233223333323332233
2333323332233232333323332233
2333323332233222333323332233
3233323332233233233323332233
3233323332233223233323332233
2233323332233232233323332233
2233323332233222233323332233
3323323332233233323323332233
3323323332233223323323332233
2323323332233232323323332233
2323323332233222323323332233
3223323332233233223323332233
3223323332233223223323332233
2223323332233232223323332233
2223323332233222223323332233
3332323332233233332323332233
3332323332233223332323332233
2332323332233232332323332233
2333223323233322332323332233
2332323332233222332323332233
3232323332233233232323332233
3232323332233223232323332233
2232323332233232232323332233
2232323332233222232323332233
3322323332233233322323332233
3322323332233223322323332233
2322323332233232322323332233
2322323332233222322323332233
3222323332233233222323332233
3222323332233223222323332233
2222323332233232222323332233
2222323332233222222323332233
3333223332233233333223332233
3333223332233223333223332233
2333223332233232333223332233
2333223332233222333223332233
3233223332233233233223332233
3233223332233223233223332233
2233223332233232233223332233
2233223332233222233223332233
3323223332233233323223332233
3323223332233223323223332233
2323223332233232323223332233
2323223332233222323223332233
3223223332233233223223332233
3223223332233223223223332233
2223223332233232223223332233
2223223332233222223223332233
3332223332233233332223332233
3332223332233223332223332233
2332223332233232332223332233
2332223332233222332223332233
3232223332233233232223332233
3232223332233223232223332233
2232223332233232232223332233
2232223332233222232223332233
3322223332233233322223332233
3322223332233223322223332233
2322223332233232322223332233
2322223332233222322223332233
3222223332233233222223332233
3222223332233223222223332233
2222223332233232222223332233
2222223332233222222223332233
3233223323323322332332332233
2233223323223322332322332233
3322233223322232233222332233
3333333232233233333333232233
3333333232233223333333232233
2333333232233232333333232233
2333333232233222333333232233
3233333232233233233333232233
3233333232233223233333232233
2233333232233232233333232233
2233333232233222233333232233
3323333232233233323333232233
3323333232233223323333232233
2323333232233232323333232233
2323333232233222323333232233
3223333232233233223333232233
3223333232233223223333232233
2223333232233232223333232233
2223333232233222223333232233
3332333232233233332333232233
3332333232233223332333232233
2332333232233232332333232233
3323223323332322332333232233
2332333232233222332333232233
3232333232233233232333232233
3232333232233223232333232233
2232333232233232232333232233
2232333232233222232333232233
3322333232233233322333232233
3322333232233223322333232233
2322333232233232322333232233
2322333232233222322333232233
3222333232233233222333232233
3222333232233223222333232233
2222333232233232222333232233
2222333232233222222333232233
3333233232233233333233232233
3333233232233223333233232233
2333233232233232333233232233
2333233232233222333233232233
3233233232233233233233232233
3233233232233223233233232233
2233233232233222233233232233
3323233232233233323233232233
3323233232233223323233232233
2323233232233232323233232233
2323233232233222323233232233
3223233232233233223233232233
3223233232233223223233232233
2223233232233232223233232233
2223233232233222223233232233
3322233232233233322233232233
3322233232233223322233232233
2322332223323223322233232233
2322233232233232322233232233
2322233232233222322233232233
3222233232233233222233232233
3222233232233223222233232233
2222233232233232222233232233
2222233232233222222233232233
3333323232233233333323232233
3333323232233223333323232233
2333323232233232333323232233
2333323232233222333323232233
3233323232233233233323232233
3233323232233223233323232233
2233323232233232233323232233
2233323232233222233323232233
3323323232233233323323232233
3323323232233223323323232233
2323323232233232323323232233
2323323232233222323323232233
3223323232233233223323232233
3223323232233223223323232233
2223323232233232223323232233
2223323232233222223323232233
3332323232233233332323232233
3332323232233223332323232233
2332323232233232332323232233
2323223323232322332323232233
2332323232233222332323232233
3232323232233233232323232233
3232323232233223232323232233
2232323232233232232323232233
2232323232233222232323232233
3322323232233233322323232233
3322323232233223322323232233
2322323232233232322323232233
2322323232233222322323232233
3222323232233233222323232233
3222323232233223222323232233
2222323232233232222323232233
2222323232233222222323232233
3333223232233233333223232233
3333223232233223333223232233
2333223232233232333223232233
2333223232233222333223232233
3233223232233233233223232233
3233223232233223233223232233
2233223232233232233223232233
2233223232233222233223232233
3323223232233233323223232233
3323223232233223323223232233
2323223232233232323223232233
2323223232233222323223232233
3223223232233233223223232233
3223223232233223223223232233
2223223232233232223223232233
2223223232233222223223232233
3332223232233233332223232233
3332223232233223332223232233
2332223232233232332223232233
2332223232233222332223232233
3232223232233233232223232233
3232223232233223232223232233
2232223232233232232223232233
2232223232233222232223232233
3322223232233233322223232233
3322223232233223322223232233
2322223232233232322223232233
2322223232233222322223232233
3222223232233233222223232233
3222223232233223222223232233
2222223232233232222223232233
2222223232233222222223232233
3333332232233233333332232233
3333332232233223333332232233
2333332232233232333332232233
2333332232233222333332232233
3233332232233233233332232233
3233332232233223233332232233
2233332232233232233332232233
2233332232233222233332232233
3323332232233233323332232233
3323332232233223323332232233
2323332232233232323332232233
2323332232233222323332232233
3223332232233233223332232233
3223332232233223223332232233
2223332232233232223332232233
2223332232233222223332232233
3332332232233233332332232233
3332332232233223332332232233
2332332232233232332332232233
3223223323322322332332232233
2332332232233222332332232233
3232332232233233232332232233
3232332232233223232332232233
2232332232233232232332232233
2232332232233222232332232233
3322332232233233322332232233
3322332232233223322332232233
3222332232233233222332232233
3222332232233223222332232233
2222332232233232222332232233
2222332232233222222332232233
3333232232233233333232232233
3333232232233223333232232233
2333232232233232333232232233
2333232232233222333232232233
3233232232233233233232232233
3233232232233223233232232233
2233232232233232233232232233
2233232232233222233232232233
3323232232233233323232232233
3323232232233223323232232233
2323232232233232323232232233
2323232232233222323232232233
3223232232233233223232232233
3223232232233223223232232233
2223232232233232223232232233
2223232232233222223232232233
3332232232233233332232232233
3332232232233223332232232233
2332232232233232332232232233
2332232232233222332232232233
3232232232233233232232232233
3232232232233223232232232233
2232232232233232232232232233
2232232232233222232232232233
3322232232233233322232232233
3322232232233223322232232233
2322232232233232322232232233
2322232232233222322232232233
3222232232233233222232232233
3222232232233223222232232233
2222232232233232222232232233
2222232232233222222232232233
3333322232233233333322232233
3333322232233223333322232233
2333322232233232333322232233
2333322232233222333322232233
3233322232233233233322232233
3233322232233223233322232233
2233322232233232233322232233
2233322232233222233322232233
3323322232233233323322232233
3323322232233223323322232233
2323322232233232323322232233
2323322232233222323322232233
3223322232233233223322232233
2223322232233232223322232233
2223322232233222223322232233
3332322232233233332322232233
3332322232233223332322232233
2332322232233232332322232233
2223223323222322332322232233
2332322232233222332322232233
3232322232233233232322232233
3232322232233223232322232233
2232322232233232232322232233
2232322232233222232322232233
3322322232233233322322232233
3322322232233223322322232233
2322322232233232322322232233
2322322232233222322322232233
3222322232233233222322232233
3222322232233223222322232233
2222322232233232222322232233
2222322232233222222322232233
3333222232233233333222232233
3333222232233223333222232233
2333222232233232333222232233
2333222232233222333222232233
3233222232233233233222232233
3233222232233223233222232233
2233222232233232233222232233
2233222232233222233222232233
3323222232233233323222232233
3323222232233223323222232233
2323222232233232323222232233
2323222232233222323222232233
3223222232233233223222232233
3223222232233223223222232233
2223222232233232223222232233
2223222232233222223222232233
3332222232233233332222232233
3332222232233223332222232233
2332222232233232332222232233
2332222232233222332222232233
3232222232233233232222232233
3232222232233223232222232233
2232222232233232232222232233
2232222232233222232222232233
3322222232233233322222232233
3322222232233223322222232233
2322222232233232322222232233
2322222232233222322222232233
3222222232233233222222232233
3222222232233223222222232233
2222222232233232222222232233
2222222232233222222222232233
3333333322233233333333322233
3333333322233223333333322233
2333333322233232333333322233
2333333322233222333333322233
3233333322233233233333322233
3233333322233223233333322233
2233333322233232233333322233
2233333322233222233333322233
3323333322233233323333322233
3323333322233223323333322233
2323333322233232323333322233
2323333322233222323333322233
3223333322233233223333322233
3223333322233223223333322233
2223333322233232223333322233
2223333322233222223333322233
3332333322233233332333322233
3332333322233223332333322233
2332333322233232332333322233
3332223323333222332333322233
2332333322233222332333322233
3232333322233233232333322233
3232333322233223232333322233
2232333322233232232333322233
2232333322233222232333322233
3322333322233233322333322233
3322333322233223322333322233
2322333322233232322333322233
2322333322233222322333322233
3222333322233233222333322233
3222333322233223222333322233
2222333322233232222333322233
2222333322233222222333322233
3333233322233233333233322233
3333233322233223333233322233
2333233322233232333233322233
2333233322233222333233322233
3233233322233233233233322233
3233233322233223233233322233
2233233322233232233233322233
2233233322233222233233322233
3323233322233233323233322233
3323233322233223323233322233
2323233322233232323233322233
2323233322233222323233322233
3223233322233233223233322233
3223233322233223223233322233
2223233322233232223233322233
2223233322233222223233322233
3332233322233233332233322233
3332233322233223332233322233
2332233322233232332233322233
2332233322233222332233322233
3232233322233233232233322233
3232233322233223232233322233
2232233322233232232233322233
2232233322233222232233322233
3322233322233233322233322233
3322233322233223322233322233
3222332223332223322233322233
2322233322233232322233322233
2322233322233222322233322233
3222233322233233222233322233
3222233322233223222233322233
2222233322233232222233322233
2222233322233222222233322233
3333323322233233333323322233
3333323322233223333323322233
2333323322233232333323322233
2333323322233222333323322233
3233323322233233233323322233
3233323322233223233323322233
2233323322233232233323322233
2233323322233222233323322233
3323323322233233323323322233
3323323322233223323323322233
2323323322233232323323322233
2323323322233222323323322233
3223323322233233223323322233
3223323322233223223323322233
2223323322233232223323322233
2223323322233222223323322233
3332323322233233332323322233
3332323322233223332323322233
2332323322233232332323322233
2332223323233222332323322233
2332323322233222332323322233
3232323322233233232323322233
3232323322233223232323322233
2232323322233232232323322233
2232323322233222232323322233
3322323322233233322323322233
3322323322233223322323322233
2322323322233232322323322233
2322323322233222322323322233
3222323322233233222323322233
3222323322233223222323322233
2222323322233232222323322233
2222323322233222222323322233
3322332223322232333223322233
3322332223322232233223322233
2322332223322232323223322233
2322332223322232223223322233
3322233222332232332223322233
2222332223322232322223322233
2222332223322232222223322233
3333332322233233333332322233
3333332322233223333332322233
2333332322233232333332322233
2333332322233222333332322233
3233332322233233233332322233
3233332322233223233332322233
2233332322233232233332322233
2233332322233222233332322233
3323332322233233323332322233
3323332322233223323332322233
2323332322233232323332322233
2323332322233222323332322233
3223332322233233223332322233
3223332322233223223332322233
2223332322233232223332322233
2223332322233222223332322233
3332332322233233332332322233
3332332322233223332332322233
2332332322233232332332322233
2332332322233222332332322233
3232223323323222332332322233
3232332322233233232332322233
3232332322233223232332322233
2232332322233232232332322233
2232332322233222232332322233
3322332322233233322332322233
3322332322233223322332322233
2322332322233232322332322233
2322332322233222322332322233
2222332322233232222332322233
2222332322233222222332322233
3333232322233233333232322233
3333232322233223333232322233
2333232322233232333232322233
2333232322233222333232322233
3233232322233233233232322233
3233232322233223233232322233
2233232322233232233232322233
2233232322233222233232322233
3323232322233233323232322233
3323232322233223323232322233
2323232322233232323232322233
2323232322233222323232322233
3223232322233233223232322233
3223232322233223223232322233
2223232322233232223232322233
2223232322233222223232322233
3332232322233233332232322233
3332232322233223332232322233
2332232322233232332232322233
2332232322233222332232322233
3232232322233233232232322233
3232232322233223232232322233
2232232322233232232232322233
2232232322233222232232322233
3322232322233233322232322233
3322232322233223322232322233
3222332223232223322232322233
2322232322233232322232322233
2322232322233222322232322233
3222232322233233222232322233
3222232322233223222232322233
2222232322233232222232322233
2222232322233222222232322233
3333322322233233333322322233
3333322322233223333322322233
2333322322233232333322322233
2333322322233222333322322233
3233322322233233233322322233
3233322322233223233322322233
2233322322233232233322322233
2233322322233222233322322233
3323322322233233323322322233
3323322322233223323322322233
2323322322233232323322322233
2323322322233222323322322233
3223322322233233223322322233
3223322322233223223322322233
2332232223322232223322322233
2223322322233222223322322233
3332322322233233332322322233
3332322322233223332322322233
2332322322233232332322322233
2332322322233222332322322233
2232223323223222332322322233
3232322322233233232322322233
3232322322233223232322322233
2232322322233232232322322233
2232322322233222232322322233
3322322322233233322322322233
3322322322233223322322322233
2322322322233232322322322233
2322322322233222322322322233
3222322322233233222322322233
3222322322233223222322322233
2222322322233232222322322233
2222322322233222222322322233
3333222322233233333222322233
3333222322233223333222322233
2333222322233232333222322233
2333222322233222333222322233
3233222322233233233222322233
3233222322233223233222322233
2233222322233232233222322233
2233222322233222233222322233
3323222322233233323222322233
3323222322233223323222322233
2323222322233232323222322233
2323222322233222323222322233
3223222322233233223222322233
3223222322233223223222322233
3322232223222332223222322233
2223222322233232223222322233
2223222322233222223222322233
3332222322233233332222322233
3332222322233223332222322233
2332222322233232332222322233
2332222322233222332222322233
3232222322233233232222322233
3232222322233223232222322233
2232222322233232232222322233
2232222322233222232222322233
3322222322233233322222322233
3322222322233223322222322233
2322222322233232322222322233
2322222322233222322222322233
3222222322233233222222322233
3222222322233223222222322233
2222222322233232222222322233
2222222322233222222222322233
3333333222233233333333222233
3333333222233223333333222233
2333333222233232333333222233
2333333222233222333333222233
3233333222233233233333222233
3233333222233223233333222233
2233333222233232233333222233
2233333222233222233333222233
3323333222233233323333222233
3323333222233223323333222233
2323333222233232323333222233
2323333222233222323333222233
3223333222233233223333222233
3223333222233223223333222233
2223333222233232223333222233
2223333222233222223333222233
3332333222233233332333222233
3332333222233223332333222233
2332333222233232332333222233
2332333222233222332333222233
3322223323332222332333222233
3232333222233233232333222233
3232333222233223232333222233
2232333222233232232333222233
2232333222233222232333222233
3322333222233233322333222233
3322333222233223322333222233
2322333222233232322333222233
2322333222233222322333222233
3222333222233233222333222233
3222333222233223222333222233
2222333222233232222333222233
2222333222233222222333222233
3333233222233233333233222233
3333233222233223333233222233
2333233222233232333233222233
2333233222233222333233222233
3233233222233233233233222233
3233233222233223233233222233
2233233222233232233233222233
3323233222233233323233222233
3323233222233223323233222233
2323233222233232323233222233
2323233222233222323233222233
3223233222233233223233222233
3223233222233223223233222233
2223233222233232223233222233
2223233222233222223233222233
3332233222233233332233222233
3332233222233223332233222233
2332233222233232332233222233
2332233222233222332233222233
3232233222233233232233222233
3232233222233223232233222233
2232233222233232232233222233
2232233222233222232233222233
2222332223322223322233222233
2222332222332233222233222233
3333323222233233333323222233
3333323222233223333323222233
2333323222233232333323222233
2333323222233222333323222233
3233323222233233233323222233
3233323222233223233323222233
2233323222233232233323222233
2233323222233222233323222233
3323323222233233323323222233
3323323222233223323323222233
2323323222233232323323222233
2323323222233222323323222233
3223323222233233223323222233
3223323222233223223323222233
2223323222233232223323222233
2223323222233222223323222233
3332323222233233332323222233
3332323222233223332323222233
2332323222233232332323222233
2332323222233222332323222233
2322223323232222332323222233
3232323222233233232323222233
3232323222233223232323222233
2232323222233232232323222233
2232323222233222232323222233
3322323222233233322323222233
3322323222233223322323222233
2322323222233232322323222233
2322323222233222322323222233
3222323222233233222323222233
3222323222233223222323222233
2222323222233232222323222233
2222323222233222222323222233
3333223222233233333223222233
3333223222233223333223222233
2333223222233232333223222233
2333223222233222333223222233
3233223222233233233223222233
3233223222233223233223222233
2233223222233232233223222233
2233223222233222233223222233
3323223222233233323223222233
3323223222233223323223222233
2323223222233232323223222233
2323223222233222323223222233
3223223222233233223223222233
3223223222233223223223222233
2223223222233232223223222233
2223223222233222223223222233
3332223222233233332223222233
3332223222233223332223222233
2332223222233232332223222233
2332223222233222332223222233
3232223222233233232223222233
3232223222233223232223222233
2232223222233232232223222233
2232223222233222232223222233
3322223222233233322223222233
3322223222233223322223222233
2322223222233232322223222233
2322223222233222322223222233
3222223222233233222223222233
3222223222233223222223222233
2222223222233232222223222233
2222223222233222222223222233
3333332222233233333332222233
3333332222233223333332222233
2333332222233232333332222233
2333332222233222333332222233
3233332222233233233332222233
3233332222233223233332222233
2233332222233232233332222233
2233332222233222233332222233
3323332222233233323332222233
3323332222233223323332222233
2323332222233232323332222233
2323332222233222323332222233
3223332222233233223332222233
3223332222233223223332222233
2223332222233232223332222233
2223332222233222223332222233
3332332222233233332332222233
3332332222233223332332222233
2332332222233232332332222233
2332332222233222332332222233
3222223323322222332332222233
3232332222233233232332222233
3232332222233223232332222233
2232332222233232232332222233
2232332222233222232332222233
3322332222233233322332222233
3322332222233223322332222233
2322332222233232322332222233
2322332222233222322332222233
3222332222233233222332222233
3222332222233223222332222233
3333232222233233333232222233
3333232222233223333232222233
2333232222233232333232222233
2333232222233222333232222233
3233232222233233233232222233
3233232222233223233232222233
2233232222233232233232222233
2233232222233222233232222233
3323232222233233323232222233
3323232222233223323232222233
2323232222233232323232222233
2323232222233222323232222233
3223232222233233223232222233
3223232222233223223232222233
2223232222233232223232222233
2223232222233222223232222233
3332232222233233332232222233
3332232222233223332232222233
2332232222233232332232222233
2332232222233222332232222233
3232232222233233232232222233
3232232222233223232232222233
2232232222233232232232222233
2232232222233222232232222233
3322232222233233322232222233
3322232222233223322232222233
2322232222233232322232222233
2322232222233222322232222233
3222232222233233222232222233
3222232222233223222232222233
2222232222233232222232222233
2222232222233222222232222233
3333322222233233333322222233
3333322222233223333322222233
2333322222233232333322222233
2333322222233222333322222233
3233322222233233233322222233
3233322222233223233322222233
2233322222233232233322222233
2233322222233222233322222233
3323322222233233323322222233
3323322222233223323322222233
2323322222233232323322222233
2323322222233222323322222233
3223322222233233223322222233
3223322222233223223322222233
2223322222233232223322222233
3332322222233233332322222233
3332322222233223332322222233
2332322222233232332322222233
2332322222233222332322222233
2222223323222222332322222233
3232322222233233232322222233
3232322222233223232322222233
2232322222233232232322222233
2232322222233222232322222233
3322322222233233322322222233
3322322222233223322322222233
2322322222233232322322222233
2322322222233222322322222233
3222322222233233222322222233
3222322222233223222322222233
2222322222233232222322222233
2222322222233222222322222233
3333222222233233333222222233
3333222222233223333222222233
2333222222233232333222222233
2333222222233222333222222233
3233222222233233233222222233
3233222222233223233222222233
2233222222233232233222222233
2233222222233222233222222233
3323222222233233323222222233
3323222222233223323222222233
2323222222233232323222222233
2323222222233222323222222233
3223222222233233223222222233
3223222222233223223222222233
2223222222233232223222222233
2223222222233222223222222233
3332222222233233332222222233
3332222222233223332222222233
2332222222233232332222222233
2332222222233222332222222233
3232222222233233232222222233
3232222222233223232222222233
2232222222233232232222222233
2232222222233222232222222233
3322222222233233322222222233
3322222222233223322222222233
2322222222233232322222222233
2322222222233222322222222233
3222222222233233222222222233
3222222222233223222222222233
2222222222233232222222222233
2222222222233222222222222233
3333332323333333232333333323
3333232223333332322233333323
2333332322233333232223333323
3233332323323333232332333323
3233332322323333232232333323
2233332322223333232222333323
3323332323332333232333233323
2333232223323332322233233323
2323332322232333232223233323
3223332323322333232332233323
3223332322322333232232233323
2223332322222333232222233323
3332332323333233232333323323
3233232223332332322233323323
2332332322233233232223323323
3232332322323233232232323323
2232332323223233232322323323
2232332322223233232222323323
3322332323332233232333223323
2233232223322332322233223323
2322332322232233232223223323
3222332323322233232332223323
3222332322322233232232223323
2222332322222233232222223323
3323232332333232323323332323
3232332323233222333232332323
3232332323233222323232332323
2323233222332323233222332323
3323232333332323233333232323
2323323232332223323233232323
3223232333322323233332232323
3233223232332223232332232323
2223232333222323233322232323
3332232323333223232333322323
3223232223332232322233322323
2332232323233223232323322323
2332232322233223232223322323
3232232323323223232332322323
3322232323332223232333222323
2322232322232223232223222323
3222232323322223232332222323
2222232322222223232222222323
3333322323333332232333333223
3332233333223233332233333223
3333223333223233333223333223
3333223333223223333223333223
2333223333223232333223333223
2333223333223222333223333223
3233322323323332232332333223
3322332333223233322332333223
3233322322323332232232333223
3333322333223233333322333223
3333322333223223333322333223
2333322333223232333322333223
2333322333223222333322333223
3233322333223233233322333223
3233322333223223233322333223
2233322333223232233322333223
2233322333223222233322333223
3323322333223233323322333223
3323322333223223323322333223
2323322333223232323322333223
2323322333223222323322333223
3223322333223233223322333223
3223322333223223223322333223
2223322333223232223322333223
2223322333223222223322333223
3323322323332332232333233223
2332233233223232332233233223
2323322323232332232323233223
3333332233223233333332233223
3333332233223223333332233223
2333332233223232333332233223
2333332233223222333332233223
3233332233223233233332233223
3233332233223223233332233223
2233332233223232233332233223
2233332233223222233332233223
3323332233223233323332233223
3323332233223223323332233223
2323332233223232323332233223
2323332233223222323332233223
3223332233223233223332233223
3223332233223223223332233223
2223332233223232223332233223
2223332233223222223332233223
3332332233223233332332233223
3332332233223223332332233223
2332332233223232332332233223
2332332233223222332332233223
3232332233223233232332233223
3232332233223223232332233223
3223322323322332232332233223
2232332233223232232332233223
2232332233223222232332233223
3222332233223233222332233223
3222332233223223222332233223
2222332233223232222332233223
2222332233223222222332233223
3333232233223233333232233223
3333232233223223333232233223
2333232233223232333232233223
2333232233223222333232233223
3233232233223233233232233223
3233232233223223233232233223
2233232233223232233232233223
2233232233223222233232233223
3323232233223233323232233223
3323232233223223323232233223
2323232233223232323232233223
2323232233223222323232233223
3223232233223233223232233223
3223232233223223223232233223
2223232233223232223232233223
2223232233223222223232233223
3332232233223233332232233223
3332232233223223332232233223
3232232233223233232232233223
3232232233223223232232233223
2232232233223232232232233223
2232232233223222232232233223
3322232233223233322232233223
3322232233223223322232233223
2322232233223232322232233223
2322232233223222322232233223
3222232233223233222232233223
3222232233223223222232233223
2222232233223232222232233223
2222232233223222222232233223
3332322323333232232333323223
3232322323323232232332323223
3232322322323232232232323223
3333322322322332333333223223
3333322322322332233333223223
2333322322322332323333223223
2333322322322332223333223223
3233322322322332332333223223
3233322322322332232333223223
3322322323332232232333223223
2233322322322332322333223223
2232232233322322322333223223
2233322322322332222333223223
3323322322322332333233223223
3323322322322332233233223223
2323322322322332323233223223
2323322322322332223233223223
3223322322322332332233223223
2223322322322332322233223223
2223322322322332222233223223
2322322332232232233223223223
3222322323322232232332223223
3222322322322232232232223223
2222322322222232232222223223
3322233332223233322233332223
3332223332223233332223332223
3332223332223223332223332223
2332223332223232332223332223
2332223332223222332223332223
3222332332223233222332332223
3233222322323322232232332223
3333222332223233333222332223
3333222332223223333222332223
2333222332223232333222332223
2333222332223222333222332223
3233222332223233233222332223
3233222332223223233222332223
2233222332223232233222332223
2233222332223222233222332223
3323222332223233323222332223
3323222332223223323222332223
2323222332223232323222332223
2323222332223222323222332223
3223222332223233223222332223
3223222332223223223222332223
2223222332223232223222332223
2223222332223222223222332223
3323222322332322232233232223
2322233232223232322233232223
2323222322232322232223232223
3232223222322322232223232223
3223222322322322232232232223
3222233322223233222233322223
3322223322223233322223322223
3322223322223223322223322223
2322223322223232322223322223
2322223322223222322223322223
2222332322223232222332322223
3232222322323222232232322223
2222233222223232222233222223
2222332222223222222332222223
3222222322322222232232222223
3333333223333333322333333332
3333233333322233333323333332
2333333223233333322323333332
3333323333322233333332333332
3333323333322232333332333332
3233333223323333322332333332
2233333223223333322322333332
3333332333322233333333233332
3333332333322232333333233332
2333332333322233233333233332
2333332333322232233333233332
3233332333322233323333233332
3233332333322232323333233332
2233332333322233223333233332
2233332333322232223333233332
3323333223332333322333233332
3333232333322232333323233332
2323333223232333322323233332
2333322333322233233332233332
2333322333322232233332233332
3223333223322333322332233332
3323222333322233332322233332
2223333223222333322322233332
3333333233322233333333323332
3333333233322232333333323332
2333333233322233233333323332
2333333233322232233333323332
3233333233322233323333323332
3233333233322232323333323332
2233333233322233223333323332
2233333233322232223333323332
3323333233322233332333323332
3323333233322232332333323332
2323333233322233232333323332
2323333233322232232333323332
3332333223333233322333323332
3223333233322233322333323332
3223333233322232322333323332
2223333233322233222333323332
2223333233322232222333323332
2332333233322233233233323332
2332333233322232233233323332
3232333233322233323233323332
3232333233322232323233323332
2232333233322233223233323332
2232333233322232223233323332
3322333233322233332233323332
3322333233322232332233323332
2322333233322233232233323332
2322333233322232232233323332
3222333233322233322233323332
3222333233322232322233323332
2222333233322233222233323332
2222333233322232222233323332
2333233233322233233323323332
2332333223233233322323323332
3233323233322233323332323332
3233323233322232323332323332
3232333223323233322332323332
2232333223223233322322323332
3233322232232333222322323332
3323332233322233332333223332
3323332233322232332333223332
2323332233322233232333223332
2323332233322232232333223332
3223332233322232322333223332
2223332233322233222333223332
2223332233322232222333223332
2333232233322232233323223332
2322333223232233322323223332
3222333223322233322332223332
2222333223222233322322223332
3333333323322233333333332332
3333333323322232333333332332
2333333323322233233333332332
2333333323322232233333332332
3233333323322233323333332332
3233333323322232323333332332
2233333323322233223333332332
2233333323322232223333332332
3323333323322233332333332332
3323333323322232332333332332
2323333323322233232333332332
2323333323322232232333332332
3223333323322233322333332332
3333233223333323322333332332
3223333323322232322333332332
2223333323322233222333332332
2223333323322232222333332332
3332333323322233333233332332
3332333323322232333233332332
2332333323322233233233332332
2332333323322232233233332332
3232333323322233323233332332
3232333323322232323233332332
2232333323322233223233332332
2232333323322232223233332332
3322333323322233332233332332
3322333323322232332233332332
2322333323322233232233332332
2322333323322232232233332332
3222333323322233322233332332
3222333323322232322233332332
2222333323322233222233332332
2222333323322232222233332332
3333233323322233333323332332
3333233323322232333323332332
2333233323322233233323332332
2333233323322232233323332332
3233233323322233323323332332
3233233323322232323323332332
2233233323322233223323332332
2233233323322232223323332332
3323233323322233332323332332
3323233323322232332323332332
2323233323322233232323332332
2323233323322232232323332332
3223233323322233322323332332
2333233223233323322323332332
3223233323322232322323332332
2223233323322233222323332332
2223233323322232222323332332
3332233323322233333223332332
3332233323322232333223332332
2332233323322233233223332332
2332233323322232233223332332
3232233323322233323223332332
3232233323322232323223332332
2232233323322233223223332332
2232233323322232223223332332
3322233323322233332223332332
3322233323322232332223332332
2322233323322233232223332332
2322233323322232232223332332
3222233323322233322223332332
3222233323322232322223332332
2222233323322233222223332332
2222233323322232222223332332
3332323323322233333232332332
3332323323322232333232332332
2332323323322233233232332332
2332323323322232233232332332
3232323323322233323232332332
3232323323322232323232332332
2232323323322233223232332332
2232323323322232223232332332
3322323323322233332232332332
3322323323322232332232332332
2322323323322233232232332332
2322323323322232232232332332
3222323323322233322232332332
3222323323322232322232332332
2222323323322233222232332332
2222323323322232222232332332
3333223323322233333322332332
3333223323322232333322332332
2333223323322233233322332332
2333223323322232233322332332
3233223323322233323322332332
3233223323322232323322332332
2233223323322233223322332332
2233223323322232223322332332
3323223323322233332322332332
3323223323322232332322332332
2323223323322233232322332332
2323223323322232232322332332
3223223323322233322322332332
2233233223223323322322332332
3223223323322232322322332332
2223223323322233222322332332
2223223323322232222322332332
3332223323322233333222332332
3332223323322232333222332332
2332223323322232233222332332
3232223323322233323222332332
3232223323322232323222332332
2232223323322233223222332332
2232223323322232223222332332
3322223323322233332222332332
3322223323322232332222332332
2322223323322233232222332332
2322223323322232232222332332
3222223323322233322222332332
3222223323322232322222332332
2222223323322233222222332332
2222223323322232222222332332
3323233223332323322333232332
3332332323322233333233232332
3332332323322232333233232332
2332332323322233233233232332
2332332323322232233233232332
3232332323322233323233232332
3232332323322232323233232332
2232332323322233223233232332
2232332323322232223233232332
3233232323322232323323232332
2323233223232323322323232332
2323322323322233232332232332
2323322323322232232332232332
3223233223322323322332232332
3323222323322232332322232332
2223233223222323322322232332
3332233223333223322333322332
3333233223322233333323322332
3333233223322232333323322332
2333233223322233233323322332
2333233223322232233323322332
3233233223322233323323322332
3233233223322232323323322332
2233233223322233223323322332
2233233223322232223323322332
3323233223322233332323322332
3323233223322232332323322332
2323233223322233232323322332
2323233223322232232323322332
3223233223322233322323322332
2332233223233223322323322332
3223233223322232322323322332
2223233223322233222323322332
2223233223322232222323322332
3233223322332333233223322332
3233223322332323233223322332
2233223322332322233223322332
3232233223322233323223322332
3232233223322232323223322332
2232233223322233223223322332
2232233223322232223223322332
3322233223322233332223322332
3322233223322232332223322332
2322233223322233232223322332
2322233223322232232223322332
3222233223322233322223322332
3222233223322232322223322332
2222233223322233222223322332
2222233223322232222223322332
3223323223322233322332322332
3232233223323223322332322332
3223323223322232322332322332
2232233223223223322322322332
3322233223332223322333222332
2322233223232223322323222332
3222233223322223322332222332
2223322223322233222332222332
2223322223322232222332222332
2222233223222223322322222332
3333333332322233333333333232
3333333332322232333333333232
2333333332322233233333333232
2333333332322232233333333232
3233333332322233323333333232
3233333332322232323333333232
2233333332322233223333333232
2233333332322232223333333232
3323333332322233332333333232
3323333332322232332333333232
2323333332322233232333333232
2323333332322232232333333232
3223333332322233322333333232
3333323223333332322333333232
3223333332322232322333333232
2223333332322233222333333232
2223333332322232222333333232
3332333332322233333233333232
3332333332322232333233333232
2332333332322233233233333232
2332333332322232233233333232
3232333332322233323233333232
3232333332322232323233333232
2232333332322233223233333232
2232333332322232223233333232
3322333332322233332233333232
3322333332322232332233333232
2322333332322233232233333232
2322333332322232232233333232
3222333332322233322233333232
3222333332322232322233333232
2222333332322233222233333232
2222333332322232222233333232
3333233332322233333323333232
3333233332322232333323333232
2333233332322233233323333232
2333233332322232233323333232
3233233332322233323323333232
3233233332322232323323333232
2233233332322233223323333232
2233233332322232223323333232
3323233332322233332323333232
3323233332322232332323333232
2323233332322233232323333232
2323233332322232232323333232
3223233332322233322323333232
2333323223233332322323333232
3223233332322232322323333232
2223233332322233222323333232
2223233332322232222323333232
3332233332322233333223333232
3332233332322232333223333232
2332233332322233233223333232
2332233332322232233223333232
3232233332322233323223333232
3232233332322232323223333232
2232233332322233223223333232
2232233332322232223223333232
3322233332322233332223333232
3322233332322232332223333232
2322233332322233232223333232
2322233332322232232223333232
3222233332322233322223333232
3222233332322232322223333232
2222233332322233222223333232
2222233332322232222223333232
3333323332322233333332333232
3333323332322232333332333232
2333323332322233233332333232
2333323332322232233332333232
3233323332322233323332333232
3233323332322232323332333232
2233323332322233223332333232
2233323332322232223332333232
3323323332322233332332333232
3323323332322232332332333232
2323323332322233232332333232
2323323332322232232332333232
3223323332322233322332333232
3233323223323332322332333232
3223323332322232322332333232
2223323332322233222332333232
2223323332322232222332333232
3332323332322233333232333232
3332323332322232333232333232
2332323332322233233232333232
2332323332322232233232333232
3232323332322233323232333232
3232323332322232323232333232
2232323332322233223232333232
2232323332322232223232333232
3322323332322233332232333232
3322323332322232332232333232
2322323332322233232232333232
2322323332322232232232333232
3222323332322233322232333232
3222323332322232322232333232
2222323332322233222232333232
2222323332322232222232333232
3333223332322233333322333232
3333223332322232333322333232
2333223332322233233322333232
2333223332322232233322333232
3233223332322233323322333232
3233223332322232323322333232
2233223332322233223322333232
2233223332322232223322333232
3323223332322233332322333232
3323223332322232332322333232
2323223332322233232322333232
2323223332322232232322333232
3223223332322233322322333232
2233323223223332322322333232
3223223332322232322322333232
2223223332322233222322333232
3332322232233323222322333232
2223223332322232222322333232
3332223332322233333222333232
3332223332322232333222333232
2332223332322233233222333232
2332223332322232233222333232
3232223332322232323222333232
2232223332322233223222333232
2232223332322232223222333232
3322223332322233332222333232
3322223332322232332222333232
2322223332322233232222333232
2322223332322232232222333232
3222223332322233322222333232
3222223332322232322222333232
2222223332322233222222333232
2222223332322232222222333232
3333332332322233333333233232
3333332332322232333333233232
2333332332322233233333233232
2333332332322232233333233232
3233332332322233323333233232
3233332332322232323333233232
2233332332322233223333233232
2233332332322232223333233232
3323332332322233332333233232
3323332332322232332333233232
2323332332322233232333233232
2323332332322232232333233232
3223332332322233322333233232
3323323223332332322333233232
3223332332322232322333233232
2223332332322233222333233232
2223332332322232222333233232
3332332332322233333233233232
3332332332322232333233233232
2332332332322233233233233232
2332332332322232233233233232
3232332332322233323233233232
3232332332322232323233233232
2232332332322233223233233232
2232332332322232223233233232
3322332332322233332233233232
3322332332322232332233233232
2322332332322233232233233232
2322332332322232232233233232
3222332332322233322233233232
3222332332322232322233233232
2222332332322233222233233232
2222332332322232222233233232
3333232332322233333323233232
3333232332322232333323233232
2333232332322233233323233232
2333232332322232233323233232
3233232332322233323323233232
3233232332322232323323233232
2233232332322233223323233232
2233232332322232223323233232
3323232332322233332323233232
3323232332322232332323233232
2323232332322233232323233232
2323232332322232232323233232
3223232332322233322323233232
2323323223232332322323233232
3223232332322232322323233232
2223232332322233222323233232
2223232332322232222323233232
3332232332322233333223233232
3332232332322232333223233232
2332232332322233233223233232
2332232332322232233223233232
3232232332322233323223233232
3232232332322232323223233232
2232232332322233223223233232
2232232332322232223223233232
3322232332322233332223233232
3322232332322232332223233232
2322232332322232232223233232
3222232332322233322223233232
3222232332322232322223233232
2222232332322233222223233232
2222232332322232222223233232
3333322332322233333332233232
3333322332322232333332233232
2333322332322233233332233232
2333322332322232233332233232
3233322332322233323332233232
3233322332322232323332233232
2233322332322233223332233232
2233322332322232223332233232
3323322332322233332332233232
3323322332322232332332233232
2323322332322233232332233232
2323322332322232232332233232
3223322332322233322332233232
3223323223322332322332233232
3223322332322232322332233232
2223322332322233222332233232
2223322332322232222332233232
3332322332322233333232233232
3332322332322232333232233232
2332322332322233233232233232
2332322332322232233232233232
3232322332322233323232233232
3232322332322232323232233232
2232322332322233223232233232
2232322332322232223232233232
3322322332322233332232233232
3322322332322232332232233232
2322322332322233232232233232
2322322332322232232232233232
3222322332322233322232233232
3222322332322232322232233232
2222322332322233222232233232
2222322332322232222232233232
3333222332322233333322233232
3333222332322232333322233232
2333222332322233233322233232
2333222332322232233322233232
3233222332322233323322233232
3233222332322232323322233232
2233222332322233223322233232
2233222332322232223322233232
3223222332322233322322233232
2223323223222332322322233232
3223222332322232322322233232
2223222332322233222322233232
2332322232223323222322233232
2223222332322232222322233232
3332222332322233333222233232
3332222332322232333222233232
2332222332322233233222233232
2332222332322232233222233232
3232222332322233323222233232
3232222332322232323222233232
2232222332322233223222233232
2232222332322232223222233232
3322222332322233332222233232
3322222332322232332222233232
2322222332322233232222233232
2322222332322232232222233232
3222222332322233322222233232
3222222332322232322222233232
2222222332322233222222233232
2222222332322232222222233232
3333333232323323333333323232
3333333232323322333333323232
2333333232323323233333323232
2333333232323322233333323232
3233333232323323323333323232
3233333232323322323333323232
2233333232323323223333323232
2233333232323322223333323232
3323333232323323332333323232
3323333232323322332333323232
2323333232323323232333323232
2323333232323322232333323232
3223333232323323322333323232
3223333232323322322333323232
2223333232323323222333323232
2223333232323322222333323232
3332333232323323333233323232
3332333232323322333233323232
2332333232323323233233323232
2332333232323322233233323232
3232333232323323323233323232
3232333232323322323233323232
2232333232323323223233323232
2232333232323322223233323232
3322333232323323332233323232
3322333232323322332233323232
2322333232323323232233323232
2322333232323322232233323232
3222333232323323322233323232
3222333232323322322233323232
2222333232323323222233323232
2222333232323322222233323232
3333233232323323333323323232
3333233232323322333323323232
2333233232323323233323323232
2333233232323322233323323232
3233233232323323323323323232
3233233232323322323323323232
2233233232323323223323323232
2233233232323322223323323232
3223233232323323322323323232
3223233232323322322323323232
2223233232323323222323323232
2223233232323322222323323232
3332233232323323333223323232
3332233232323322333223323232
2332233232323323233223323232
3232323322332323233223323232
2332233232323322233223323232
3232233232323323323223323232
3232233232323322323223323232
2232233232323323223223323232
2232233232323322223223323232
3322233232323323332223323232
3322233232323322332223323232
2322233232323323232223323232
2322233232323322232223323232
3222233232323323322223323232
3222233232323322322223323232
2222233232323323222223323232
2222233232323322222223323232
3333332232322233333333223232
3333332232322232333333223232
2333332232322233233333223232
2333332232322232233333223232
3233332232322233323333223232
3233332232322232323333223232
2233332232322233223333223232
2233332232322232223333223232
3323332232322233332333223232
3323332232322232332333223232
2323332232322233232333223232
2323332232322232232333223232
3223332232322233322333223232
3322323223332232322333223232
3223332232322232322333223232
2223332232322233222333223232
2223332232322232222333223232
3332332232322233333233223232
3332332232322232333233223232
2332332232322233233233223232
2332332232322232233233223232
3232332232322233323233223232
3232332232322232323233223232
2232332232322233223233223232
2232332232322232223233223232
3322332232322233332233223232
3322332232322232332233223232
2322332232322233232233223232
2322332232322232232233223232
3222332232322233322233223232
3222332232322232322233223232
2222332232322233222233223232
2222332232322232222233223232
3333232232322233333323223232
3333232232322232333323223232
2333232232322233233323223232
2333232232322232233323223232
3233232232322233323323223232
3233232232322232323323223232
2233232232322233223323223232
2233232232322232223323223232
3323232232322233332323223232
3323232232322232332323223232
2323232232322233232323223232
2323232232322232232323223232
3223232232322233322323223232
2223232232322233222323223232
2223232232322232222323223232
3332232232322233333223223232
3332232232322232333223223232
2332232232322233233223223232
2332232232322232233223223232
3232232232322233323223223232
3232232232322232323223223232
2232232232322233223223223232
2232232232322232223223223232
3322232232322233332223223232
3322232232322232332223223232
2322232232322233232223223232
2322232232322232232223223232
3222232232322233322223223232
2322323222232232322223223232
3222232232322232322223223232
2222232232322233222223223232
2222232232322232222223223232
3333322232322233333332223232
3333322232322232333332223232
2333322232322233233332223232
2333322232322232233332223232
3233322232322233323332223232
3233322232322232323332223232
2233322232322233223332223232
2233322232322232223332223232
3323322232322233332332223232
3323322232322232332332223232
2323322232322233232332223232
2323322232322232232332223232
3223322232322233322332223232
3222323223322232322332223232
3223322232322232322332223232
2223322232322233222332223232
2223322232322232222332223232
3333222232322233333322223232
3333222232322232333322223232
2333222232322233233322223232
2333222232322232233322223232
3233222232322233323322223232
3233222232322232323322223232
2233222232322233223322223232
2233222232322232223322223232
3323222232322233332322223232
3323222232322232332322223232
2323222232322233232322223232
2323222232322232232322223232
3223222232322233322322223232
3223222232322232322322223232
2222323223222232322322223232
2223222232322233222322223232
2232322232222323222322223232
2223222232322232222322223232
3332222232322233333222223232
3332222232322232333222223232
2332222232322233233222223232
2332222232322232233222223232
3232222232322233323222223232
3232222232322232323222223232
2232222232322233223222223232
2232222232322232223222223232
3322222232322233332222223232
3322222232322232332222223232
2322222232322233232222223232
2322222232322232232222223232
3222222232322233322222223232
3222222232322232322222223232
2222222232322233222222223232
2222222232322232222222223232
3333223223333322322333332232
3223233322322233322323332232
2333223223233322322323332232
2333223222233322322223332232
3233223223323322322332332232
3322323322322233332232332232
3322323322322232332232332232
3233223222323322322232332232
2233223223223322322322332232
3322322232233223222322332232
2233223222223322322222332232
3333332322322233333333232232
3333332322322232333333232232
2333332322322233233333232232
2333332322322232233333232232
3233332322322233323333232232
3233332322322232323333232232
2233332322322233223333232232
2233332322322232223333232232
3323332322322233332333232232
3323332322322232332333232232
2323332322322233232333232232
2323332322322232232333232232
3223332322322233322333232232
3223332322322232322333232232
3323223223332322322333232232
2223332322322233222333232232
2223332322322232222333232232
3332332322322233333233232232
3332332322322232333233232232
2332332322322233233233232232
2332332322322232233233232232
3232332322322233323233232232
3232332322322232323233232232
2232332322322233223233232232
2232332322322232223233232232
3322332322322233332233232232
3322332322322232332233232232
2322332322322233232233232232
2322332322322232232233232232
3222332322322233322233232232
3222332322322232322233232232
3323223222332322322233232232
2222332322322233222233232232
2222332322322232222233232232
3333232322322233333323232232
3333232322322232333323232232
2333232322322233233323232232
2333232322322232233323232232
3233232322322233323323232232
3233232322322232323323232232
2233232322322233223323232232
2233232322322232223323232232
3323232322322233332323232232
3323232322322232332323232232
2323232322322233232323232232
2323232322322232232323232232
3223232322322233322323232232
3223232322322232322323232232
2323223223232322322323232232
2223232322322233222323232232
2223232322322232222323232232
3332232322322233333223232232
3332232322322232333223232232
2332232322322233233223232232
2332232322322232233223232232
3232232322322233323223232232
3232232322322232323223232232
3232232322323322323223232232
2232232322322233223223232232
2232232322322232223223232232
3322232322322233332223232232
3322232322322232332223232232
2322232322322233232223232232
3222232322322233322223232232
3222232322322232322223232232
2323223222232322322223232232
2222232322322233222223232232
2222232322322232222223232232
3323223223232223333232232232
3323223223232223233232232232
2323223223232223323232232232
2323223223232223223232232232
3223223223232223332232232232
2223223223232223322232232232
2223223223232223222232232232
3333222322322233333322232232
3333222322322232333322232232
2333222322322233233322232232
2333222322322232233322232232
3233222322322233323322232232
3233222322322232323322232232
2233222322322233223322232232
2233222322322232223322232232
3323222322322233332322232232
3323222322322232332322232232
2323222322322233232322232232
2323222322322232232322232232
2322322232223223222322232232
3332222322322233333222232232
3332222322322232333222232232
2332222322322233233222232232
2332222322322232233222232232
3232222322322233323222232232
3232222322322232323222232232
2232222322322233223222232232
2232222322322232223222232232
3322222322322233332222232232
3322222322322232332222232232
2322222322322233232222232232
2322222322322232232222232232
3222222322322233322222232232
3222222322322232322222232232
2223223222222322322222232232
2222222322322233222222232232
2222222322322232222222232232
3232223222323222322232322232
3322232223222332333222322232
3322232223222332233222322232
2322232232223222323222322232
2322232322232223223222322232
3222232223222332332222322232
3222232223222332232222322232
2222232223222332322222322232
2232223222223222322222322232
2222232223222332222222322232
2232222322232223322223222232
3222223222322222322232222232
3332223333222323333222333322
3332223333222322333222333322
3333222333222323333322233322
3333222333222322333322233322
2333222333222323233322233322
2333222333222322233322233322
3233222333222323323322233322
3233222333222322323322233322
2233222333222323223322233322
2233222333222322223322233322
3233222322232332223222323322
2233222322322332223223223322
3322232223223322232223223322
3333322233222323333332223322
3333322233222322333332223322
2333322233222323233332223322
2333322233222322233332223322
3233322233222323323332223322
3233322233222322323332223322
2233322233222323223332223322
2233322233222322223332223322
3323322233222323332332223322
3323322233222322332332223322
2323322233222323232332223322
2323322233222322232332223322
3223322233222323322332223322
3223322233222322322332223322
2223322233222322222332223322
3332322233222323333232223322
3332322233222322333232223322
2332322233222323233232223322
2332322233222322233232223322
3232322233222323323232223322
3232322233222322323232223322
2232322233222323223232223322
2232322233222322223232223322
3322322233222323332232223322
3322322233222322332232223322
2322322233222323232232223322
2322322233222322232232223322
3222322233222323322232223322
3222322233222322322232223322
2222322233222323222232223322
2222322233222322222232223322
3232223323222323323222332322
3232223323222322323222332322
2232322323223323223232232322
3333223223223323333322322322
3333223223223322333322322322
2333223223223323233322322322
2333223223223322233322322322
3233223223223323323322322322
3233223223223322323322322322
2233223223223323223322322322
2233223223223322223322322322
3323223223223323332322322322
3323223223223322332322322322
2323223223223323232322322322
2323223223223322232322322322
2322322232223232223222322322
3223222322232232223222322322
3222322232322232223223222322
2223222232232223222232222322
2223222322222232223222222322
3333333333222333333333333222
3333333333222323333333333222
2333333333222332333333333222
2333333333222322333333333222
3233333333222333233333333222
3233333333222323233333333222
2233333333222332233333333222
2233333333222322233333333222
3323333333222333323333333222
3323333333222323323333333222
2323333333222332323333333222
2323333333222322323333333222
3223333333222333223333333222
3223333333222323223333333222
3333322233333332223333333222
2223333333222332223333333222
2223333333222322223333333222
3332333333222333332333333222
3332333333222323332333333222
2332333333222332332333333222
2332333333222322332333333222
3232333333222333232333333222
3232333333222323232333333222
2232333333222332232333333222
2232333333222322232333333222
3322333333222333322333333222
3322333333222323322333333222
2322333333222332322333333222
2322333333222322322333333222
3222333333222333222333333222
3222333333222323222333333222
2222333333222332222333333222
2222333333222322222333333222
3333233333222333333233333222
3333233333222323333233333222
2333233333222332333233333222
2333233333222322333233333222
3233233333222333233233333222
3233233333222323233233333222
2233233333222332233233333222
2233233333222322233233333222
3323233333222333323233333222
3323233333222323323233333222
2323233333222332323233333222
2323233333222322323233333222
3223233333222333223233333222
3223233333222323223233333222
2223233333222332223233333222
2223233333222322223233333222
3332233333222333332233333222
3332233333222323332233333222
2332233333222332332233333222
2332233333222322332233333222
3232233333222333232233333222
3232233333222323232233333222
2232233333222332232233333222
2232233333222322232233333222
3322233333222323322233333222
2322233333222332322233333222
2322233333222322322233333222
3222233333222333222233333222
3222233333222323222233333222
2222233333222332222233333222
2222233333222322222233333222
3333323333222333333323333222
3333323333222323333323333222
2333323333222332333323333222
2333323333222322333323333222
3233323333222333233323333222
3233323333222323233323333222
2233323333222332233323333222
2233323333222322233323333222
3323323333222333323323333222
3323323333222323323323333222
2323323333222332323323333222
2323323333222322323323333222
3223323333222333223323333222
3223323333222323223323333222
2333322233233332223323333222
2223323333222332223323333222
2223323333222322223323333222
3332323333222333332323333222
3332323333222323332323333222
2332323333222332332323333222
2332323333222322332323333222
3232323333222333232323333222
3232323333222323232323333222
2232323333222332232323333222
2232323333222322232323333222
3322323333222333322323333222
3322323333222323322323333222
2322323333222332322323333222
2322323333222322322323333222
3222323333222333222323333222
3222323333222323222323333222
2222323333222332222323333222
2222323333222322222323333222
3333223333222333333223333222
3333223333222323333223333222
2333223333222332333223333222
2333223333222322333223333222
3233223333222333233223333222
3233223333222323233223333222
2233223333222332233223333222
2233223333222322233223333222
3323223333222333323223333222
3323223333222323323223333222
2323223333222332323223333222
2323223333222322323223333222
3223223333222333223223333222
3223223333222323223223333222
2223223333222332223223333222
2223223333222322223223333222
2332223333222332332223333222
2332223333222322332223333222
3232223333222333232223333222
3232223333222323232223333222
2232223333222332232223333222
2232223333222322232223333222
3322223333222333322223333222
3322223333222323322223333222
2322223333222332322223333222
2322223333222322322223333222
3222223333222333222223333222
3222223333222323222223333222
2222223333222332222223333222
2222223333222322222223333222
3333332333222333333332333222
3333332333222323333332333222
2333332333222332333332333222
2333332333222322333332333222
3233332333222333233332333222
3233332333222323233332333222
2233332333222332233332333222
2233332333222322233332333222
3323332333222333323332333222
3323332333222323323332333222
2323332333222332323332333222
2323332333222322323332333222
3223332333222333223332333222
3223332333222323223332333222
3233322233323332223332333222
2223332333222332223332333222
2223332333222322223332333222
3332332333222333332332333222
3332332333222323332332333222
2332332333222332332332333222
2332332333222322332332333222
3232332333222333232332333222
3232332333222323232332333222
2232332333222332232332333222
2232332333222322232332333222
3322332333222333322332333222
3322332333222323322332333222
2322332333222332322332333222
2322332333222322322332333222
3222332333222333222332333222
3222332333222323222332333222
2222332333222332222332333222
2222332333222322222332333222
3333232333222333333232333222
3333232333222323333232333222
2333232333222332333232333222
2333232333222322333232333222
3233232333222333233232333222
3233232333222323233232333222
2233232333222332233232333222
2233232333222322233232333222
3323232333222333323232333222
3323232333222323323232333222
2323232333222332323232333222
2323232333222322323232333222
3223232333222333223232333222
3223232333222323223232333222
2223232333222332223232333222
2223232333222322223232333222
3332232333222333332232333222
3332232333222323332232333222
2332232333222332332232333222
2332232333222322332232333222
3232232333222333232232333222
3232232333222323232232333222
2232232333222332232232333222
2232232333222322232232333222
3322232333222333322232333222
3322232333222323322232333222
2322232333222332322232333222
2322232333222322322232333222
3222232333222333222232333222
3222232333222323222232333222
2222232333222332222232333222
2222232333222322222232333222
3333322333222333333322333222
3333322333222323333322333222
2333322333222332333322333222
2333322333222322333322333222
3233322333222333233322333222
3233322333222323233322333222
2233322333222332233322333222
2233322333222322233322333222
3323322333222333323322333222
3323322333222323323322333222
2323322333222332323322333222
2323322333222322323322333222
3223322333222333223322333222
3223322333222323223322333222
2233322233223332223322333222
2223322333222332223322333222
2223322333222322223322333222
3332322333222333332322333222
3332322333222323332322333222
2332322333222332332322333222
2332322333222322332322333222
3232322333222333232322333222
3232322333222323232322333222
2232322333222332232322333222
2232322333222322232322333222
3322322333222333322322333222
3322322333222323322322333222
2322322333222332322322333222
2322322333222322322322333222
3222322333222323222322333222
2222322333222332222322333222
2222322333222322222322333222
3323222333222333323222333222
3323222333222323323222333222
2323222333222332323222333222
2323222333222322323222333222
3223222333222333223222333222
3223222333222323223222333222
2223222333222332223222333222
2223222333222322223222333222
3332222333222333332222333222
3332222333222323332222333222
2332222333222332332222333222
2332222333222322332222333222
3232222333222333232222333222
3232222333222323232222333222
2232222333222332232222333222
2232222333222322232222333222
3322222333222333322222333222
3322222333222323322222333222
2322222333222332322222333222
2322222333222322322222333222
3222222333222333222222333222
3222222333222323222222333222
2222222333222332222222333222
2222222333222322222222333222
3333333233222333333333233222
3333333233222323333333233222
2333333233222332333333233222
2333333233222322333333233222
3233333233222333233333233222
3233333233222323233333233222
2233333233222332233333233222
2233333233222322233333233222
3323333233222333323333233222
3323333233222323323333233222
2323333233222332323333233222
2323333233222322323333233222
3223333233222333223333233222
3223333233222323223333233222
3323322233332332223333233222
2223333233222332223333233222
2223333233222322223333233222
3332333233222333332333233222
3332333233222323332333233222
2332333233222332332333233222
2332333233222322332333233222
3232333233222333232333233222
3232333233222323232333233222
2232333233222332232333233222
2232333233222322232333233222
3322333233222333322333233222
3322333233222323322333233222
2322333233222332322333233222
2322333233222322322333233222
3222333233222333222333233222
3222333233222323222333233222
2222333233222332222333233222
2222333233222322222333233222
3333233233222333333233233222
3333233233222323333233233222
2333233233222332333233233222
2333233233222322333233233222
3233233233222333233233233222
3233233233222323233233233222
2233233233222332233233233222
2233233233222322233233233222
3323233233222333323233233222
3323233233222323323233233222
2323233233222332323233233222
2323233233222322323233233222
3223233233222333223233233222
3223233233222323223233233222
2223233233222332223233233222
2223233233222322223233233222
3332233233222333332233233222
3332233233222323332233233222
2332233233222332332233233222
2332233233222322332233233222
3232233233222333232233233222
3232233233222323232233233222
2232233233222332232233233222
2232233233222322232233233222
3322233233222333322233233222
2322233233222332322233233222
2322233233222322322233233222
3222233233222333222233233222
3222233233222323222233233222
2222233233222332222233233222
2222233233222322222233233222
3333323233222333333323233222
3333323233222323333323233222
2333323233222332333323233222
2333323233222322333323233222
3233323233222333233323233222
3233323233222323233323233222
2233323233222332233323233222
2233323233222322233323233222
3323323233222333323323233222
3323323233222323323323233222
2323323233222332323323233222
2323323233222322323323233222
3223323233222333223323233222
3223323233222323223323233222
2323322233232332223323233222
2223323233222332223323233222
2223323233222322223323233222
3332323233222333332323233222
3332323233222323332323233222
2332323233222332332323233222
2332323233222322332323233222
3232323233222333232323233222
3232323233222323232323233222
2232323233222332232323233222
2232323233222322232323233222
3322323233222333322323233222
3322323233222323322323233222
2322323233222332322323233222
2322323233222322322323233222
3222323233222333222323233222
3222323233222323222323233222
2222323233222332222323233222
2222323233222322222323233222
3333223233222333333223233222
3333223233222323333223233222
2333223233222332333223233222
2333223233222322333223233222
3233223233222333233223233222
3233223233222323233223233222
2233223233222332233223233222
2233223233222322233223233222
3323223233222333323223233222
3323223233222323323223233222
2323223233222332323223233222
2323223233222322323223233222
3223223233222333223223233222
3223223233222323223223233222
2223223233222332223223233222
2223223233222322223223233222
3332223233222333332223233222
3332223233222323332223233222
2323322232223222332223233222
3232223233222333232223233222
3232223233222323232223233222
2232223233222332232223233222
2232223233222322232223233222
3322223233222333322223233222
3322223233222323322223233222
2322223233222332322223233222
2322223233222322322223233222
3222223233222333222223233222
3222223233222323222223233222
2222223233222332222223233222
2222223233222322222223233222
3333332233222333333332233222
3333332233222323333332233222
2333332233222332333332233222
2333332233222322333332233222
3233332233222333233332233222
3233332233222323233332233222
2233332233222332233332233222
2233332233222322233332233222
3323332233222333323332233222
3323332233222323323332233222
2323332233222332323332233222
2323332233222322323332233222
3223332233222333223332233222
3223332233222323223332233222
3223322233322332223332233222
2223332233222332223332233222
2223332233222322223332233222
3332332233222333332332233222
3332332233222323332332233222
2332332233222332332332233222
2332332233222322332332233222
3232332233222333232332233222
3232332233222323232332233222
2232332233222332232332233222
2232332233222322232332233222
3322332233222333322332233222
3322332233222323322332233222
2322332233222332322332233222
2322332233222322322332233222
3222332233222333222332233222
3222332233222323222332233222
2222332233222332222332233222
2222332233222322222332233222
3333232233222333333232233222
3333232233222323333232233222
2333232233222332333232233222
2333232233222322333232233222
3233232233222333233232233222
3233232233222323233232233222
2233232233222332233232233222
2233232233222322233232233222
3323232233222333323232233222
3323232233222323323232233222
2323232233222332323232233222
2323232233222322323232233222
3223232233222333223232233222
3223232233222323223232233222
3223322232322332223232233222
2223232233222332223232233222
2223232233222322223232233222
3332232233222333332232233222
3332232233222323332232233222
2332232233222332332232233222
2332232233222322332232233222
3232232233222333232232233222
3232232233222323232232233222
2232232233222332232232233222
2232232233222322232232233222
3322232233222333322232233222
3322232233222323322232233222
2322232233222332322232233222
2322232233222322322232233222
3222322232233222322232233222
3222232233222333222232233222
3222232233222323222232233222
2222232233222332222232233222
2222232233222322222232233222
2232223222332223222322233222
3333222233222333333222233222
3333222233222323333222233222
2333222233222332333222233222
2333222233222322333222233222
3233222233222333233222233222
3233222233222323233222233222
2233222233222332233222233222
2233222233222322233222233222
3323222233222333323222233222
3323222233222323323222233222
2323222233222332323222233222
2323222233222322323222233222
3223222233222333223222233222
3223222233222323223222233222
2223222233222332223222233222
2223222233222322223222233222
3332222233222333332222233222
3332222233222323332222233222
2332222233222332332222233222
2332222233222322332222233222
3232222233222333232222233222
3232222233222323232222233222
2232222233222332232222233222
2232222233222322232222233222
3322222233222333322222233222
3322222233222323322222233222
2322222233222332322222233222
2322222233222322322222233222
3222222233222333222222233222
3222222233222323222222233222
2222222233222332222222233222
2222222233222322222222233222
3333333323222333333333323222
3333333323222323333333323222
2333333323222332333333323222
2333333323222322333333323222
3233333323222333233333323222
3233333323222323233333323222
2233333323222332233333323222
2233333323222322233333323222
3323333323222333323333323222
3323333323222323323333323222
2323333323222332323333323222
2323333323222322323333323222
3223333323222333223333323222
3223333323222323223333323222
2223333323222332223333323222
3332322233333232223333323222
2223333323222322223333323222
3332333323222333332333323222
3332333323222323332333323222
2332333323222332332333323222
2332333323222322332333323222
3232333323222333232333323222
3232333323222323232333323222
2232333323222332232333323222
2232333323222322232333323222
3322333323222333322333323222
3322333323222323322333323222
2322333323222332322333323222
2322333323222322322333323222
3222333323222333222333323222
3222333323222323222333323222
2222333323222332222333323222
2222333323222322222333323222
3333233323222333333233323222
3333233323222323333233323222
2333233323222332333233323222
2333233323222322333233323222
3233233323222333233233323222
3233233323222323233233323222
2233233323222332233233323222
2233233323222322233233323222
3323233323222333323233323222
3323233323222323323233323222
2323233323222332323233323222
2323233323222322323233323222
3223233323222333223233323222
3223233323222323223233323222
2223233323222332223233323222
2223233323222322223233323222
3332233323222333332233323222
3332233323222323332233323222
2332233323222332332233323222
2332233323222322332233323222
3232233323222333232233323222
3232233323222323232233323222
2232233323222332232233323222
2232233323222322232233323222
3322233323222333322233323222
3322233323222323322233323222
2322233323222322322233323222
3222233323222333222233323222
3222233323222323222233323222
2222233323222332222233323222
2222233323222322222233323222
3333323323222333333323323222
3333323323222323333323323222
2333323323222332333323323222
2333323323222322333323323222
3233323323222333233323323222
3233323323222323233323323222
2233323323222332233323323222
2233323323222322233323323222
3323323323222333323323323222
3323323323222323323323323222
2323323323222332323323323222
2323323323222322323323323222
3223323323222333223323323222
3223323323222323223323323222
2223323323222332223323323222
2332322233233232223323323222
2223323323222322223323323222
3332323323222333332323323222
3332323323222323332323323222
2332323323222332332323323222
2332323323222322332323323222
3232323323222333232323323222
3232323323222323232323323222
2232323323222332232323323222
2232323323222322232323323222
3322323323222333322323323222
3322323323222323322323323222
2322323323222332322323323222
2322323323222322322323323222
3222323323222333222323323222
3222323323222323222323323222
2222323323222332222323323222
2222323323222322222323323222
3333223323222333333223323222
3333223323222323333223323222
2333223323222332333223323222
2333223323222322333223323222
3233223323222333233223323222
3233223323222323233223323222
2233223323222332233223323222
2233223323222322233223323222
3323223323222333323223323222
3323223323222323323223323222
2323223323222332323223323222
2323223323222322323223323222
3223223323222333223223323222
3223223323222323223223323222
2223223323222332223223323222
2223223323222322223223323222
3332223323222333332223323222
3332223323222323332223323222
2332223323222332332223323222
2332223323222322332223323222
2232223323222332232223323222
2232223323222322232223323222
3322223323222333322223323222
3322223323222323322223323222
2322223323222332322223323222
2322223323222322322223323222
3222223323222333222223323222
3222223323222323222223323222
2222223323222332222223323222
2222223323222322222223323222
3333332323222333333332323222
3333332323222323333332323222
2333332323222332333332323222
2333332323222322333332323222
3233332323222333233332323222
3233332323222323233332323222
2233332323222332233332323222
2233332323222322233332323222
3323332323222333323332323222
3323332323222323323332323222
2323332323222332323332323222
2323332323222322323332323222
3223332323222333223332323222
3223332323222323223332323222
2223332323222332223332323222
3232322233323232223332323222
2223332323222322223332323222
3332332323222333332332323222
3332332323222323332332323222
2332332323222332332332323222
2332332323222322332332323222
3232332323222333232332323222
3232332323222323232332323222
2232332323222332232332323222
2232332323222322232332323222
3322332323222333322332323222
3322332323222323322332323222
2322332323222332322332323222
2322332323222322322332323222
3222332323222333222332323222
3222332323222323222332323222
2222332323222332222332323222
2222332323222322222332323222
3333232323222333333232323222
3333232323222323333232323222
2333232323222332333232323222
2333232323222322333232323222
3233232323222333233232323222
3233232323222323233232323222
2233232323222332233232323222
2233232323222322233232323222
3323232323222333323232323222
3323232323222323323232323222
2323232323222332323232323222
2323232323222322323232323222
3223232323222333223232323222
3223232323222323223232323222
2223232323222332223232323222
2223232323222322223232323222
3332232323222333332232323222
3332232323222323332232323222
2332232323222332332232323222
2332232323222322332232323222
3232232323222333232232323222
3232232323222323232232323222
2232232323222332232232323222
2232232323222322232232323222
3322232323222333322232323222
3322232323222323322232323222
2322232323222332322232323222
2322232323222322322232323222
3222232323222333222232323222
3222232323222323222232323222
2222232323222332222232323222
2222232323222322222232323222
3333322323222333333322323222
3333322323222323333322323222
2333322323222332333322323222
2333322323222322333322323222
3233322323222333233322323222
3233322323222323233322323222
2233322323222332233322323222
2233322323222322233322323222
3323322323222333323322323222
3323322323222323323322323222
2323322323222332323322323222
2323322323222322323322323222
3223322323222333223322323222
3223322323222323223322323222
2223322323222332223322323222
2232322233223232223322323222
2223322323222322223322323222
3332322323222333332322323222
3332322323222323332322323222
2332322323222332332322323222
2332322323222322332322323222
3232322323222333232322323222
3232322323222323232322323222
2232322323222332232322323222
2232322323222322232322323222
3322322323222333322322323222
3322322323222323322322323222
2322322323222332322322323222
2322322323222322322322323222
3222322323222333222322323222
2222322323222332222322323222
2222322323222322222322323222
3333222323222333333222323222
3333222323222323333222323222
2333222323222332333222323222
2333222323222322333222323222
3233222323222333233222323222
3233222323222323233222323222
2233222323222332233222323222
2233222323222322233222323222
2323222322232232223222323222
3332222323222333332222323222
3332222323222323332222323222
2332222323222332332222323222
2332222323222322332222323222
3232222323222333232222323222
3232222323222323232222323222
2232222323222332232222323222
2232222323222322232222323222
3322222323222333322222323222
3322222323222323322222323222
2322222323222332322222323222
2322222323222322322222323222
3222222323222333222222323222
3222222323222323222222323222
2222222323222332222222323222
2222222323222322222222323222
3333333223222333333333223222
3333333223222323333333223222
2333333223222332333333223222
2333333223222322333333223222
3233333223222333233333223222
3233333223222323233333223222
2233333223222332233333223222
2233333223222322233333223222
3323333223222333323333223222
3323333223222323323333223222
2323333223222332323333223222
2323333223222322323333223222
3223333223222333223333223222
3223333223222323223333223222
2223333223222332223333223222
2223333223222322223333223222
3332333223222333332333223222
3332333223222323332333223222
2332333223222332332333223222
2332333223222322332333223222
3232333223222333232333223222
3232333223222323232333223222
2232333223222332232333223222
2232333223222322232333223222
3322333223222333322333223222
3322333223222323322333223222
2322333223222332322333223222
2322333223222322322333223222
3222333223222333222333223222
3222333223222323222333223222
2222333223222332222333223222
2222333223222322222333223222
3333233223222333333233223222
3333233223222323333233223222
2333233223222332333233223222
2333233223222322333233223222
3233233223222333233233223222
3233233223222323233233223222
2233233223222332233233223222
2233233223222322233233223222
3323233223222333323233223222
3323233223222323323233223222
2323233223222332323233223222
2323233223222322323233223222
3223233223222333223233223222
3223233223222323223233223222
2223233223222332223233223222
2223233223222322223233223222
3332233223222333332233223222
3332233223222323332233223222
2332233223222332332233223222
2332233223222322332233223222
3232233223222333232233223222
3232233223222323232233223222
2232233223222332232233223222
2232233223222322232233223222
3322233223222333322233223222
3322233223222323322233223222
2322233223222332322233223222
3222233223222333222233223222
3222233223222323222233223222
2222233223222332222233223222
2222233223222322222233223222
3333323223222333333323223222
3333323223222323333323223222
2333323223222332333323223222
2333323223222322333323223222
3233323223222333233323223222
3233323223222323233323223222
2233323223222332233323223222
2233323223222322233323223222
3323323223222333323323223222
3323323223222323323323223222
2323323223222332323323223222
2323323223222322323323223222
3223323223222333223323223222
3223323223222323223323223222
2223323223222332223323223222
2223323223222322223323223222
3332323223222333332323223222
3332323223222323332323223222
2332323223222332332323223222
2332323223222322332323223222
3232323223222333232323223222
3232323223222323232323223222
2232323223222332232323223222
2232323223222322232323223222
3322323223222333322323223222
3322323223222323322323223222
2322323223222332322323223222
2322323223222322322323223222
3222323223222333222323223222
3222323223222323222323223222
2222323223222332222323223222
2222323223222322222323223222
3333223223222333333223223222
3333223223222323333223223222
2333223223222332333223223222
2333223223222322333223223222
3233223223222333233223223222
3233223223222323233223223222
2233223223222332233223223222
2233223223222322233223223222
3323223223222333323223223222
3323223223222323323223223222
2323223223222332323223223222
2323223223222322323223223222
3223223223222333223223223222
3223223223222323223223223222
2223223223222332223223223222
2223223223222322223223223222
3332223223222333332223223222
3332223223222323332223223222
2332223223222332332223223222
2332223223222322332223223222
3232223223222333232223223222
3232223223222323232223223222
3223222322232322232223223222
3322223223222333322223223222
3322223223222323322223223222
2322223223222332322223223222
2322223223222322322223223222
3222223223222333222223223222
3222223223222323222223223222
2222223223222332222223223222
2222223223222322222223223222
3332223222322233233332223222
3332223222322233223332223222
2332223222322233232332223222
2332223222322233222332223222
2232223322232223222332223222
3222322232223323322232223222
3222322232223322322232223222
2222322232223323222232223222
2222322232223322222232223222
3322223222322233233322223222
3322223222322233223322223222
2322223222322233232322223222
2322223222322233222322223222
3222223222322233233222223222
3222223222322233223222223222
2222223222322233232222223222
2222223222322233222222223222
