32323322323233
22323323223233
22323322223233
33223323332233
22333223332233
23223323232233
23223322232233
32223323322233
22332223322233
32223322322233
22223323222233
22223322222233
32232223222323
32233322333223
32232233223223
32322232223223
22233222332223
33323333233332
32223332223332
32332223332332
23323233232332
22332223322332
33232223333232
32323323233232
33232223233232
23232223223232
32232223232232
23222322322232
23223222322232
33223332233322
23322232223322
23223232232322
23222323222322
23232223222322
33322233333222
33322232333222
23322233233222
23322232233222
32322233323222
32322232323222
32223222323222
22322233223222
