3333333233222333333333233
3333333233222323333333233
2333333233222332333333233
2333333233222322333333233
3233333233222333233333233
3333233233333233233333233
3233333233222323233333233
2233333233222332233333233
2233333233222322233333233
3323333233222333323333233
3323333233222323323333233
2323333233222332323333233
2323333233222322323333233
3223333233222333223333233
3223333233222323223333233
3323322233332332223333233
2223333233222332223333233
2223333233222322223333233
3332333233222333332333233
2332333233222332332333233
2332333233222322332333233
3232333233222333232333233
2333233232333233232333233
3232333233222323232333233
2232333233222332232333233
2232333233222322232333233
3322333233222333322333233
3322333233222323322333233
2322333233222332322333233
2322333233222322322333233
3222333233222333222333233
2333233222333233222333233
3222333233222323222333233
2222333233222332222333233
2222333233222322222333233
3323233233222333323233233
3323233233222323323233233
2323233233222332323233233
2323233233222322323233233
3223233233222333223233233
3223233233222323223233233
2223233233222332223233233
2223233233222322223233233
3332233233222333332233233
3332233233222323332233233
2332233233222332332233233
2332233233222322332233233
3232233233222333232233233
2233233232233233232233233
3232233233222323232233233
2232233233222332232233233
2232233233222322232233233
3322233233222333322233233
2322233233222332322233233
2322233233222322322233233
3222233233222333222233233
2233233222233233222233233
3222233233222323222233233
2222233233222332222233233
2222233233222322222233233
3323233233323233233323233
3323323233222333323323233
3323323233222323323323233
2323323233222332323323233
2323323233222322323323233
2323322233232332223323233
2323233232323233232323233
2323233222323233222323233
3223233233223233233223233
3233223233222323233223233
2223233232223233232223233
3322223233222323322223233
2223233222223233222223233
3332233233332233233332233
3223322233322332223332233
3332332233222333332332233
3332332233222323332332233
2332332233222332332332233
2332332233222322332332233
3232332233222333232332233
2332233232332233232332233
3232332233222323232332233
2232332233222332232332233
2232332233222322232332233
2332233223323323322332233
2322332233222332322332233
2322332233222322322332233
3222332233222333222332233
3222332233222323222332233
2222332233222332222332233
2222332233222322222332233
3232233233232233233232233
2233232233222332233232233
3223322232322332223232233
2332232233222322332232233
2232233232232233232232233
3222322232233222322232233
3322233233322233233322233
2322233232322233232322233
2232223222332223222322233
3222233233222233233222233
2233222233222322233222233
2222233232222233232222233
3333333333233333333333323
3333333333232333333333323
2333333333233233333333323
2333333333232233333333323
3233333333233323333333323
3233333333232323333333323
2233333333233223333333323
2233333333232223333333323
3323333333233332333333323
3323333333232332333333323
2323333333233232333333323
2323333333232232333333323
3223333333233322333333323
3223333333232322333333323
2223333333233222333333323
2223333333232222333333323
3332333333232333233333323
2332333333233233233333323
2332333333232233233333323
3333323233333323233333323
3232333333233323233333323
3232333333232323233333323
2232333333233223233333323
2232333333232223233333323
3322333333233332233333323
3322333333232332233333323
2322333333233232233333323
2322333333232232233333323
3222333333233322233333323
3222333333232322233333323
2222333333233222233333323
2222333333232222233333323
3323333323222333323333323
2333233333233233323333323
2333233333232233323333323
3233233333233323323333323
3233233333232323323333323
2233233333233223323333323
2233233333232223323333323
3323233333233332323333323
3323233333232332323333323
2323233333233232323333323
2323233333232232323333323
3223233333233322323333323
3223233333232322323333323
2223233333233222323333323
2223233333232222323333323
3332233333233333223333323
3332233333232333223333323
2332233333233233223333323
2332233333232233223333323
3232233333233323223333323
3232233333232323223333323
2232233333233223223333323
2232233333232223223333323
3322233333233332223333323
3322233333232332223333323
3332322233333232223333323
2322233333233232223333323
2322233333232232223333323
3222233333233322223333323
3222233333232322223333323
2222233333233222223333323
2222233333232222223333323
3332333323222333332333323
3332333323222323332333323
3323323333232332332333323
2323323333233232332333323
2323323333232232332333323
3223323333233322332333323
3223323333232322332333323
2223323333233222332333323
2223323333232222332333323
3332323333233333232333323
3332323333232333232333323
2332323333233233232333323
2332323333232233232333323
3232323333233323232333323
3232323333232323232333323
2232323333233223232333323
2232323333232223232333323
3322323333233332232333323
3322323333232332232333323
2322323333233232232333323
2322323333232232232333323
3222323333233322232333323
3222323333232322232333323
2222323333233222232333323
2222323333232222232333323
3333223333233333322333323
3333223333232333322333323
2333223333233233322333323
2333223333232233322333323
3233223333233323322333323
3233223333232323322333323
2233223333233223322333323
2233223333232223322333323
3323223333233332322333323
3323223333232332322333323
2323223333233232322333323
2323223333232232322333323
3223223333233322322333323
3223223333232322322333323
2223223333233222322333323
2223223333232222322333323
3332223333233333222333323
3332223333232333222333323
2332223333233233222333323
2332223333232233222333323
2333323222333323222333323
3232223333233323222333323
3232223333232323222333323
2232223333233223222333323
2232223333232223222333323
3322223333233332222333323
3322223333232332222333323
2322223333233232222333323
2322223333232232222333323
3222223333233322222333323
3222223333232322222333323
2222223333233222222333323
2222223333232222222333323
3333233323222333333233323
3333233323222323333233323
2333233323222322333233323
3233233323222333233233323
3233323233233323233233323
3233233323222323233233323
2233233323222332233233323
2233233323222322233233323
3333232333233333323233323
3333232333232333323233323
3233232333233323323233323
3233232333232323323233323
2233232333233223323233323
2233232333232223323233323
3323232333233332323233323
3323232333232332323233323
2323232333233232323233323
2323232333232232323233323
3223232333233322323233323
3223232333232322323233323
2223232333233222323233323
2223232333232222323233323
3332232333233333223233323
3332232333232333223233323
2332232333233233223233323
2332232333232233223233323
3232232333233323223233323
3233323223233323223233323
3232232333232323223233323
2232232333233223223233323
2232232333232223223233323
3322232333233332223233323
3322232333232332223233323
2322232333233232223233323
2322232333232232223233323
3222232333233322223233323
3222232333232322223233323
2222232333233222223233323
2222232333232222223233323
3333322333233333332233323
3333322333232333332233323
2333322333233233332233323
2333322333232233332233323
3233322333233323332233323
3233322333232323332233323
2233322333233223332233323
2233322333232223332233323
3323322333233332332233323
3323322333232332332233323
2323322333233232332233323
2323322333232232332233323
3223322333233322332233323
3223322333232322332233323
2223322333233222332233323
2223322333232222332233323
3332322333233333232233323
3332322333232333232233323
3232233323222333232233323
2332322333233233232233323
2332322333232233232233323
3232322333233323232233323
3232322333232323232233323
2232322333233223232233323
2232322333232223232233323
3322322333233332232233323
3322322333232332232233323
2322322333233232232233323
2322322333232232232233323
3222322333233322232233323
3222322333232322232233323
2222322333233222232233323
2222322333232222232233323
3333222333233333322233323
3333222333232333322233323
2333222333233233322233323
2333222333232233322233323
3233222333233323322233323
3233222333232323322233323
2233222333233223322233323
2233222333232223322233323
3323222333233332322233323
3323222333232332322233323
2323222333233232322233323
2323222333232232322233323
3223222333233322322233323
3223222333232322322233323
2223222333233222322233323
2223222333232222322233323
3332222333233333222233323
3332222333232333222233323
2332222333233233222233323
2332222333232233222233323
3232222333233323222233323
2233323222233323222233323
3232222333232323222233323
2232222333233223222233323
2232222333232223222233323
3322222333233332222233323
3322222333232332222233323
2322222333233232222233323
2322222333232232222233323
3222222333233322222233323
3222222333232322222233323
2222222333233222222233323
2222222333232222222233323
3333323323222333333323323
3333323323222323333323323
2333323323222332333323323
2333323323222322333323323
3233323323222333233323323
3323323233323323233323323
3233323323222323233323323
2233323323222332233323323
2233323323222322233323323
3223323323222333223323323
3223323323222323223323323
2223323323222332223323323
2332322233233232223323323
2223323323222322223323323
3332323323222333332323323
3332323323222323332323323
2332323323222332332323323
2332323323222322332323323
3232323323222333232323323
2323323232323323232323323
3232323323222323232323323
2232323323222332232323323
2232323323222322232323323
3322323323222333322323323
3322323323222323322323323
2322323323222332322323323
2322323323222322322323323
3222323323222333222323323
2323323222323323222323323
3222323323222323222323323
2222323323222332222323323
2222323323222322222323323
3333332233233333333223323
3333332233232333333223323
2333332233233233333223323
2333332233232233333223323
3233332233233323333223323
3233332233232323333223323
2233332233233223333223323
2233332233232223333223323
3323332233233332333223323
3323332233232332333223323
2323332233233232333223323
2323332233232232333223323
3223332233233322333223323
3223332233232322333223323
2223332233233222333223323
2223332233232222333223323
3332332233233333233223323
3332332233232333233223323
2332332233233233233223323
3232332233233323233223323
3223323233223323233223323
3232332233232323233223323
2232332233233223233223323
2232332233232223233223323
3322332233233332233223323
3322332233232332233223323
2322332233233232233223323
2322332233232232233223323
3222332233233322233223323
3222332233232322233223323
2222332233233222233223323
2222332233232222233223323
3333232233233333323223323
3333232233232333323223323
2333232233233233323223323
2333232233232233323223323
3233232233233323323223323
3233232233232323323223323
3323232233233332323223323
3323232233232332323223323
2323232233233232323223323
2323232233232232323223323
3223232233233322323223323
3223232233232322323223323
2223232233233222323223323
2223232233232222323223323
3332232233233333223223323
3332232233232333223223323
2332232233233233223223323
2332232233232233223223323
3232232233233323223223323
3232232233232323223223323
2232232233233223223223323
2232232233232223223223323
3322232233233332223223323
3322232233232332223223323
2322232233233232223223323
2322232233232232223223323
3222232233233322223223323
3222232233232322223223323
2222232233233222223223323
2222232233232222223223323
3333322233233333332223323
3333322233232333332223323
2333322233233233332223323
2333322233232233332223323
3233322233233323332223323
3233322233232323332223323
2233322233233223332223323
2233322233232223332223323
3323322233233332332223323
3323322233232332332223323
2332223323222332332223323
2323322233233232332223323
2323322233232232332223323
3223322233233322332223323
3223322233232322332223323
2223322233233222332223323
2223322233232222332223323
3332322233233333232223323
3332322233232333232223323
2332322233233233232223323
2332322233232233232223323
3232322233233323232223323
3232322233232323232223323
2232322233233223232223323
2232322233232223232223323
3322322233233332232223323
3322322233232332232223323
2322322233233232232223323
2322322233232232232223323
3222322233233322232223323
3222322233232322232223323
2222322233233222232223323
2222322233232222232223323
3333222233233333322223323
3333222233232333322223323
2333222233233233322223323
2333222233232233322223323
3233222233233323322223323
3233222233232323322223323
2233222233233223322223323
2233222233232223322223323
3323222233233332322223323
3323222233232332322223323
2323222233233232322223323
2323222233232232322223323
3223222233233322322223323
3223222233232322322223323
2223222233233222322223323
2223222233232222322223323
3332222233233333222223323
3332222233232333222223323
2332222233233233222223323
2332222233232233222223323
3232222233233323222223323
2223323222223323222223323
3232222233232323222223323
2232222233233223222223323
2232222233232223222223323
3322222233233332222223323
3322222233232332222223323
2322222233233232222223323
2322222233232232222223323
3222222233233322222223323
3222222233232322222223323
2222222233233222222223323
2222222233232222222223323
3333332323233233333332323
3333332323233223333332323
2333332323233232333332323
2333332323233222333332323
3233332323233233233332323
3233332323233223233332323
2233332323233232233332323
2233332323233222233332323
3323332323233233323332323
3323332323233223323332323
2323332323233232323332323
2323332323233222323332323
3223332323233233223332323
3223332323233223223332323
2223332323233232223332323
2223332323233222223332323
3332332323233233332332323
3332332323233223332332323
2332332323233232332332323
3232323323323232332332323
2332332323233222332332323
2232332323233232232332323
2232332323233222232332323
3322332323233233322332323
3322332323233223322332323
2322332323233232322332323
2322332323233222322332323
3222332323233233222332323
3222332323233223222332323
2222332323233232222332323
2222332323233222222332323
3333323232332333333232323
3333323232332233333232323
2333323232332323333232323
3232323333232323333232323
2333323232332223333232323
3233323232332332333232323
3233323232332232333232323
2233323232332322333232323
2233323232332222333232323
3323323232332333233232323
3323323232332233233232323
2323323232332223233232323
3223323232332332233232323
3223323232332232233232323
2223323232332322233232323
2223323232332222233232323
3333223232332333332232323
3333223232332233332232323
2333223232332323332232323
2232323332232323332232323
2333223232332223332232323
3233223232332332332232323
3233223232332232332232323
2233223232332322332232323
2233223232332222332232323
3323223232332333232232323
3323223232332233232232323
2323223232332323232232323
2323223232332223232232323
3223223232332332232232323
3223223232332232232232323
2223223232332322232232323
2223223232332222232232323
3332223232332333322232323
3332223232332233322232323
2332223232332323322232323
2332223232332223322232323
3232223232332332322232323
3232223232332232322232323
2232223232332322322232323
2232223232332222322232323
3322223232332333222232323
3322223232332233222232323
2322223232332323222232323
2322223232332223222232323
3222223232332332222232323
3222223232332232222232323
2222223232332322222232323
2222223232332222222232323
3333322323222333333322323
3333322323222323333322323
2333322323222332333322323
2333322323222322333322323
3233322323222333233322323
3322323233322323233322323
3233322323222323233322323
2233322323222332233322323
2233322323222322233322323
3323322323222333323322323
3323322323222323323322323
2323322323222332323322323
2323322323222322323322323
3223322323222333223322323
3223322323222323223322323
2223322323222332223322323
2232322233223232223322323
2223322323222322223322323
3332322323222333332322323
3332322323222323332322323
2332322323222332332322323
2332322323222322332322323
3232322323222333232322323
3232322323222323232322323
2232322323222332232322323
2232322323222322232322323
3322322323222333322322323
3322322323222323322322323
2322322323222332322322323
2322322323222322322322323
3222322323222333222322323
2222322323222332222322323
2222322323222322222322323
3333222323222333333222323
3333222323222323333222323
2333222323222332333222323
2333222323222322333222323
3233222323222333233222323
3222323233222323233222323
3233222323222323233222323
2233222323222332233222323
2233222323222322233222323
2323222322232232223222323
3332222323222333332222323
3332222323222323332222323
2332222323222332332222323
2332222323222322332222323
3232222323222333232222323
3232222323222323232222323
2232222323222332232222323
2232222323222322232222323
3322222323222333322222323
3322222323222323322222323
2322222323222332322222323
2322222323222322322222323
3222222323222333222222323
3222222323222323222222323
2222323222222323222222323
2222222323222332222222323
2222222323222322222222323
3333333332233333333333223
3333333332232333333333223
2333333332233233333333223
2333333332232233333333223
3233333332233323333333223
3233333332232323333333223
2233333332233223333333223
2233333332232223333333223
3323333332233332333333223
3323333332232332333333223
2323333332233232333333223
2323333332232232333333223
3223333332233322333333223
3223333332232322333333223
2223333332233222333333223
2223333332232222333333223
3332333332233333233333223
3332333332232333233333223
2332333332233233233333223
2332333332232233233333223
3232333332233323233333223
3232333332232323233333223
3333223233333223233333223
2232333332233223233333223
2232333332232223233333223
3322333332232332233333223
2322333332233232233333223
2322333332232232233333223
3222333332233322233333223
3222333332232322233333223
2222333332233222233333223
2222333332232222233333223
3333233332233333323333223
3333233332232333323333223
2333233332233233323333223
2333233332232233323333223
3233233332233323323333223
3233233332232323323333223
2233233332233223323333223
2233233332232223323333223
3323233332233332323333223
3323233332232332323333223
2323233332233232323333223
2323233332232232323333223
3223233332233322323333223
3223233332232322323333223
2223233332233222323333223
2223233332232222323333223
2332233332233233223333223
2332233332232233223333223
3232233332233323223333223
3232233332232323223333223
2232233332233223223333223
2232233332232223223333223
3322233332233332223333223
3322233332232332223333223
2322233332233232223333223
2322233332232232223333223
3222233332233322223333223
3222233332232322223333223
2222233332233222223333223
2222233332232222223333223
3333323332233333332333223
3333323332232333332333223
2333323332233233332333223
2333323332232233332333223
3233323332233323332333223
3233323332232323332333223
2233323332233223332333223
2233323332232223332333223
3323323332233332332333223
3323323332232332332333223
2323323332233232332333223
2323323332232232332333223
3223323332233322332333223
3223323332232322332333223
2223323332233222332333223
2223323332232222332333223
3332323332233333232333223
3332323332232333232333223
2332323332233233232333223
2332323332232233232333223
3232323332233323232333223
3232323332232323232333223
2232323332233223232333223
2232323332232223232333223
3322323332233332232333223
3322323332232332232333223
2322323332233232232333223
2322323332232232232333223
3222323332233322232333223
3222323332232322232333223
2222323332233222232333223
2222323332232222232333223
3323223332233332322333223
3323223332232332322333223
2323223332233232322333223
2323223332232232322333223
3223223332232322322333223
2223223332233222322333223
2223223332232222322333223
3332223332233333222333223
3332223332232333222333223
2332223332233233222333223
2332223332232233222333223
3232223332233323222333223
3232223332232323222333223
2232223332233223222333223
2232223332232223222333223
3322223332233332222333223
3322223332232332222333223
2322223332233232222333223
2322223332232232222333223
3222223332233322222333223
3222223332232322222333223
2222223332233222222333223
2222223332232222222333223
3333332332233333333233223
3333332332232333333233223
2333332332233233333233223
2333332332232233333233223
3233332332233323333233223
3233332332232323333233223
2233332332233223333233223
2233332332232223333233223
3323332332233332333233223
3323332332232332333233223
2323332332233232333233223
2323332332232232333233223
3223332332233322333233223
3223332332232322333233223
2223332332233222333233223
2223332332232222333233223
3332332332233333233233223
3332332332232333233233223
2332332332233233233233223
2332332332232233233233223
3232332332233323233233223
3232332332232323233233223
3233223233233223233233223
2232332332233223233233223
2232332332232223233233223
3322332332233332233233223
2322332332233232233233223
2322332332232232233233223
3222332332233322233233223
3222332332232322233233223
2222332332233222233233223
2222332332232222233233223
3333232332233333323233223
3333232332232333323233223
2333232332233233323233223
2333232332232233323233223
3233232332233323323233223
3233232332232323323233223
2233232332233223323233223
2233232332232223323233223
3323232332233332323233223
3323232332232332323233223
2323232332233232323233223
2323232332232232323233223
3223232332233322323233223
3223232332232322323233223
2223232332233222323233223
2223232332232222323233223
3332232332233333223233223
3332232332232333223233223
3232232332233323223233223
3232232332232323223233223
3233223223233223223233223
2232232332233223223233223
2232232332232223223233223
3322232332233332223233223
3322232332232332223233223
2322232332233232223233223
2322232332232232223233223
3222232332233322223233223
3222232332232322223233223
2222232332233222223233223
2222232332232222223233223
2232233223222332232233223
3333222332233333322233223
3333222332232333322233223
2333222332233233322233223
2333222332232233322233223
3233222332233323322233223
3233222332232323322233223
2233222332233223322233223
2233222332232223322233223
3323222332233332322233223
3323222332232332322233223
2323222332233232322233223
2323222332232232322233223
3223222332233322322233223
3223222332232322322233223
2223222332233222322233223
2223222332232222322233223
3332222332233333222233223
3332222332232333222233223
2332222332233233222233223
2332222332232233222233223
3232222332233323222233223
3232222332232323222233223
2232222332233223222233223
2232222332232223222233223
3322222332233332222233223
3322222332232332222233223
2322222332233232222233223
2322222332232232222233223
3222222332233322222233223
3222222332232322222233223
2222222332233222222233223
2222222332232222222233223
3333333232233333333323223
3333333232232333333323223
2333333232233233333323223
2333333232232233333323223
3233333232233323333323223
3233333232232323333323223
2233333232233223333323223
2233333232232223333323223
3323333232233332333323223
3323333232232332333323223
2323333232233232333323223
2323333232232232333323223
3223333232233322333323223
3223333232232322333323223
2223333232233222333323223
2223333232232222333323223
3332333232233333233323223
3332333232232333233323223
2332333232233233233323223
2332333232232233233323223
3232333232233323233323223
3232333232232323233323223
2232333232233223233323223
3323223233323223233323223
2232333232232223233323223
3322333232233332233323223
3322333232232332233323223
2322333232232232233323223
3222333232233322233323223
3222333232232322233323223
2222333232233222233323223
2222333232232222233323223
3333233232233333323323223
3333233232232333323323223
2333233232233233323323223
2333233232232233323323223
3233233232233323323323223
3233233232232323323323223
2233233232233223323323223
2233233232232223323323223
3323233232233332323323223
3323233232232332323323223
2323233232233232323323223
2323233232232232323323223
3223233232233322323323223
3223233232232322323323223
2223233232233222323323223
2223233232232222323323223
3332233232233333223323223
3332233232232333223323223
2332233232233233223323223
2332233232232233223323223
3223323223222323223323223
2232233232233223223323223
2232233232232223223323223
3322233232233332223323223
3322233232232332223323223
2322233232233232223323223
2322233232232232223323223
3222233232233322223323223
3222233232232322223323223
2222233232233222223323223
2222233232232222223323223
3333323232233333332323223
3333323232232333332323223
2333323232233233332323223
2333323232232233332323223
3233323232233323332323223
3233323232232323332323223
2233323232233223332323223
2233323232232223332323223
3323323232233332332323223
3323323232232332332323223
2323323232233232332323223
2323323232232232332323223
3223323232233322332323223
3223323232232322332323223
2223323232233222332323223
2223323232232222332323223
3332323232233333232323223
3332323232232333232323223
2332323232233233232323223
2332323232232233232323223
3232323232233323232323223
3232323232232323232323223
2232323232233223232323223
2232323232232223232323223
3322323232233332232323223
3322323232232332232323223
2322323232233232232323223
2322323232232232232323223
3222323232233322232323223
3222323232232322232323223
2222323232233222232323223
2222323232232222232323223
3333223232233333322323223
3333223232232333322323223
2333223232233233322323223
2333223232232233322323223
3233223232233323322323223
3233223232232323322323223
2233223232233223322323223
2233223232232223322323223
2322323223222332322323223
2322323223222322322323223
3332223232233333222323223
3332223232232333222323223
2332223232233233222323223
2332223232232233222323223
3232223232233323222323223
3232223232232323222323223
2232223232233223222323223
2232223232232223222323223
3322223232233332222323223
3322223232232332222323223
2322223232233232222323223
2322223232232232222323223
3222223232233322222323223
3222223232232322222323223
2222223232233222222323223
2222223232232222222323223
3223223233223223233223223
2322322332232232233223223
3232232232322233323223223
3232232232322232323223223
3322322322332333223223223
3322322322332233223223223
2322322322332323223223223
3222322322332332223223223
2233222322322332223223223
3222322322332232223223223
2222322322332322223223223
2222322322332222223223223
3332223223222333332223223
3332223223222323332223223
2332223223222332332223223
2332223223222322332223223
3232223223222333232223223
3232223223222323232223223
3223222322232322232223223
3322223223222333322223223
3322223223222323322223223
2322223223222332322223223
2322223223222322322223223
3222223223222333222223223
3222223223222323222223223
2223223222223223222223223
2222223223222332222223223
2222223223222322222223223
3333333322233333333332223
3333333322232333333332223
2333333322233233333332223
2333333322232233333332223
3233333322233323333332223
3233333322232323333332223
2233333322233223333332223
2233333322232223333332223
3323333322233332333332223
3323333322232332333332223
2323333322233232333332223
2323333322232232333332223
3223333322233322333332223
3223333322232322333332223
2223333322233222333332223
2223333322232222333332223
3332333322233333233332223
3332333322232333233332223
2332333322233233233332223
2332333322232233233332223
3232333322233323233332223
3232333322232323233332223
2232333322233223233332223
2232333322232223233332223
3322333322233332233332223
3322333322232332233332223
2322333322233232233332223
2322333322232232233332223
3222333322232322233332223
2222333322233222233332223
2222333322232222233332223
3333233322233333323332223
3333233322232333323332223
2333233322233233323332223
2333233322232233323332223
3233233322233323323332223
3233233322232323323332223
2233233322233223323332223
2233233322232223323332223
3323233322233332323332223
3323233322232332323332223
2323233322233232323332223
2323233322232232323332223
3223233322233322323332223
3223233322232322323332223
2223233322233222323332223
2223233322232222323332223
3332233322233333223332223
3332233322232333223332223
2332233322233233223332223
2332233322232233223332223
3232233322233323223332223
3232233322232323223332223
2232233322233223223332223
2232233322232223223332223
2322233322233232223332223
2322233322232232223332223
3222233322233322223332223
3222233322232322223332223
2222233322233222223332223
2222233322232222223332223
3333323322233333332332223
3333323322232333332332223
2333323322233233332332223
2333323322232233332332223
3233323322233323332332223
3233323322232323332332223
2233323322233223332332223
2233323322232223332332223
3323323322233332332332223
3323323322232332332332223
2323323322233232332332223
2323323322232232332332223
3223323322233322332332223
3223323322232322332332223
2223323322233222332332223
2223323322232222332332223
3332323322233333232332223
3332323322232333232332223
2332323322233233232332223
2332323322232233232332223
3232323322233323232332223
3232323322232323232332223
2232323322233223232332223
2232323322232223232332223
3322323322233332232332223
3322323322232332232332223
2322323322233232232332223
2322323322232232232332223
3222323322233322232332223
3222323322232322232332223
2222323322233222232332223
2222323322232222232332223
3333223322233333322332223
3333223322232333322332223
2333223322233233322332223
2333223322232233322332223
3233223322233323322332223
3233223322232323322332223
2233223322233223322332223
2233223322232223322332223
3323223322233332322332223
3323223322232332322332223
2323223322233232322332223
2323223322232232322332223
3223223322233322322332223
3223223322232322322332223
2223223322232222322332223
2232223322232223222332223
3322223322233332222332223
3322223322232332222332223
2322223322233232222332223
2322223322232232222332223
3222223322233322222332223
3222223322232322222332223
2222223322233222222332223
2222223322232222222332223
3333332322233333333232223
3333332322232333333232223
2333332322233233333232223
2333332322232233333232223
3233332322233323333232223
3233332322232323333232223
2233332322233223333232223
2233332322232223333232223
3323332322233332333232223
3323332322232332333232223
2323332322233232333232223
2323332322232232333232223
3223332322233322333232223
3223332322232322333232223
2223332322233222333232223
2223332322232222333232223
3332332322233333233232223
3332332322232333233232223
2332332322233233233232223
2332332322232233233232223
3232332322233323233232223
3232332322232323233232223
2232332322233223233232223
2232332322232223233232223
3322332322233332233232223
3322332322232332233232223
2322332322233232233232223
2322332322232232233232223
3222332322233322233232223
2222332322233222233232223
2222332322232222233232223
3333232322233333323232223
3333232322232333323232223
2333232322233233323232223
2333232322232233323232223
3233232322233323323232223
3233232322232323323232223
2233232322233223323232223
2233232322232223323232223
3323232322233332323232223
3323232322232332323232223
2323232322233232323232223
2323232322232232323232223
3223232322233322323232223
3223232322232322323232223
2223232322233222323232223
2223232322232222323232223
3332232322233333223232223
3332232322232333223232223
2332232322233233223232223
2332232322232233223232223
3232232322233323223232223
3232232322232323223232223
2232232322233223223232223
3232223223232223223232223
2232232322232223223232223
3322232322233332223232223
3322232322232332223232223
3222232322233322223232223
3222232322232322223232223
2222232322233222223232223
2222232322232222223232223
3333322322233333332232223
3333322322232333332232223
2333322322233233332232223
2333322322232233332232223
3233322322233323332232223
3233322322232323332232223
2233322322233223332232223
2233322322232223332232223
3323322322233332332232223
3323322322232332332232223
2323322322233232332232223
2323322322232232332232223
3223322322233322332232223
3223322322232322332232223
2223322322233222332232223
2223322322232222332232223
3332322322233333232232223
3332322322232333232232223
2332322322233233232232223
2332322322232233232232223
3232322322233323232232223
3232322322232323232232223
2232322322233223232232223
2232322322232223232232223
3322322322233332232232223
3322322322232332232232223
2322322322233232232232223
2322322322232232232232223
3222322322233322232232223
3222322322232322232232223
2222322322233222232232223
2222322322232222232232223
3222322232223323322232223
2232223222332222322232223
2222322232223323222232223
2222322232223322222232223
3333333222233333333322223
3333333222232333333322223
2333333222233233333322223
2333333222232233333322223
3233333222233323333322223
3233333222232323333322223
2233333222233223333322223
2233333222232223333322223
3323333222233332333322223
3323333222232332333322223
2323333222233232333322223
2323333222232232333322223
3223333222233322333322223
3223333222232322333322223
2223333222233222333322223
2223333222232222333322223
3332333222233333233322223
3332333222232333233322223
2332333222233233233322223
2332333222232233233322223
3232333222233323233322223
3232333222232323233322223
2232333222233223233322223
2232333222232223233322223
3322333222233332233322223
3322333222232332233322223
2322333222233232233322223
2322333222232232233322223
3222333222233322233322223
3222333222232322233322223
2222333222232222233322223
3333233222233333323322223
3333233222232333323322223
2333233222233233323322223
2333233222232233323322223
3233233222233323323322223
3233233222232323323322223
2233233222233223323322223
2233233222232223323322223
3323233222233332323322223
3323233222232332323322223
2323233222233232323322223
2323233222232232323322223
3223233222233322323322223
3223233222232322323322223
2223233222233222323322223
2223233222232222323322223
3332233222233333223322223
3332233222232333223322223
2332233222233233223322223
2332233222232233223322223
3232233222233323223322223
3232233222232323223322223
2232233222233223223322223
2232233222232223223322223
3322233222233332223322223
3322233222232332223322223
2322233222233232223322223
2322233222232232223322223
2222233222233222223322223
2222233222232222223322223
3333323222233333332322223
3333323222232333332322223
2333323222233233332322223
2333323222232233332322223
3233323222233323332322223
3233323222232323332322223
2233323222233223332322223
2233323222232223332322223
3323323222233332332322223
3323323222232332332322223
2323323222233232332322223
2323323222232232332322223
3223323222233322332322223
3223323222232322332322223
2223323222233222332322223
2223323222232222332322223
3332323222233333232322223
3332323222232333232322223
2332323222233233232322223
2332323222232233232322223
3232323222233323232322223
3232323222232323232322223
2232323222233223232322223
2232323222232223232322223
3322323222233332232322223
3322323222232332232322223
2322323222233232232322223
2322323222232232232322223
3222323222233322232322223
3222323222232322232322223
2222323222233222232322223
2222323222232222232322223
3333223222233333322322223
3333223222232333322322223
2333223222233233322322223
2333223222232233322322223
3233223222233323322322223
3233223222232323322322223
2233223222233223322322223
2233223222232223322322223
3323223222233332322322223
3323223222232332322322223
2323223222233232322322223
2323223222232232322322223
3223223222233322322322223
3223223222232322322322223
2223223222233222322322223
3332223222233333222322223
3332223222232333222322223
2332223222233233222322223
2332223222232233222322223
3232223222233323222322223
3232223222232323222322223
2232223222233223222322223
2232223222232223222322223
2223222232322232222322223
3333332222233333333222223
3333332222232333333222223
2333332222233233333222223
2333332222232233333222223
3233332222233323333222223
3233332222232323333222223
2233332222233223333222223
2233332222232223333222223
3323332222233332333222223
3323332222232332333222223
2323332222233232333222223
2323332222232232333222223
3223332222233322333222223
3223332222232322333222223
2223332222233222333222223
2223332222232222333222223
3332332222233333233222223
3332332222232333233222223
2332332222233233233222223
2332332222232233233222223
3232332222233323233222223
3232332222232323233222223
2232332222233223233222223
2232332222232223233222223
3322332222233332233222223
3322332222232332233222223
2322332222233232233222223
2322332222232232233222223
3222332222233322233222223
3222332222232322233222223
2222332222233222233222223
3333232222233333323222223
3333232222232333323222223
2333232222233233323222223
2333232222232233323222223
3233232222233323323222223
3233232222232323323222223
2233232222233223323222223
2233232222232223323222223
3323232222233332323222223
3323232222232332323222223
2323232222233232323222223
2323232222232232323222223
3223232222233322323222223
3223232222232322323222223
2223232222233222323222223
2223232222232222323222223
3332232222233333223222223
3332232222232333223222223
2332232222233233223222223
2332232222232233223222223
3232232222233323223222223
3232232222232323223222223
2232232222233223223222223
2232232222232223223222223
3222223223222223223222223
3322232222233332223222223
3322232222232332223222223
2322232222233232223222223
2322232222232232223222223
3222232222233322223222223
3222232222232322223222223
3333322222233333332222223
3333322222232333332222223
2333322222233233332222223
2333322222232233332222223
3233322222233323332222223
3233322222232323332222223
2233322222233223332222223
2233322222232223332222223
3323322222233332332222223
3323322222232332332222223
2323322222233232332222223
2323322222232232332222223
3223322222233322332222223
3223322222232322332222223
2223322222233222332222223
2223322222232222332222223
3332322222233333232222223
3332322222232333232222223
2332322222233233232222223
2332322222232233232222223
3232322222233323232222223
3232322222232323232222223
2232322222233223232222223
2232322222232223232222223
3322322222233332232222223
3322322222232332232222223
2322322222233232232222223
2322322222232232232222223
3222322222233322232222223
3222322222232322232222223
2222322222233222232222223
2222322222232222232222223
3333222222233333322222223
3333222222232333322222223
2333222222233233322222223
2333222222232233322222223
3233222222233323322222223
3233222222232323322222223
2233222222233223322222223
2233222222232223322222223
3323222222233332322222223
3323222222232332322222223
2323222222233232322222223
2323222222232232322222223
3223222222233322322222223
3223222222232322322222223
2223222222233222322222223
2223222222232222322222223
3332222222233333222222223
3332222222232333222222223
2332222222233233222222223
2332222222232233222222223
3232222222233323222222223
3232222222232323222222223
2232222222233223222222223
2232222222232223222222223
3322222222233332222222223
3322222222232332222222223
2322222222233232222222223
2322222222232232222222223
3222222222233322222222223
3222222222232322222222223
2222222222233222222222223
2222222222232222222222223
3333333333323333333333332
3333333333322333333333332
2333333333323233333333332
2333333333322233333333332
3233333333323323333333332
3233333333322323333333332
2233333333323223333333332
2233333333322223333333332
3323333333323332333333332
3323333333322332333333332
2323333333323232333333332
2323333333322232333333332
3223333333323322333333332
3223333333322322333333332
2223333333323222333333332
2223333333322222333333332
3332333333323333233333332
3332333333322333233333332
2332333333323233233333332
2332333333322233233333332
3232333333323323233333332
3232333333322323233333332
2232333333323223233333332
2232333333322223233333332
3333332233333332233333332
3322333333323332233333332
3322333333322332233333332
2322333333323232233333332
2322333333322232233333332
3222333333323322233333332
3222333333322322233333332
2222333333323222233333332
2222333333322222233333332
3333233333323333323333332
3333233333322333323333332
2333233333323233323333332
2333233333322233323333332
3233233333323323323333332
3233233333322323323333332
2233233333323223323333332
2233233333322223323333332
3323233333323332323333332
3323233333322332323333332
2323233333323232323333332
2323233333322232323333332
3223233333323322323333332
3223233333322322323333332
2223233333323222323333332
2223233333322222323333332
3332233333323333223333332
3332233333322333223333332
2332233333323233223333332
2332233333322233223333332
3232233333323323223333332
3232233333322323223333332
2232233333323223223333332
2232233333322223223333332
3322233333323332223333332
3322233333322332223333332
2322233333323232223333332
2322233333322232223333332
3222233333323322223333332
3222233333322322223333332
2222233333323222223333332
2222233333322222223333332
2333323333323233332333332
2333323333322233332333332
3233323333323323332333332
3233323333322323332333332
2233323333323223332333332
2233323333322223332333332
3323323333323332332333332
3323323333322332332333332
2323323333323232332333332
2323323333322232332333332
3223323333323322332333332
3223323333322322332333332
2223323333323222332333332
2223323333322222332333332
3332323333323333232333332
3332323333322333232333332
2332323333323233232333332
2332323333322233232333332
3232323333323323232333332
3232323333322323232333332
2232323333323223232333332
2232323333322223232333332
2333332232333332232333332
3322323333323332232333332
3322323333322332232333332
2322323333323232232333332
2322323333322232232333332
3222323333323322232333332
3222323333322322232333332
2222323333323222232333332
2222323333322222232333332
3333223333322333322333332
2333223333323233322333332
2333223333322233322333332
3233223333323323322333332
3233223333322323322333332
2233223333323223322333332
2233223333322223322333332
3323223333323332322333332
3323223333322332322333332
2323223333323232322333332
2323223333322232322333332
3223223333323322322333332
3223223333322322322333332
2223223333323222322333332
2223223333322222322333332
3332223333323333222333332
3332223333322333222333332
2332223333323233222333332
2332223333322233222333332
3232223333323323222333332
3232223333322323222333332
2232223333323223222333332
2232223333322223222333332
3322223333323332222333332
3322223333322332222333332
2322223333323232222333332
2322223333322232222333332
3222223333323322222333332
3222223333322322222333332
2222223333323222222333332
2222223333322222222333332
3323332333323332333233332
3323332333322332333233332
2323332333323232333233332
2323332333322232333233332
3223332333323322333233332
3223332333322322333233332
2223332333323222333233332
2223332333322222333233332
3332332333322333233233332
2332332333323233233233332
2332332333322233233233332
3232332333323323233233332
3232332333322323233233332
2232332333323223233233332
2232332333322223233233332
3233332233233332233233332
3322332333323332233233332
3322332333322332233233332
2322332333323232233233332
2322332333322232233233332
3222332333323322233233332
3222332333322322233233332
2222332333323222233233332
2222332333322222233233332
3333232333323333323233332
3333232333322333323233332
2333232333323233323233332
2333232333322233323233332
3233232333323323323233332
3233232333322323323233332
2233232333323223323233332
2233232333322223323233332
3323232333323332323233332
3323232333322332323233332
2323232333323232323233332
2323232333322232323233332
3223232333323322323233332
3223232333322322323233332
2223232333323222323233332
2223232333322222323233332
3332232333323333223233332
3332232333322333223233332
2332232333323233223233332
2332232333322233223233332
3232232333323323223233332
3232232333322323223233332
2232232333323223223233332
2232232333322223223233332
3322232333323332223233332
3322232333322332223233332
2322232333323232223233332
2322232333322232223233332
3222232333323322223233332
3222232333322322223233332
2222232333323222223233332
2222232333322222223233332
3333322333323333332233332
3333322333322333332233332
3233322333323323332233332
3233322333322323332233332
2233322333323223332233332
2233322333322223332233332
3323322333323332332233332
3323322333322332332233332
2323322333323232332233332
2323322333322232332233332
3223322333323322332233332
3223322333322322332233332
2223322333323222332233332
2223322333322222332233332
3332322333323333232233332
3332322333322333232233332
2332322333323233232233332
2332322333322233232233332
3232322333323323232233332
3232322333322323232233332
2232322333323223232233332
2232322333322223232233332
2233332232233332232233332
3322322333323332232233332
3322322333322332232233332
2322322333323232232233332
2322322333322232232233332
3222322333323322232233332
3222322333322322232233332
2222322333323222232233332
2222322333322222232233332
3333222333323333322233332
2333222333323233322233332
2333222333322233322233332
3233222333323323322233332
3233222333322323322233332
2233222333323223322233332
2233222333322223322233332
3323222333323332322233332
3323222333322332322233332
2323222333323232322233332
2323222333322232322233332
3223222333323322322233332
3223222333322322322233332
2223222333323222322233332
2223222333322222322233332
3332222333323333222233332
3332222333322333222233332
2332222333323233222233332
2332222333322233222233332
3232222333323323222233332
3232222333322323222233332
2232222333323223222233332
2232222333322223222233332
3322222333323332222233332
3322222333322332222233332
2322222333323232222233332
2322222333322232222233332
3222222333323322222233332
3222222333322322222233332
2222222333323222222233332
2222222333322222222233332
3323332233323332233323332
3333233233323333323323332
3333233233322333323323332
2333233233323233323323332
2333233233322233323323332
3233233233323323323323332
3233233233322323323323332
2233233233323223323323332
2233233233322223323323332
3323233233323332323323332
3323233233322332323323332
2323233233323232323323332
2323233233322232323323332
3223233233323322323323332
3223233233322322323323332
2223233233323222323323332
2223233233322222323323332
3332233233323333223323332
3332233233322333223323332
2332233233323233223323332
2332233233322233223323332
3232233233323323223323332
3232233233322323223323332
2232233233323223223323332
2232233233322223223323332
3322233233323332223323332
3322233233322332223323332
2322233233323232223323332
2322233233322232223323332
3222233233323322223323332
3222233233322322223323332
2222233233323222223323332
2222233233322222223323332
3333323233323333332323332
3333323233322333332323332
2333323233323233332323332
2333323233322233332323332
2233323233323223332323332
2233323233322223332323332
3323323233323332332323332
3323323233322332332323332
2323323233323232332323332
2323323233322232332323332
3223323233323322332323332
3223323233322322332323332
2223323233323222332323332
2223323233322222332323332
3332323233323333232323332
3332323233322333232323332
2332323233323233232323332
2332323233322233232323332
3232323233323323232323332
3232323233322323232323332
2232323233323223232323332
2232323233322223232323332
3322323233323332232323332
2323332232323332232323332
3322323233322332232323332
2322323233323232232323332
2322323233322232232323332
3222323233323322232323332
3222323233322322232323332
2222323233323222232323332
2222323233322222232323332
3333223233323333322323332
3333223233322333322323332
2333223233322233322323332
3233223233323323322323332
3233223233322323322323332
2233223233323223322323332
2233223233322223322323332
3323223233323332322323332
3323223233322332322323332
2323223233323232322323332
2323223233322232322323332
3223223233323322322323332
3223223233322322322323332
2223223233323222322323332
2223223233322222322323332
3332223233323333222323332
3332223233322333222323332
2332223233323233222323332
2332223233322233222323332
3232223233323323222323332
3232223233322323222323332
2232223233323223222323332
2232223233322223222323332
3322223233323332222323332
3322223233322332222323332
2322223233323232222323332
2322223233322232222323332
3222223233323322222323332
3222223233322322222323332
2222223233323222222323332
2222223233322222222323332
3333332233323333333223332
3333332233322333333223332
2333332233323233333223332
2333332233322233333223332
3233332233323323333223332
3233332233322323333223332
2233332233323223333223332
2233332233322223333223332
3332332233323333233223332
2332332233323233233223332
2332332233322233233223332
3232332233323323233223332
3232332233322323233223332
2232332233323223233223332
2232332233322223233223332
3322332233323332233223332
3223332233223332233223332
3322332233322332233223332
2322332233323232233223332
2322332233322232233223332
3222332233323322233223332
3222332233322322233223332
2222332233323222233223332
2222332233322222233223332
3333232233323333323223332
3333232233322333323223332
2333232233323233323223332
2333232233322233323223332
3233232233323323323223332
3233232233322323323223332
2233232233323223323223332
2233232233322223323223332
3323232233323332323223332
3323232233322332323223332
2323232233323232323223332
2323232233322232323223332
3223232233323322323223332
3223232233322322323223332
2223232233323222323223332
2223232233322222323223332
3332232233323333223223332
3332232233322333223223332
2332232233323233223223332
2332232233322233223223332
3232232233323323223223332
3232232233322323223223332
2232232233323223223223332
2232232233322223223223332
3322232233323332223223332
3322232233322332223223332
2322232233323232223223332
2322232233322232223223332
3222232233323322223223332
3222232233322322223223332
2222232233323222223223332
2222232233322222223223332
3333322233323333332223332
3333322233322333332223332
2333322233323233332223332
2333322233322233332223332
3233322233323323332223332
3233322233322323332223332
3332223332223223332223332
3323322233323332332223332
3323322233322332332223332
2323322233323232332223332
2323322233322232332223332
3223322233323322332223332
3223322233322322332223332
2223322233323222332223332
2223322233322222332223332
3332322233323333232223332
3332322233322333232223332
2332322233323233232223332
2332322233322233232223332
3232322233323323232223332
3232322233322323232223332
2232322233323223232223332
2232322233322223232223332
3322322233323332232223332
2223332232223332232223332
3322322233322332232223332
2322322233323232232223332
2322322233322232232223332
3222322233323322232223332
3222322233322322232223332
2222322233323222232223332
2222322233322222232223332
3333222233323333322223332
3333222233322333322223332
2333222233323233322223332
3233222233323323322223332
3233222233322323322223332
2233222233323223322223332
2233222233322223322223332
3323222233323332322223332
3323222233322332322223332
2323222233323232322223332
2323222233322232322223332
3223222233323322322223332
3223222233322322322223332
2223222233323222322223332
2223222233322222322223332
3332222233323333222223332
3332222233322333222223332
2332222233323233222223332
2332222233322233222223332
3232222233323323222223332
3232222233322323222223332
2232222233323223222223332
2232222233322223222223332
3322222233323332222223332
3322222233322332222223332
2322222233323232222223332
2322222233322232222223332
3222222233323322222223332
3222222233322322222223332
2222222233323222222223332
2222222233322222222223332
3332332233332332233332332
2332332232332332232332332
3222332332223233222332332
3333332323323333333232332
3333332323322333333232332
2333332323323233333232332
2333332323322233333232332
3233332323323323333232332
3233332323322323333232332
2233332323323223333232332
2233332323322223333232332
3323332323323332333232332
3323332323322332333232332
2323332323323232333232332
2323332323322232333232332
3223332323323322333232332
3223332323322322333232332
2223332323323222333232332
2223332323322222333232332
3322332323323332233232332
3232332233232332233232332
3322332323322332233232332
2322332323323232233232332
2322332323322232233232332
3222332323323322233232332
3222332323322322233232332
2222332323323222233232332
2222332323322222233232332
3333232323323333323232332
3333232323322333323232332
2333232323323233323232332
2333232323322233323232332
3233232323323323323232332
3233232323322323323232332
2233232323323223323232332
2233232323322223323232332
3323232323323332323232332
3323232323322332323232332
2323232323323232323232332
2323232323322232323232332
3223232323323322323232332
3223232323322322323232332
2223232323323222323232332
2223232323322222323232332
3332232323323333223232332
3332232323322333223232332
2332232323323233223232332
2332232323322233223232332
3232232323323323223232332
3232232323322323223232332
2232232323323223223232332
2232232323322223223232332
3322232323323332223232332
3322232323322332223232332
2322232323323232223232332
2322232323322232223232332
3222232323323322223232332
3222232323322322223232332
2222232323323222223232332
2222232323322222223232332
3333322323323333332232332
3333322323322333332232332
2333322323323233332232332
2333322323322233332232332
3233322323323323332232332
3233322323322323332232332
2233322323323223332232332
2233322323322223332232332
3323322323323332332232332
3323322323322332332232332
3223322323323322332232332
3223322323322322332232332
2223322323323222332232332
2223322323322222332232332
3332322323323333232232332
3332322323322333232232332
2332322323323233232232332
2332322323322233232232332
3232322323323323232232332
3232322323322323232232332
2232322323323223232232332
2232322323322223232232332
3322322323323332232232332
2232332232232332232232332
3322322323322332232232332
2322322323323232232232332
2322322323322232232232332
3222322323323322232232332
3233222322323322232232332
3222322323322322232232332
2222322323323222232232332
2222322323322222232232332
3333222323323333322232332
3333222323322333322232332
2333222323323233322232332
2333222323322233322232332
3233222323323323322232332
2233222323323223322232332
2233222323322223322232332
3323222323323332322232332
3323222323322332322232332
2323222323323232322232332
2323222323322232322232332
3223222323323322322232332
3223222323322322322232332
2223222323323222322232332
2223222323322222322232332
3332222323323333222232332
3332222323322333222232332
2332222323323233222232332
2332222323322233222232332
3232222323323323222232332
3232222323322323222232332
2232222323323223222232332
2232222323322223222232332
3322222323323332222232332
3322222323322332222232332
2322222323323232222232332
2322222323322232222232332
3222222323323322222232332
3222222323322322222232332
2222222323323222222232332
2222222323322222222232332
3333333223323333333322332
3333333223322333333322332
2333333223323233333322332
2333333223322233333322332
3233333223323323333322332
3233333223322323333322332
2233333223323223333322332
2233333223322223333322332
3323333223323332333322332
3323333223322332333322332
2323333223323232333322332
2323333223322232333322332
3223333223323322333322332
3223333223322322333322332
2223333223323222333322332
2223333223322222333322332
3332333223323333233322332
3332333223322333233322332
2332333223323233233322332
2332333223322233233322332
3232333223323323233322332
3232333223322323233322332
2232333223323223233322332
2232333223322223233322332
3322333223323332233322332
3322332233322332233322332
3322333223322332233322332
2322333223323232233322332
2322333223322232233322332
3222333223323322233322332
3222333223322322233322332
2222333223323222233322332
2222333223322222233322332
3333323223323333332322332
3333323223322333332322332
2333323223323233332322332
2333323223322233332322332
3233323223323323332322332
3233323223322323332322332
2233323223323223332322332
2233323223322223332322332
3323323223323332332322332
3323323223322332332322332
2323323223323232332322332
2323323223322232332322332
2223323223323222332322332
2223323223322222332322332
3332323223323333232322332
3332323223322333232322332
2332323223323233232322332
2332323223322233232322332
3232323223323323232322332
3232323223322323232322332
2232323223323223232322332
2232323223322223232322332
3322323223323332232322332
3322323223322332232322332
2322332232322332232322332
2322323223323232232322332
2322323223322232232322332
3222323223323322232322332
3222323223322322232322332
2222323223323222232322332
2222323223322222232322332
3333223223323333322322332
3333223223322333322322332
2333223223323233322322332
2333223223322233322322332
3233223223323323322322332
3233223223322323322322332
2233223223322223322322332
3323223223323332322322332
3323223223322332322322332
2323223223323232322322332
2323223223322232322322332
3223223223323322322322332
3223223223322322322322332
2223223223323222322322332
2223223223322222322322332
3332223223323333222322332
3332223223322333222322332
2332223223323233222322332
2332223223322233222322332
3232223223323323222322332
3232223223322323222322332
2232223223323223222322332
2232223223322223222322332
3322223223323332222322332
3322223223322332222322332
2322223223323232222322332
2322223223322232222322332
3222223223323322222322332
3222223223322322222322332
2222223223323222222322332
2222223223322222222322332
3333332223323333333222332
3333332223322333333222332
2333332223323233333222332
2333332223322233333222332
3233332223323323333222332
3233332223322323333222332
2233332223323223333222332
2233332223322223333222332
3323332223323332333222332
3323332223322332333222332
2323332223323232333222332
2323332223322232333222332
3223332223323322333222332
3223332223322322333222332
2223332223323222333222332
2223332223322222333222332
3332332223323333233222332
3332332223322333233222332
2332332223323233233222332
3232332223323323233222332
3232332223322323233222332
2232332223323223233222332
2232332223322223233222332
3222332233222332233222332
2233222332223232233222332
2233222332223222233222332
3333232223323333323222332
3333232223322333323222332
2333232223323233323222332
2333232223322233323222332
3233232223323323323222332
3233232223322323323222332
2233232223323223323222332
2233232223322223323222332
3323232223323332323222332
3323232223322332323222332
2323232223323232323222332
2323232223322232323222332
3223232223323322323222332
3223232223322322323222332
2223232223323222323222332
2223232223322222323222332
3332232223323333223222332
3332232223322333223222332
2332232223323233223222332
2332232223322233223222332
3232232223323323223222332
3232232223322323223222332
2232232223323223223222332
2232232223322223223222332
3322232223323332223222332
3322232223322332223222332
2322232223323232223222332
2322232223322232223222332
3222232223323322223222332
3222232223322322223222332
2222232223323222223222332
2222232223322222223222332
3333322223323333332222332
3333322223322333332222332
2333322223323233332222332
2333322223322233332222332
3233322223323323332222332
3233322223322323332222332
2233322223323223332222332
2233322223322223332222332
3323322223323332332222332
3323322223322332332222332
2323322223323232332222332
2323322223322232332222332
3223322223323322332222332
3223322223322322332222332
3332322223323333232222332
3332322223322333232222332
2332322223323233232222332
2332322223322233232222332
3232322223323323232222332
3232322223322323232222332
2232322223323223232222332
2232322223322223232222332
3322322223323332232222332
3322322223322332232222332
2222332232222332232222332
2322322223323232232222332
2322322223322232232222332
3222322223323322232222332
3222322223322322232222332
2222322223323222232222332
2222322223322222232222332
3333222223323333322222332
3333222223322333322222332
2333222223323233322222332
2333222223322233322222332
3233222223323323322222332
3233222223322323322222332
2233222223323223322222332
3323222223323332322222332
3323222223322332322222332
2323222223323232322222332
2323222223322232322222332
3223222223323322322222332
3223222223322322322222332
2223222223323222322222332
2223222223322222322222332
3332222223323333222222332
3332222223322333222222332
2332222223323233222222332
2332222223322233222222332
3232222223323323222222332
3232222223322323222222332
2232222223323223222222332
2232222223322223222222332
3322222223323332222222332
3322222223322332222222332
2322222223323232222222332
2322222223322232222222332
3222222223323322222222332
3222222223322322222222332
2222222223323222222222332
2222222223322222222222332
3333232233333232233333232
2333232232333232232333232
3233232233233232233233232
2233232232233232232233232
3323222322332322232233232
2322233232223232322233232
3233232323322232323323232
3223232233223232233223232
3223232223223232223223232
2323222322232322232223232
3232223222322322232223232
3333333322323333333332232
3333333322322333333332232
2333333322323233333332232
2333333322322233333332232
3233333322323323333332232
3233333322322323333332232
2233333322323223333332232
2233333322322223333332232
3323333322323332333332232
3323333322322332333332232
2323333322323232333332232
2323333322322232333332232
3223333322323322333332232
3223333322322322333332232
2223333322323222333332232
2223333322322222333332232
3332333322323333233332232
3332333322322333233332232
2332333322323233233332232
2332333322322233233332232
3232333322323323233332232
3232333322322323233332232
2232333322323223233332232
2232333322322223233332232
3322333322323332233332232
3322333322322332233332232
2322333322323232233332232
3332232233332232233332232
2322333322322232233332232
3222333322323322233332232
3222333322322322233332232
2222333322323222233332232
2222333322322222233332232
3333233322323333323332232
3333233322322333323332232
2333233322323233323332232
2333233322322233323332232
3233233322323323323332232
3233233322322323323332232
2233233322323223323332232
2233233322322223323332232
3323233322323332323332232
3323233322322332323332232
2323233322323232323332232
2323233322322232323332232
3223233322323322323332232
3223233322322322323332232
2223233322323222323332232
2223233322322222323332232
3332233322323333223332232
3332233322322333223332232
2332233322323233223332232
2332233322322233223332232
3232233322323323223332232
3232233322322323223332232
2232233322323223223332232
2232233322322223223332232
3322233322323332223332232
3322233322322332223332232
2322233322323232223332232
2322233322322232223332232
3222233322323322223332232
3222233322322322223332232
2222233322323222223332232
2222233322322222223332232
3333323322323333332332232
3333323322322333332332232
2333323322323233332332232
2333323322322233332332232
3233323322323323332332232
3233323322322323332332232
2233323322323223332332232
2233323322322223332332232
3323323322323332332332232
3323323322322332332332232
2323323322323232332332232
2323323322322232332332232
3223323322323322332332232
3223323322322322332332232
2223323322323222332332232
2223323322322222332332232
3332323322323333232332232
3332323322322333232332232
2332323322323233232332232
2332323322322233232332232
3232323322323323232332232
3232323322322323232332232
2232323322323223232332232
2232323322322223232332232
2322323322323232232332232
2332232232332232232332232
2322323322322232232332232
3222323322323322232332232
3222323322322322232332232
2222323322323222232332232
2222323322322222232332232
3333223322323333322332232
3333223322322333322332232
2333223322323233322332232
2333223322322233322332232
3233223322323323322332232
3233223322322323322332232
2233223322323223322332232
2233223322322223322332232
3323223322323332322332232
3323223322322332322332232
2323223322323232322332232
2323223322322232322332232
3223223322322322322332232
2223223322323222322332232
2223223322322222322332232
3332223322323333222332232
3332223322322333222332232
2332223322323233222332232
2332223322322233222332232
3232223322323323222332232
3232223322322323222332232
2232223322323223222332232
2232223322322223222332232
3322223322323332222332232
3322223322322332222332232
2322223322323232222332232
2332232222332232222332232
2322223322322232222332232
3222223322323322222332232
3222223322322322222332232
2222223322323222222332232
2222223322322222222332232
3232232233232232233232232
3232232223232232223232232
3332232232233233332232232
3332232232233223332232232
2332232232233232332232232
2332232232233222332232232
2232232222232232222232232
3333333222323333333322232
3333333222322333333322232
2333333222323233333322232
2333333222322233333322232
3233333222323323333322232
3233333222322323333322232
2233333222323223333322232
2233333222322223333322232
3323333222323332333322232
3323333222322332333322232
2323333222323232333322232
2323333222322232333322232
3223333222323322333322232
3223333222322322333322232
2223333222323222333322232
2223333222322222333322232
3332333222323333233322232
3332333222322333233322232
2332333222323233233322232
2332333222322233233322232
3232333222323323233322232
3232333222322323233322232
2232333222323223233322232
2232333222322223233322232
3322333222323332233322232
3322333222322332233322232
2322333222323232233322232
2322333222322232233322232
3222333222323322233322232
3222333222322322233322232
2222333222323222233322232
2222333222322222233322232
3333233222323333323322232
3333233222322333323322232
2333233222323233323322232
2333233222322233323322232
3233233222323323323322232
3233233222322323323322232
2233233222323223323322232
2233233222322223323322232
3323233222323332323322232
3323233222322332323322232
2323233222323232323322232
2323233222322232323322232
3223233222323322323322232
3223233222322322323322232
2223233222323222323322232
2223233222322222323322232
3332233222323333223322232
3332233222322333223322232
2332233222323233223322232
2332233222322233223322232
3232233222323323223322232
3232233222322323223322232
2232233222323223223322232
2232233222322223223322232
3322233222323332223322232
3322233222322332223322232
2322233222323232223322232
2322233222322232223322232
3222233222323322223322232
3222233222322322223322232
2222233222323222223322232
2222233222322222223322232
3333323222323333332322232
3333323222322333332322232
2333323222323233332322232
2333323222322233332322232
3233323222323323332322232
3233323222322323332322232
2233323222323223332322232
2233323222322223332322232
3323323222323332332322232
3323323222322332332322232
2323323222323232332322232
2323323222322232332322232
3223323222323322332322232
3223323222322322332322232
2223323222323222332322232
2223323222322222332322232
3332323222323333232322232
3332323222322333232322232
2332323222323233232322232
2332323222322233232322232
3232323222323323232322232
3232323222322323232322232
2232323222323223232322232
2232323222322223232322232
3322323222323332232322232
3322323222322332232322232
2322323222323232232322232
2322323222322232232322232
2222323222323222232322232
2222323222322222232322232
2322232222322232222322232
3333332222323333333222232
3333332222322333333222232
2333332222323233333222232
2333332222322233333222232
3233332222323323333222232
3233332222322323333222232
2233332222323223333222232
2233332222322223333222232
3323332222323332333222232
3323332222322332333222232
2323332222323232333222232
2323332222322232333222232
3223332222323322333222232
3223332222322322333222232
2223332222323222333222232
2223332222322222333222232
3332332222323333233222232
3332332222322333233222232
2332332222323233233222232
2332332222322233233222232
3232332222323323233222232
3232332222322323233222232
2232332222323223233222232
2232332222322223233222232
3322332222323332233222232
3322332222322332233222232
2322332222323232233222232
2322332222322232233222232
3222332222323322233222232
3222332222322322233222232
2222332222323222233222232
2222332222322222233222232
3333232222323333323222232
3333232222322333323222232
2333232222323233323222232
2333232222322233323222232
3233232222323323323222232
3233232222322323323222232
2233232222323223323222232
2233232222322223323222232
3323232222323332323222232
3323232222322332323222232
2323232222323232323222232
2323232222322232323222232
3223232222323322323222232
3223232222322322323222232
2223232222323222323222232
2223232222322222323222232
3332232222323333223222232
3332232222322333223222232
2332232222323233223222232
2332232222322233223222232
3232232222323323223222232
3232232222322323223222232
2232232222323223223222232
3222232223222232223222232
3333322222323333332222232
3333322222322333332222232
2333322222323233332222232
2333322222322233332222232
3233322222323323332222232
3233322222322323332222232
2233322222323223332222232
2233322222322223332222232
3323322222323332332222232
3323322222322332332222232
2323322222323232332222232
2323322222322232332222232
3223322222323322332222232
3223322222322322332222232
2223322222323222332222232
2223322222322222332222232
3332322222323333232222232
3332322222322333232222232
2332322222323233232222232
2332322222322233232222232
3232322222323323232222232
3232322222322323232222232
2232322222323223232222232
2232322222322223232222232
3322322222323332232222232
3322322222322332232222232
2322322222323232232222232
2322322222322232232222232
3222322222323322232222232
3222322222322322232222232
3333222222323333322222232
3333222222322333322222232
2333222222323233322222232
2333222222322233322222232
3233222222323323322222232
3233222222322323322222232
2233222222323223322222232
2233222222322223322222232
3323222222323332322222232
3323222222322332322222232
2323222222323232322222232
2323222222322232322222232
3223222222323322322222232
3223222222322322322222232
2223222222323222322222232
3332222222323333222222232
3332222222322333222222232
2332222222323233222222232
2332222222322233222222232
3232222222323323222222232
3232222222322323222222232
2232222222323223222222232
2232222222322223222222232
3322222222323332222222232
3322222222322332222222232
2322222222323232222222232
2322222222322232222222232
3222222222323322222222232
3222222222322322222222232
2222222222323222222222232
2222222222322222222222232
3333333332223333333333322
3333333332223233333333322
2333333332223323333333322
2333333332223223333333322
3233333332223332333333322
3233333332223232333333322
2233333332223322333333322
2233333332223222333333322
3323333332223333233333322
3323333332223233233333322
2323333332223323233333322
2323333332223223233333322
3223333332223332233333322
3223333332223232233333322
2223333332223322233333322
2223333332223222233333322
3332333332223333323333322
3332333332223233323333322
2332333332223323323333322
2332333332223223323333322
3232333332223332323333322
3232333332223232323333322
2232333332223322323333322
2232333332223222323333322
3322333332223333223333322
3322333332223233223333322
2322333332223323223333322
2322333332223223223333322
3222333332223332223333322
3222333332223232223333322
2222333332223322223333322
2222333332223222223333322
3333233332223333332333322
3333233332223233332333322
2333233332223323332333322
2333233332223223332333322
3233233332223332332333322
3233233332223232332333322
2233233332223322332333322
2233233332223222332333322
3323233332223333232333322
3323233332223233232333322
2323233332223323232333322
2323233332223223232333322
3223233332223332232333322
3223233332223232232333322
2223233332223322232333322
2223233332223222232333322
3332233332223333322333322
3332233332223233322333322
2332233332223323322333322
2332233332223223322333322
3232233332223332322333322
3232233332223232322333322
2232233332223322322333322
2232233332223222322333322
3322233332223233222333322
2322233332223323222333322
2322233332223223222333322
3222233332223332222333322
3222233332223232222333322
2222233332223322222333322
2222233332223222222333322
3333323332223333333233322
3333323332223233333233322
2333323332223323333233322
2333323332223223333233322
3233323332223332333233322
3233323332223232333233322
2233323332223322333233322
2233323332223222333233322
3323323332223333233233322
3323323332223233233233322
2323323332223323233233322
2323323332223223233233322
3223323332223332233233322
3223323332223232233233322
2223323332223322233233322
2223323332223222233233322
3332323332223333323233322
3332323332223233323233322
2332323332223323323233322
2332323332223223323233322
3232323332223332323233322
3232323332223232323233322
2232323332223322323233322
2232323332223222323233322
3322323332223333223233322
3322323332223233223233322
2322323332223323223233322
2322323332223223223233322
3222323332223232223233322
2222323332223322223233322
2222323332223222223233322
3333223332223333332233322
3333223332223233332233322
2333223332223323332233322
2333223332223223332233322
3233223332223332332233322
3233223332223232332233322
2233223332223322332233322
2233223332223222332233322
3323223332223333232233322
3323223332223233232233322
2323223332223323232233322
2323223332223223232233322
3223223332223332232233322
3223223332223232232233322
2223223332223322232233322
2223223332223222232233322
3232223332223332322233322
3232223332223232322233322
2232223332223322322233322
2232223332223222322233322
3322223332223333222233322
3322223332223233222233322
2322223332223323222233322
2322223332223223222233322
3222223332223332222233322
3222223332223232222233322
2222223332223322222233322
2222223332223222222233322
3333332332223333333323322
3333332332223233333323322
2333332332223323333323322
2333332332223223333323322
3233332332223332333323322
3233332332223232333323322
2233332332223322333323322
2233332332223222333323322
3323332332223333233323322
3323332332223233233323322
2323332332223323233323322
2323332332223223233323322
3223332332223332233323322
3223332332223232233323322
2223332332223322233323322
2223332332223222233323322
3332332332223333323323322
3332332332223233323323322
2332332332223323323323322
2332332332223223323323322
3232332332223332323323322
3232332332223232323323322
2232332332223322323323322
2232332332223222323323322
3322332332223333223323322
3322332332223233223323322
2322332332223323223323322
2322332332223223223323322
3222332332223332223323322
3222332332223232223323322
2222332332223322223323322
2222332332223222223323322
3333232332223333332323322
3333232332223233332323322
2333232332223323332323322
2333232332223223332323322
3233232332223332332323322
3233232332223232332323322
2233232332223322332323322
2233232332223222332323322
3323232332223333232323322
3323232332223233232323322
2323232332223323232323322
2323232332223223232323322
3223232332223332232323322
3223232332223232232323322
2223232332223322232323322
2223232332223222232323322
3332232332223333322323322
3332232332223233322323322
2332232332223323322323322
2332232332223223322323322
3232232332223332322323322
3232232332223232322323322
2232232332223322322323322
2232232332223222322323322
3322232332223333222323322
2322232332223323222323322
2322232332223223222323322
3222232332223332222323322
3222232332223232222323322
2222232332223322222323322
2222232332223222222323322
3333322332223333333223322
3333322332223233333223322
2333322332223323333223322
2333322332223223333223322
3233322332223332333223322
3233322332223232333223322
2233322332223322333223322
2233322332223222333223322
3323322332223333233223322
3323322332223233233223322
2323322332223323233223322
2323322332223223233223322
3223322332223232233223322
2223322332223322233223322
2223322332223222233223322
3332322332223333323223322
3332322332223233323223322
2332322332223323323223322
2332322332223223323223322
3232322332223332323223322
3232322332223232323223322
2232322332223322323223322
2232322332223222323223322
3322322332223333223223322
3322322332223233223223322
2322322332223323223223322
2322322332223223223223322
3222322332223332223223322
3222322332223232223223322
2222322332223322223223322
2222322332223222223223322
3332222332223333322223322
3332222332223233322223322
2332222332223323322223322
2332222332223223322223322
3232222332223332322223322
3232222332223232322223322
2232222332223322322223322
2232222332223222322223322
3322222332223333222223322
3322222332223233222223322
2322222332223323222223322
2322222332223223222223322
3222222332223332222223322
3222222332223232222223322
2222222332223322222223322
2222222332223222222223322
3333333232223333333332322
3333333232223233333332322
2333333232223323333332322
2333333232223223333332322
3233333232223332333332322
3233333232223232333332322
2233333232223322333332322
2233333232223222333332322
3323333232223333233332322
3323333232223233233332322
2323333232223323233332322
2323333232223223233332322
3223333232223332233332322
3223333232223232233332322
2223333232223322233332322
2223333232223222233332322
3332333232223333323332322
3332333232223233323332322
2332333232223323323332322
2332333232223223323332322
3232333232223332323332322
3232333232223232323332322
2232333232223322323332322
2232333232223222323332322
3322333232223333223332322
3322333232223233223332322
2322333232223323223332322
2322333232223223223332322
3222333232223332223332322
3222333232223232223332322
2222333232223322223332322
2222333232223222223332322
3333233232223333332332322
3333233232223233332332322
2333233232223323332332322
2333233232223223332332322
3233233232223332332332322
3233233232223232332332322
2233233232223322332332322
2233233232223222332332322
3323233232223333232332322
3323233232223233232332322
2323233232223323232332322
2323233232223223232332322
3223233232223332232332322
3223233232223232232332322
2223233232223322232332322
2223233232223222232332322
3332233232223333322332322
3332233232223233322332322
2332233232223323322332322
2332233232223223322332322
3232233232223332322332322
3232233232223232322332322
2232233232223322322332322
2232233232223222322332322
3322233232223333222332322
3322233232223233222332322
2322233232223223222332322
3222233232223332222332322
3222233232223232222332322
2222233232223322222332322
2222233232223222222332322
3333323232223333333232322
3333323232223233333232322
2333323232223323333232322
2333323232223223333232322
3233323232223332333232322
3233323232223232333232322
2233323232223322333232322
2233323232223222333232322
3323323232223333233232322
3323323232223233233232322
2323323232223323233232322
2323323232223223233232322
3223323232223332233232322
3223323232223232233232322
2223323232223322233232322
2223323232223222233232322
3332323232223333323232322
3332323232223233323232322
2332323232223323323232322
2332323232223223323232322
3232323232223332323232322
3232323232223232323232322
2232323232223322323232322
2232323232223222323232322
3322323232223333223232322
3322323232223233223232322
2322323232223323223232322
2322323232223223223232322
3222323232223332223232322
2222323232223322223232322
2222323232223222223232322
3333223232223333332232322
3333223232223233332232322
2333223232223323332232322
2333223232223223332232322
3233223232223332332232322
3233223232223232332232322
2233223232223322332232322
2233223232223222332232322
3323223232223333232232322
3323223232223233232232322
2323223232223323232232322
2323223232223223232232322
3223223232223332232232322
3223223232223232232232322
2223223232223322232232322
2223223232223222232232322
3332223232223333322232322
3332223232223233322232322
2332223232223323322232322
2332223232223223322232322
3232223222323222322232322
3322223232223333222232322
3322223232223233222232322
2322223232223323222232322
2322223232223223222232322
3222223232223332222232322
3222223232223232222232322
2222223232223322222232322
2222223232223222222232322
3333332232223333333322322
3333332232223233333322322
2333332232223323333322322
2333332232223223333322322
3233332232223332333322322
3233332232223232333322322
2233332232223322333322322
2233332232223222333322322
3323332232223333233322322
3323332232223233233322322
2323332232223323233322322
2323332232223223233322322
3223332232223332233322322
3223332232223232233322322
2223332232223322233322322
2223332232223222233322322
3332332232223333323322322
3332332232223233323322322
2332332232223323323322322
2332332232223223323322322
3232332232223332323322322
3232332232223232323322322
2232332232223322323322322
2232332232223222323322322
3322332232223333223322322
3322332232223233223322322
2322332232223323223322322
2322332232223223223322322
3222332232223332223322322
3222332232223232223322322
2222332232223322223322322
2222332232223222223322322
3333232232223333332322322
3333232232223233332322322
2333232232223323332322322
2333232232223223332322322
3233232232223332332322322
3233232232223232332322322
2233232232223322332322322
2233232232223222332322322
3323232232223333232322322
3323232232223233232322322
2323232232223323232322322
2323232232223223232322322
3223232232223332232322322
3223232232223232232322322
2223232232223322232322322
2223232232223222232322322
2232233223223223322322322
3322232232223333222322322
3322232232223233222322322
2322232232223323222322322
3222232232223332222322322
3222232232223232222322322
2222232232223322222322322
2222232232223222222322322
3322232223222332333222322
3322232223222332233222322
2322232232223222323222322
2322232322232223223222322
3322232223222332223222322
2322322232223232223222322
3223222322232232223222322
2223222322233222223222322
3222232223222332332222322
3222232223222332232222322
2222232223222332322222322
2232223222223222322222322
2222232223222332222222322
3333222333333222333333222
2333222332333222332333222
3322233322232333222333222
3322233322232233222333222
3233222333233222333233222
2233222332233222332233222
3332223322232333322233222
3332223322232233322233222
2332223322232323322233222
3232223322232332322233222
3232223322232232322233222
2232223322232322322233222
2233222322233222322233222
2232223322232222322233222
3323222333323222333323222
2323222332323222332323222
3222322232322232223223222
