33333323322233333333233
33333323322232333333233
23333323322233233333233
23333323322232233333233
32333323322233323333233
32333323322232323333233
22333323322233223333233
22333323322232223333233
33233323322233332333233
33233323322232332333233
23233323322233232333233
23233323322232232333233
32233323322233322333233
32233323322232322333233
22233323322233222333233
22233323322232222333233
32323323322233323233233
32323323322232323233233
22323323322233223233233
22323323322232223233233
33223323322233332233233
33223323322232332233233
23223323322233232233233
23223323322232232233233
32223323322233322233233
32223323322232322233233
22223323322233222233233
22223323322232222233233
33232333332323333323233
32332323322233323323233
32332323322232323323233
23232333232323332323233
32232333322323333223233
22232333222323332223233
33322333333223333332233
33233223322233332332233
33233223322232332332233
23233223322233232332233
23233223322232232332233
33223322332323322332233
32233223322232322332233
22233223322233222332233
22233223322232222332233
32322333323223333232233
23323223322232233232233
22322333223223332232233
22322332223223322232233
33222333332223333322233
23222333232223332322233
23222332232223322322233
32222333322223333222233
22222333222223332222233
22222332222223322222233
33333333323333333333323
33333333323233333333323
23333333323323333333323
23333333323223333333323
32333333323332333333323
32333333323232333333323
22333333323322333333323
22333333323222333333323
33233333323333233333323
33233333323233233333323
23233333323323233333323
23233333323223233333323
32233333323332233333323
32233333323232233333323
22233333323322233333323
22233333323222233333323
33323333323233323333323
23323333323323323333323
23323333323223323333323
32323333323332323333323
32323333323232323333323
22323333323322323333323
22323333323222323333323
33223333323333223333323
33223333323233223333323
23223333323323223333323
23223333323223223333323
32223333323332223333323
32223333323232223333323
22223333323322223333323
22223333323222223333323
33233332322233332333323
32332333323332332333323
32332333323232332333323
22332333323322332333323
22332333323222332333323
33232333323233232333323
23232333323323232333323
23232333323223232333323
32232333323332232333323
32232333323232232333323
22232333323322232333323
22232333323222232333323
33322333323333322333323
33322333323233322333323
23322333323323322333323
23322333323223322333323
32322333323332322333323
32322333323232322333323
22322333323322322333323
22322333323222322333323
33222333323333222333323
33222333323233222333323
23222333323323222333323
23222333323223222333323
32222333323332222333323
32222333323232222333323
22222333323322222333323
22222333323222222333323
33323332322233333233323
33323332322232333233323
23323332322233233233323
23323332322232233233323
33323233323333323233323
32323332322233323233323
23323233323323323233323
23323233323223323233323
32323233323332323233323
32333232323332323233323
32323233323232323233323
22323233323322323233323
22323233323222323233323
33223233323333223233323
33223233323233223233323
23223233323323223233323
23223233323223223233323
32223233323332223233323
32223233323232223233323
22223233323322223233323
22223233323222223233323
33332233323333332233323
33332233323233332233323
23332233323323332233323
23332233323223332233323
32332233323332332233323
32332233323232332233323
22332233323322332233323
22332233323222332233323
33232233323333232233323
33232233323233232233323
23232233323323232233323
23232233323223232233323
32232233323332232233323
32232233323232232233323
22232233323322232233323
22232233323222232233323
33322233323333322233323
33322233323233322233323
23322233323323322233323
23322233323223322233323
32322233323332322233323
32322233323232322233323
22322233323322322233323
22322233323222322233323
33222233323333222233323
33222233323233222233323
23222233323323222233323
23222233323223222233323
32222233323332222233323
32222233323232222233323
22222233323322222233323
22222233323222222233323
33332332322233333323323
33332332322232333323323
23332332322233233323323
23332332322232233323323
22332332322233223323323
22332332322232223323323
33232332322233332323323
33232332322232332323323
23232332322233232323323
23232332322232232323323
32232332322233322323323
32232332322232322323323
22232332322233222323323
22232332322232222323323
33333223323333333223323
33333223323233333223323
23333223323323333223323
23333223323223333223323
32333223323332333223323
32333223323232333223323
22333223323322333223323
22333223323222333223323
33233223323333233223323
33233223323233233223323
23233223323323233223323
23233223323223233223323
32233223323332233223323
32233223323232233223323
22233223323322233223323
22233223323222233223323
33323223323333323223323
33323223323233323223323
23323223323323323223323
32323223323332323223323
32233232322332323223323
32323223323232323223323
22323223323322323223323
22323223323222323223323
33223223323333223223323
33223223323233223223323
23223223323323223223323
23223223323223223223323
32223223323332223223323
32223223323232223223323
22223223323322223223323
22223223323222223223323
33332223323333332223323
33332223323233332223323
23332223323323332223323
23332223323223332223323
32332223323332332223323
32332223323232332223323
22332223323322332223323
22332223323222332223323
33232223323333232223323
33232223323233232223323
23232223323323232223323
23232223323223232223323
32232223323332232223323
32232223323232232223323
22232223323322232223323
22232223323222232223323
33322223323333322223323
33322223323233322223323
23322223323323322223323
23322223323223322223323
32322223323332322223323
32322223323232322223323
22322223323322322223323
22322223323222322223323
33222223323333222223323
33222223323233222223323
23222223323323222223323
23222223323223222223323
32222223323332222223323
32222223323232222223323
22222223323322222223323
22222223323222222223323
33333232323323333332323
33333232323322333332323
23333232323323233332323
32323233332323233332323
23333232323322233332323
32333232323323323332323
32333232323322323332323
22333232323323223332323
22333232323322223332323
33233232323323332332323
33233232323322332332323
23233232323322232332323
32233232323323322332323
32233232323322322332323
22233232323323222332323
22233232323322222332323
33332323233233333232323
33332323233223333232323
23332323233232333232323
23332323233222333232323
32332323233233233232323
32332323233223233232323
22332323233232233232323
22332323233222233232323
33322323233233332232323
33322323233223332232323
23322323233232332232323
23322323233222332232323
32322323233233232232323
32322323233223232232323
22322323233232232232323
22322323233222232232323
33222323233233322232323
33222323233223322232323
23222323233232322232323
23222323233222322232323
32222323233233222232323
32222323233223222232323
22222323233232222232323
22222323233222222232323
33332232322233333322323
33332232322232333322323
23332232322233233322323
23332232322232233322323
32332232322233323322323
32332232322232323322323
22332232322233223322323
22332232322232223322323
33232232322233332322323
33232232322232332322323
23232232322233232322323
23232232322232232322323
32232232322233322322323
32232232322232322322323
22232232322233222322323
22232232322232222322323
33322232322233333222323
33322232322232333222323
23322232322233233222323
23322232322232233222323
32322232223232223222323
33222232322233332222323
33222232322232332222323
23222232322233232222323
23222232322232232222323
32222232322233322222323
32222232322232322222323
22222232322233222222323
22222232322232222222323
33333333223333333333223
33333333223233333333223
23333333223323333333223
23333333223223333333223
32333333223332333333223
32333333223232333333223
33332233333322333333223
22333333223322333333223
22333333223222333333223
33233333223333233333223
33233333223233233333223
23233333223323233333223
23233333223223233333223
32233333223332233333223
32233333223232233333223
22233333223322233333223
22233333223222233333223
33323333223333323333223
33323333223233323333223
23323333223323323333223
23323333223223323333223
32323333223332323333223
32323333223232323333223
22323333223322323333223
22323333223222323333223
33223333223233223333223
23223333223323223333223
23223333223223223333223
32223333223332223333223
32223333223232223333223
22223333223322223333223
22223333223222223333223
33332333223333332333223
33332333223233332333223
23332333223323332333223
23332333223223332333223
32332333223332332333223
32332333223232332333223
23332233233322332333223
22332333223322332333223
22332333223222332333223
33232333223333232333223
33232333223233232333223
23232333223323232333223
23232333223223232333223
32232333223232232333223
22232333223322232333223
22232333223222232333223
32322333223332322333223
32322333223232322333223
22322333223322322333223
22322333223222322333223
33222333223333222333223
33222333223233222333223
23222333223323222333223
23222333223223222333223
32222333223332222333223
32222333223232222333223
22222333223322222333223
22222333223222222333223
33333233223333333233223
33333233223233333233223
23333233223323333233223
23333233223223333233223
32333233223332333233223
32333233223232333233223
32332233323322333233223
22333233223322333233223
22333233223222333233223
33233233223333233233223
33233233223233233233223
23233233223323233233223
23233233223223233233223
32233233223332233233223
32233233223232233233223
22233233223322233233223
22233233223222233233223
33323233223333323233223
33323233223233323233223
23323233223323323233223
23323233223223323233223
32323233223332323233223
32323233223232323233223
22323233223322323233223
22323233223222323233223
33223233223333223233223
22323322322233223233223
23223233223323223233223
23223233223223223233223
32223233223332223233223
32223233223232223233223
22223233223322223233223
22223233223222223233223
33322233223333322233223
33322233223233322233223
23322233223323322233223
23322233223223322233223
32322233223332322233223
32322233223232322233223
22322233223322322233223
22322233223222322233223
33222233223333222233223
33222233223233222233223
23222233223323222233223
23222233223223222233223
32222233223332222233223
32222233223232222233223
22222233223322222233223
22222233223222222233223
33333323223333333323223
33333323223233333323223
23333323223323333323223
23333323223223333323223
32333323223332333323223
32333323223232333323223
22333323223322333323223
22333323223222333323223
33233323223333233323223
33233323223233233323223
23233323223323233323223
23233323223223233323223
32233323223332233323223
32233323223232233323223
22233323223322233323223
22233323223222233323223
33323323223333323323223
33323323223233323323223
23323323223323323323223
23323323223223323323223
32323323223332323323223
32323323223232323323223
22323323223322323323223
22323323223222323323223
33223323223333223323223
33223323223233223323223
23223323223223223323223
32223323223332223323223
32223323223232223323223
22223323223322223323223
22223323223222223323223
33332323223333332323223
33332323223233332323223
23332323223323332323223
23332323223223332323223
32332323223332332323223
32332323223232332323223
22332323223322332323223
22332323223222332323223
33232323223333232323223
33232323223233232323223
23232323223323232323223
23232323223223232323223
32232323223332232323223
22232323223322232323223
22232323223222232323223
33322323223333322323223
33322323223233322323223
23322323223323322323223
23322323223223322323223
32232322322232322323223
33222323223333222323223
33222323223233222323223
23222323223323222323223
23222323223223222323223
32222323223332222323223
32222323223232222323223
22222323223322222323223
22222323223222222323223
22322332232232233223223
23223223232223323223223
32232232233233223223223
22232232233232223223223
22232232233222223223223
33222322322233332223223
33222322322232332223223
23222322322233232223223
32222322322233322223223
32222322322232322223223
22222322322233222223223
22222322322232222223223
33333332223333333332223
33333332223233333332223
23333332223323333332223
23333332223223333332223
32333332223332333332223
32333332223232333332223
22333332223322333332223
33322233333222333332223
22333332223222333332223
33233332223333233332223
33233332223233233332223
23233332223323233332223
23233332223223233332223
32233332223332233332223
32233332223232233332223
22233332223322233332223
22233332223222233332223
33323332223333323332223
33323332223233323332223
23323332223323323332223
23323332223223323332223
32323332223332323332223
32323332223232323332223
22323332223322323332223
22323332223222323332223
33223332223333223332223
33223332223233223332223
23223332223323223332223
23223332223223223332223
32223332223232223332223
22223332223322223332223
22223332223222223332223
33332332223333332332223
33332332223233332332223
23332332223323332332223
23332332223223332332223
32332332223332332332223
32332332223232332332223
22332332223322332332223
23322233233222332332223
22332332223222332332223
33232332223333232332223
33232332223233232332223
23232332223323232332223
23232332223223232332223
32232332223332232332223
32232332223232232332223
22232332223222232332223
33322332223333322332223
33322332223233322332223
23322332223323322332223
23322332223223322332223
32322332223332322332223
32322332223232322332223
22322332223322322332223
22322332223222322332223
32222332223332222332223
32222332223232222332223
22222332223322222332223
22222332223222222332223
33333232223333333232223
33333232223233333232223
23333232223323333232223
23333232223223333232223
32333232223332333232223
32333232223232333232223
22333232223322333232223
32322233323222333232223
22333232223222333232223
33233232223333233232223
33233232223233233232223
23233232223323233232223
23233232223223233232223
32233232223332233232223
32233232223232233232223
22233232223322233232223
22233232223222233232223
33323232223333323232223
33323232223233323232223
23323232223323323232223
23323232223223323232223
32323232223332323232223
32323232223232323232223
22323232223322323232223
22323232223222323232223
33223232223333223232223
33223232223233223232223
23223232223323223232223
23223232223223223232223
32223232223332223232223
23222322322232223232223
22223232223322223232223
22223232223222223232223
33332232223333332232223
33332232223233332232223
23332232223323332232223
23332232223223332232223
32332232223332332232223
32332232223232332232223
22332232223322332232223
22332232223222332232223
33232232223333232232223
33232232223233232232223
23232232223323232232223
23232232223223232232223
32232232223332232232223
32232232223232232232223
22232232223322232232223
23222323222322232232223
22232232223222232232223
33222322232223322232223
23223222322232322232223
23232223222322322232223
23222322233222322232223
22232223222332222232223
33333322223333333322223
33333322223233333322223
23333322223323333322223
23333322223223333322223
32333322223332333322223
32333322223232333322223
22333322223322333322223
22333322223222333322223
33222233332222333322223
33233322223333233322223
33233322223233233322223
23233322223323233322223
23233322223223233322223
32233322223332233322223
32233322223232233322223
22233322223322233322223
22233322223222233322223
33323322223333323322223
33323322223233323322223
23323322223323323322223
23323322223223323322223
32323322223332323322223
32323322223232323322223
22323322223322323322223
22323322223222323322223
33223322223333223322223
33223322223233223322223
23223322223323223322223
23223322223223223322223
32223322223332223322223
32223322223232223322223
22223322223222223322223
33332322223333332322223
33332322223233332322223
23332322223323332322223
23332322223223332322223
32332322223332332322223
32332322223232332322223
22332322223322332322223
22332322223222332322223
23222233232222332322223
33232322223333232322223
33232322223233232322223
23232322223323232322223
23232322223223232322223
32232322223332232322223
32232322223232232322223
22232322223322232322223
33322322223333322322223
33322322223233322322223
23322322223323322322223
23322322223223322322223
32322322223332322322223
32322322223232322322223
22322322223322322322223
22322322223222322322223
33222322223333222322223
33222322223233222322223
23222322223323222322223
23222322223223222322223
33333222223333333222223
33333222223233333222223
23333222223323333222223
23333222223223333222223
32333222223332333222223
32333222223232333222223
22333222223322333222223
22333222223222333222223
32222233322222333222223
33233222223333233222223
33233222223233233222223
23233222223323233222223
23233222223223233222223
32233222223332233222223
32233222223232233222223
22233222223322233222223
22233222223222233222223
33323222223333323222223
33323222223233323222223
23323222223323323222223
23323222223223323222223
32323222223332323222223
32323222223232323222223
22323222223322323222223
22323222223222323222223
33223222223333223222223
33223222223233223222223
23223222223323223222223
23223222223223223222223
32223222223332223222223
32223222223232223222223
22322232222232223222223
22223222223322223222223
33332222223333332222223
33332222223233332222223
23332222223323332222223
23332222223223332222223
32332222223332332222223
32332222223232332222223
22332222223322332222223
22332222223222332222223
22222233222222332222223
33232222223333232222223
33232222223233232222223
23232222223323232222223
23232222223223232222223
32232222223332232222223
32232222223232232222223
22232222223322232222223
22232222223222232222223
33322222223333322222223
33322222223233322222223
23322222223323322222223
23322222223223322222223
32322222223332322222223
32322222223232322222223
22322222223322322222223
22322222223222322222223
33222222223333222222223
33222222223233222222223
23222222223323222222223
23222222223223222222223
32222222223332222222223
32222222223232222222223
22222222223322222222223
22222222223222222222223
33333333332333333333332
33333333332233333333332
23333333332323333333332
23333333332223333333332
32333333332332333333332
32333333332232333333332
22333333332322333333332
22333333332222333333332
33333323333333233333332
33233333332333233333332
33233333332233233333332
23233333332323233333332
23233333332223233333332
32233333332332233333332
32233333332232233333332
22233333332322233333332
22233333332222233333332
33323333332333323333332
33323333332233323333332
23323333332323323333332
23323333332223323333332
32323333332332323333332
32323333332232323333332
22323333332322323333332
22323333332222323333332
33223333332333223333332
33223333332233223333332
23223333332323223333332
23223333332223223333332
33332223333332223333332
32223333332332223333332
32223333332232223333332
22223333332322223333332
22223333332222223333332
33332333332233332333332
23332333332323332333332
23332333332223332333332
32332333332332332333332
32332333332232332333332
22332333332322332333332
22332333332222332333332
23333323233333232333332
33232333332333232333332
33232333332233232333332
23232333332323232333332
23232333332223232333332
32232333332332232333332
32232333332232232333332
22232333332322232333332
22232333332222232333332
33322333332333322333332
33322333332233322333332
23322333332323322333332
23322333332223322333332
32322333332332322333332
32322333332232322333332
22322333332322322333332
22322333332222322333332
33222333332333222333332
33222333332233222333332
23222333332323222333332
23222333332223222333332
32222333332332222333332
32222333332232222333332
22222333332322222333332
22222333332222222333332
32333233332332333233332
32333233332232333233332
22333233332322333233332
22333233332222333233332
32333323323333233233332
33233233332333233233332
33233233332233233233332
23233233332323233233332
23233233332223233233332
32233233332332233233332
32233233332232233233332
22233233332322233233332
22233233332222233233332
33323233332233323233332
23323233332323323233332
23323233332223323233332
32323233332332323233332
32323233332232323233332
22323233332322323233332
22323233332222323233332
33223233332333223233332
33223233332233223233332
23223233332323223233332
23223233332223223233332
32223233332332223233332
32223233332232223233332
22223233332322223233332
22223233332222223233332
33332233332333332233332
23332233332323332233332
23332233332223332233332
32332233332332332233332
32332233332232332233332
22332233332322332233332
22332233332222332233332
22333323223333232233332
33232233332333232233332
33232233332233232233332
23232233332323232233332
23232233332223232233332
32232233332332232233332
32232233332232232233332
22232233332322232233332
22232233332222232233332
33322233332333322233332
33322233332233322233332
23322233332323322233332
23322233332223322233332
32322233332332322233332
32322233332232322233332
22322233332322322233332
22322233332222322233332
33222233332333222233332
33222233332233222233332
23222233332323222233332
23222233332223222233332
32222233332332222233332
32222233332232222233332
22222233332322222233332
22222233332222222233332
33323323332333323323332
33323323332233323323332
23323323332323323323332
23323323332223323323332
32323323332332323323332
32323323332232323323332
22323323332322323323332
22323323332222323323332
33223323332333223323332
33223323332233223323332
23223323332323223323332
23223323332223223323332
23332223323332223323332
32223323332332223323332
32223323332232223323332
22223323332322223323332
22223323332222223323332
33332323332333332323332
33332323332233332323332
23332323332223332323332
32332323332332332323332
32332323332232332323332
22332323332322332323332
22332323332222332323332
33232323332333232323332
23233323232333232323332
33232323332233232323332
23232323332323232323332
23232323332223232323332
32232323332332232323332
32232323332232232323332
22232323332322232323332
22232323332222232323332
33322323332333322323332
33322323332233322323332
23322323332323322323332
23322323332223322323332
32322323332332322323332
32322323332232322323332
22322323332322322323332
22322323332222322323332
33222323332333222323332
33222323332233222323332
23222323332323222323332
23222323332223222323332
32222323332332222323332
32222323332232222323332
22222323332322222323332
22222323332222222323332
33333223332333333223332
33333223332233333223332
23333223332323333223332
23333223332223333223332
33233223332333233223332
32233323322333233223332
33233223332233233223332
23233223332323233223332
23233223332223233223332
32233223332332233223332
32233223332232233223332
22233223332322233223332
22233223332222233223332
33323223332333323223332
23323223332323323223332
23323223332223323223332
32323223332332323223332
32323223332232323223332
22323223332322323223332
22323223332222323223332
33223223332333223223332
33223223332233223223332
23223223332323223223332
23223223332223223223332
32223223332332223223332
32223223332232223223332
22223223332322223223332
22223223332222223223332
33332223332333332223332
33332223332233332223332
23332223332323332223332
32332223332332332223332
32332223332232332223332
22332223332322332223332
22332223332222332223332
33232223332333232223332
22233323222333232223332
33232223332233232223332
23232223332323232223332
23232223332223232223332
32232223332332232223332
32232223332232232223332
22232223332322232223332
22232223332222232223332
33322223332333322223332
33322223332233322223332
23322223332323322223332
23322223332223322223332
32322223332332322223332
32322223332232322223332
22322223332322322223332
22322223332222322223332
33222223332333222223332
33222223332233222223332
23222223332323222223332
23222223332223222223332
32222223332332222223332
32222223332232222223332
22222223332322222223332
22222223332222222223332
33323323333233233332332
32332223332332223332332
23323323233233232332332
23323322233233222332332
33333232332333333232332
33333232332233333232332
23333232332323333232332
23333232332223333232332
32333232332332333232332
32333232332232333232332
22333232332322333232332
22333232332222333232332
32323323323233233232332
32233232332332233232332
32233232332232233232332
22233232332322233232332
22233232332222233232332
33323232332333323232332
33323232332233323232332
23323232332223323232332
32323232332332323232332
32323232332232323232332
22323232332322323232332
22323232332222323232332
33223232332333223232332
33223232332233223232332
23223232332323223232332
23223232332223223232332
32223232332332223232332
32223232332232223232332
22223232332322223232332
22223232332222223232332
33332232332333332232332
33332232332233332232332
23332232332323332232332
23332232332223332232332
32332232332332332232332
22332232332322332232332
22332232332222332232332
33232232332333232232332
22323323223233232232332
33232232332233232232332
23232232332323232232332
23232232332223232232332
32232232332332232232332
32232232332232232232332
22232232332322232232332
22232232332222232232332
33322232332333322232332
33322232332233322232332
23322232332323322232332
23322232332223322232332
32322232332332322232332
32322232332232322232332
22322232332322322232332
22322232332222322232332
33222232332333222232332
22323322223233222232332
33222232332233222232332
23222232332323222232332
23222232332223222232332
32222232332332222232332
32222232332232222232332
22222232332322222232332
22222232332222222232332
33333322332333333322332
33333322332233333322332
23333322332323333322332
23333322332223333322332
32333322332332333322332
32333322332232333322332
22333322332322333322332
22333322332222333322332
33233322332333233322332
33223323332233233322332
33233322332233233322332
23233322332323233322332
23233322332223233322332
32233322332332233322332
32233322332232233322332
22233322332322233322332
22233322332222233322332
22332223322332223322332
33332322332333332322332
33332322332233332322332
23332322332323332322332
23332322332223332322332
32332322332332332322332
32332322332232332322332
22332322332222332322332
33232322332333232322332
33232322332233232322332
23223323232233232322332
23232322332323232322332
23232322332223232322332
32232322332332232322332
32232322332232232322332
22232322332322232322332
22232322332222232322332
33322322332333322322332
33322322332233322322332
23322322332323322322332
23322322332223322322332
32322322332332322322332
32322322332232322322332
22322322332322322322332
22322322332222322322332
33222322332333222322332
33222322332233222322332
23222322332323222322332
23222322332223222322332
32222322332332222322332
32222322332232222322332
22222322332322222322332
22222322332222222322332
33333222332333333222332
33333222332233333222332
23333222332323333222332
23333222332223333222332
32333222332332333222332
32333222332232333222332
22333222332322333222332
22333222332222333222332
33233222332333233222332
33233222332233233222332
32223323322233233222332
23233222332323233222332
23233222332223233222332
33323222332333323222332
33323222332233323222332
23323222332323323222332
32323222332332323222332
32323222332232323222332
22323222332322323222332
22323222332222323222332
33223222332333223222332
33223222332233223222332
23223222332323223222332
23223222332223223222332
32223222332332223222332
22332223222332223222332
32223222332232223222332
22223222332322223222332
22223222332222223222332
33332222332333332222332
33332222332233332222332
23332222332323332222332
23332222332223332222332
32332222332332332222332
32332222332232332222332
22332222332322332222332
33232222332333232222332
33232222332233232222332
22223323222233232222332
23232222332323232222332
23232222332223232222332
32232222332332232222332
32232222332232232222332
22232222332322232222332
22232222332222232222332
33322222332333322222332
33322222332233322222332
23322222332323322222332
23322222332223322222332
32322222332332322222332
32322222332232322222332
22322222332322322222332
22322222332222322222332
33222222332333222222332
33222222332233222222332
23222222332323222222332
23222222332223222222332
32222222332332222222332
32222222332232222222332
22222222332322222222332
22222222332222222222332
33332323333323233333232
33232223333232223333232
23332322233323222333232
32332323323323233233232
32332322323323223233232
22332322223323222233232
32232323322323233223232
22232322222323222223232
33333332232333333332232
33333332232233333332232
23333332232323333332232
23333332232223333332232
32333332232332333332232
32333332232232333332232
22333332232322333332232
22333332232222333332232
33233332232333233332232
33233332232233233332232
23233332232323233332232
33322323333223233332232
23233332232223233332232
32233332232332233332232
32233332232232233332232
22233332232322233332232
22233332232222233332232
33323332232333323332232
33323332232233323332232
23323332232323323332232
23323332232223323332232
32323332232332323332232
32323332232232323332232
22323332232322323332232
22323332232222323332232
33223332232333223332232
33223332232233223332232
23223332232323223332232
23223332232223223332232
32223332232332223332232
32223332232232223332232
22223332232322223332232
22223332232222223332232
33332332232333332332232
33332332232233332332232
23332332232323332332232
23332332232223332332232
32332332232332332332232
32332332232232332332232
22332332232322332332232
22332332232222332332232
33232332232333232332232
33232332232233232332232
23232332232323232332232
23322323233223232332232
23232332232223232332232
32232332232232232332232
22232332232322232332232
22232332232222232332232
33322332232333322332232
33322332232233322332232
23322332232323322332232
23322332232223322332232
32322332232332322332232
32322332232232322332232
22322332232322322332232
22322332232222322332232
33222332232333222332232
33222332232233222332232
23222332232323222332232
23222332232223222332232
32222332232332222332232
32222332232232222332232
22222332232322222332232
22222332232222222332232
32322323323223233232232
32322322323223223232232
33223223223323332232232
33223223223322332232232
32223222323222322232232
22322322223223222232232
33333322232333333322232
33333322232233333322232
23333322232323333322232
23333322232223333322232
32333322232332333322232
32333322232232333322232
22333322232322333322232
22333322232222333322232
33233322232333233322232
33233322232233233322232
23233322232323233322232
23233322232223233322232
32233322232332233322232
32233322232232233322232
22233322232322233322232
22233322232222233322232
33323322232333323322232
33323322232233323322232
23323322232323323322232
23323322232223323322232
32323322232332323322232
32323322232232323322232
22323322232322323322232
22323322232222323322232
33223322232333223322232
33223322232233223322232
23223322232323223322232
23223322232223223322232
32223322232332223322232
32223322232232223322232
22223322232322223322232
22223322232222223322232
33332322232333332322232
33332322232233332322232
23332322232323332322232
23332322232223332322232
32332322232332332322232
32332322232232332322232
22332322232322332322232
22332322232222332322232
33232322232333232322232
33232322232233232322232
23232322232323232322232
23232322232223232322232
32232322232332232322232
32232322232232232322232
22232322232222232322232
32232223222323222322232
32322232223223222322232
33333222232333333222232
33333222232233333222232
23333222232323333222232
23333222232223333222232
32333222232332333222232
32333222232232333222232
22333222232322333222232
22333222232222333222232
33233222232333233222232
33233222232233233222232
23233222232323233222232
23233222232223233222232
32233222232332233222232
32233222232232233222232
22233222232322233222232
22233222232222233222232
33323222232333323222232
33323222232233323222232
23323222232323323222232
23323222232223323222232
32323222232332323222232
32323222232232323222232
22323222232322323222232
33223222232333223222232
33223222232233223222232
23223222232323223222232
23223222232223223222232
32222322322223223222232
33332222232333332222232
33332222232233332222232
23332222232323332222232
23332222232223332222232
32332222232332332222232
32332222232232332222232
22332222232322332222232
22332222232222332222232
33232222232333232222232
33232222232233232222232
23232222232323232222232
23232222232223232222232
32232222232332232222232
32232222232232232222232
22232222232322232222232
33322222232333322222232
33322222232233322222232
23322222232323322222232
23322222232223322222232
32322222232332322222232
32322222232232322222232
22322222232322322222232
22322222232222322222232
33222222232333222222232
33222222232233222222232
23222222232323222222232
23222222232223222222232
32222222232332222222232
32222222232232222222232
22222222232322222222232
22222222232222222222232
33333333222333333333322
33333333222323333333322
23333333222332333333322
23333333222322333333322
32333333222333233333322
32333333222323233333322
33333223333332233333322
22333333222332233333322
22333333222322233333322
33233333222333323333322
33233333222323323333322
23233333222332323333322
23233333222322323333322
32233333222333223333322
32233333222323223333322
22233333222332223333322
22233333222322223333322
33323333222333332333322
33323333222323332333322
23323333222332332333322
23323333222322332333322
32323333222333232333322
32323333222323232333322
23333223233332232333322
22323333222332232333322
22323333222322232333322
33223333222333322333322
33223333222323322333322
23223333222332322333322
23223333222322322333322
32223333222323222333322
22223333222332222333322
22223333222322222333322
33332333222333333233322
33332333222323333233322
23332333222332333233322
23332333222322333233322
32332333222333233233322
32332333222323233233322
32333223323332233233322
22332333222332233233322
22332333222322233233322
33232333222333323233322
33232333222323323233322
23232333222332323233322
23232333222322323233322
32232333222333223233322
32232333222323223233322
22232333222332223233322
22232333222322223233322
33322333222333332233322
33322333222323332233322
23322333222332332233322
23322333222322332233322
32322333222333232233322
32322333222323232233322
22333223223332232233322
22322333222332232233322
22322333222322232233322
23222333222332322233322
23222333222322322233322
32222333222333222233322
32222333222323222233322
22222333222332222233322
22222333222322222233322
33333233222333333323322
33333233222323333323322
23333233222332333323322
23333233222322333323322
32333233222333233323322
32333233222323233323322
33233223332332233323322
22333233222332233323322
22333233222322233323322
33233233222333323323322
33233233222323323323322
23233233222332323323322
23233233222322323323322
32233233222333223323322
32233233222323223323322
22233233222332223323322
22233233222322223323322
33323233222333332323322
33323233222323332323322
23323233222332332323322
23323233222322332323322
32323233222333232323322
32323233222323232323322
23233223232332232323322
22323233222332232323322
22323233222322232323322
33223233222333322323322
33223233222323322323322
23223233222332322323322
23223233222322322323322
32223233222333222323322
32223233222323222323322
22223233222332222323322
22223233222322222323322
33332233222333333223322
33332233222323333223322
23332233222332333223322
23332233222322333223322
32332233222333233223322
32332233222323233223322
22332233222322233223322
33232233222333323223322
33232233222323323223322
23232233222332323223322
23232233222322323223322
32232233222333223223322
32232233222323223223322
22232233222322223223322
22233223222332232223322
22322233222322232223322
33222233222333322223322
33222233222323322223322
23222233222332322223322
23222233222322322223322
32222233222333222223322
32222233222323222223322
22222233222332222223322
22222233222322222223322
33333323222333333332322
33333323222323333332322
23333323222332333332322
23333323222322333332322
32333323222333233332322
32333323222323233332322
22333323222332233332322
33323223333232233332322
22333323222322233332322
33233323222333323332322
33233323222323323332322
23233323222332323332322
23233323222322323332322
32233323222333223332322
32233323222323223332322
22233323222332223332322
22233323222322223332322
33323323222333332332322
33323323222323332332322
23323323222332332332322
23323323222322332332322
32323323222333232332322
32323323222323232332322
22323323222332232332322
23323223233232232332322
22323323222322232332322
33223323222333322332322
33223323222323322332322
23223323222332322332322
23223323222322322332322
32223323222333222332322
22223323222332222332322
22223323222322222332322
33332323222333333232322
33332323222323333232322
23332323222332333232322
23332323222322333232322
32332323222333233232322
32332323222323233232322
22332323222332233232322
32323223323232233232322
22332323222322233232322
33232323222333323232322
33232323222323323232322
23232323222332323232322
23232323222322323232322
32232323222333223232322
32232323222323223232322
22232323222332223232322
22232323222322223232322
33322323222333332232322
33322323222323332232322
23322323222332332232322
23322323222322332232322
32322323222333232232322
32322323222323232232322
22322323222332232232322
22323223223232232232322
32322232232322232232322
22322323222322232232322
33222323222333322232322
33222323222323322232322
32222323222333222232322
32222323222323222232322
22222323222332222232322
22222323222322222232322
33333223222333333322322
33333223222323333322322
23333223222332333322322
23333223222322333322322
32333223222333233322322
32333223222323233322322
22333223222332233322322
33223223332232233322322
22333223222322233322322
33233223222333323322322
33233223222323323322322
23233223222332323322322
23233223222322323322322
32233223222333223322322
32233223222323223322322
22233223222332223322322
22233223222322223322322
33323223222333332322322
33323223222323332322322
23323223222332332322322
23323223222322332322322
32323223222333232322322
32323223222323232322322
22323223222332232322322
23223223232232232322322
22323223222322232322322
32223223222333222322322
32223223222323222322322
22223223222332222322322
23223222232232222322322
22223223222322222322322
32223222322233233222322
22322232223322223222322
22223222322233232222322
22223222322233222222322
32223332223233222333222
33222332223233322233222
33222332223223322233222
23222332223232322233222
23222332223222322233222
22233232223232223323222
22322232223322232223222
23222322223222322223222
