333332332223333333233
333332332223233333233
233332332223323333233
233332332223223333233
323332332223332333233
323332332223232333233
332332233323322333233
223332332223322333233
223332332223222333233
232332332223323233233
232332332223223233233
322332332223332233233
322332332223232233233
222332332223322233233
222332332223222233233
233232332223323323233
232332232323322323233
332232332223233223233
323322332223332332233
323322332223232332233
223322332223222332233
222332232223322322233
333333332333333333323
333333332323333333323
233333332332333333323
233333332322333333323
323333332333233333323
323333332323233333323
223333332332233333323
223333332322233333323
332333332323323333323
232333332332323333323
232333332322323333323
322333332333223333323
322333332323223333323
222333332332223333323
222333332322223333323
323333232223332333323
233233332332332333323
233233332322332333323
323233332333232333323
323233332323232333323
223233332332232333323
223233332322232333323
332233332333322333323
332233332323322333323
333232233332322333323
232233332332322333323
232233332322322333323
322233332333222333323
322233332323222333323
222233332332222333323
222233332322222333323
332333232223333233323
332333232223233233323
332323332333323233323
332323332323323233323
232323332332323233323
232323332322323233323
322323332333223233323
322323332323223233323
222323332332223233323
222323332322223233323
333223332333332233323
333223332323332233323
233223332332332233323
233223332322332233323
323223332333232233323
323223332323232233323
223223332332232233323
223223332322232233323
332223332333322233323
332223332323322233323
232223332332322233323
232223332322322233323
322223332333222233323
322223332323222233323
222223332332222233323
222223332322222233323
333233232223333323323
333233232223233323323
233233232223223323323
323233232223332323323
323233232223232323323
223233232223322323323
233232232332322323323
223233232223222323323
333322332333333223323
333322332323333223323
233322332332333223323
233322332322333223323
323322332333233223323
323322332323233223323
223322332332233223323
223322332322233223323
332322332333323223323
332322332323323223323
232233232223323223323
232322332332323223323
232322332322323223323
322322332333223223323
322322332323223223323
222322332332223223323
222322332322223223323
333222332333332223323
333222332323332223323
233222332332332223323
233222332322332223323
323222332333232223323
323222332323232223323
223222332332232223323
223222332322232223323
332222332333322223323
332222332323322223323
232222332332322223323
232222332322322223323
322222332333222223323
322222332323222223323
222222332332222223323
222222332322222223323
333323232332333332323
333323232332233332323
233323232332323332323
233323232332223332323
323323232332332332323
323323232332232332323
223323232332322332323
223323232332222332323
333232323323333232323
333232323322333232323
233232323322233232323
332232323323332232323
332232323322332232323
232232323323232232323
232232323322232232323
322232323323322232323
322232323322322232323
222232323323222232323
222232323322222232323
333223232223333322323
333223232223233322323
233223232223323322323
233223232223223322323
323223232223332322323
323223232223232322323
223223232223322322323
223232232232322322323
323222322323222322323
223223232223222322323
332223232223333222323
332223232223233222323
322223232223332222323
322223232223232222323
222223232223322222323
222223232223222222323
333333322333333333223
333333322323333333223
233333322332333333223
233333322322333333223
323333322333233333223
323333322323233333223
223333322332233333223
223333322322233333223
332333322333323333223
332333322323323333223
232333322332323333223
232333322322323333223
322333322323223333223
222333322332223333223
222333322322223333223
333233322333332333223
333233322323332333223
233233322332332333223
233233322322332333223
323233322333232333223
323233322323232333223
223233322332232333223
223233322322232333223
232233322332322333223
332232233322322333223
232233322322322333223
322233322333222333223
322233322323222333223
222233322332222333223
222233322322222333223
333323322333333233223
333323322323333233223
233323322332333233223
233323322322333233223
323323322333233233223
323323322323233233223
223323322332233233223
223323322322233233223
332323322333323233223
332323322323323233223
232323322332323233223
232323322322323233223
322323322333223233223
322323322323223233223
222323322332223233223
222323322322223233223
332223322333322233223
332223322323322233223
232223322332322233223
232223322322322233223
322223322333222233223
322223322323222233223
222223322332222233223
222223322322222233223
333332322333333323223
333332322323333323223
233332322332333323223
233332322322333323223
323332322333233323223
323332322323233323223
223332322332233323223
223332322322233323223
332332322333323323223
332332322323323323223
232332322332323323223
232332322322323323223
322332322333223323223
222332322332223323223
222332322322223323223
333232322333332323223
333232322323332323223
233232322332332323223
233232322322332323223
323232322333232323223
323232322323232323223
223232322332232323223
223232322322232323223
332232322333322323223
332232322323322323223
232232232322322323223
322232322333222323223
322232322323222323223
222232322332222323223
222232322322222323223
322322323222323223223
223223223323223223223
223223223322223223223
322232232223332223223
322232232223232223223
222232232223322223223
232232222322322223223
222232232223222223223
333333222333333332223
333333222323333332223
233333222332333332223
233333222322333332223
323333222333233332223
323333222323233332223
223333222332233332223
223333222322233332223
332333222333323332223
332333222323323332223
232333222332323332223
232333222322323332223
322333222333223332223
322333222323223332223
222333222322223332223
333233222333332332223
333233222323332332223
233233222332332332223
233233222322332332223
323233222333232332223
323233222323232332223
223233222332232332223
223233222322232332223
332233222333322332223
332233222323322332223
232233222332322332223
232233222322322332223
222233222332222332223
222233222322222332223
333323222333333232223
333323222323333232223
233323222332333232223
233323222322333232223
323323222333233232223
323323222323233232223
223323222332233232223
223323222322233232223
332323222333323232223
332323222323323232223
232323222332323232223
232323222322323232223
322323222333223232223
322323222323223232223
222323222332223232223
222323222322223232223
333223222333332232223
333223222323332232223
233223222332332232223
233223222322332232223
323223222333232232223
323223222323232232223
223223222332232232223
223222322233222232223
333332222333333322223
333332222323333322223
233332222332333322223
233332222322333322223
323332222333233322223
323332222323233322223
223332222332233322223
223332222322233322223
332332222333323322223
332332222323323322223
232332222332323322223
232332222322323322223
322332222333223322223
322332222323223322223
222332222332223322223
333232222333332322223
333232222323332322223
233232222332332322223
233232222322332322223
323232222333232322223
323232222323232322223
223232222332232322223
223232222322232322223
332232222333322322223
332232222323322322223
232232222332322322223
232232222322322322223
322232222333222322223
322232222323222322223
333322222333333222223
333322222323333222223
233322222332333222223
233322222322333222223
323322222333233222223
323322222323233222223
223322222332233222223
223322222322233222223
332322222333323222223
332322222323323222223
232322222332323222223
232322222322323222223
322322222333223222223
322322222323223222223
222322222332223222223
222322222322223222223
333222222333332222223
333222222323332222223
233222222332332222223
233222222322332222223
323222222333232222223
323222222323232222223
223222222332232222223
223222222322232222223
332222222333322222223
332222222323322222223
232222222332322222223
232222222322322222223
322222222333222222223
322222222323222222223
222222222332222222223
222222222322222222223
333333333233333333332
333333333223333333332
233333333232333333332
233333333222333333332
323333333233233333332
323333333223233333332
223333333232233333332
223333333222233333332
332333333233323333332
332333333223323333332
232333333232323333332
232333333222323333332
322333333233223333332
322333333223223333332
222333333232223333332
222333333222223333332
333233333233332333332
333233333223332333332
233233333232332333332
233233333222332333332
323233333233232333332
323233333223232333332
223233333232232333332
223233333222232333332
332233333233322333332
332233333223322333332
232233333232322333332
232233333222322333332
322233333233222333332
322233333223222333332
222233333232222333332
222233333222222333332
233323333232333233332
233323333222333233332
323323333233233233332
323323333223233233332
223323333232233233332
223323333222233233332
332323333233323233332
332323333223323233332
232323333232323233332
232323333222323233332
322323333233223233332
322323333223223233332
222323333232223233332
222323333222223233332
333223333223332233332
233223333232332233332
233223333222332233332
323223333233232233332
323223333223232233332
223223333232232233332
223223333222232233332
332223333233322233332
332223333223322233332
232223333232322233332
232223333222322233332
322223333233222233332
322223333223222233332
222223333232222233332
222223333222222233332
332332333223323323332
232332333232323323332
232332333222323323332
322332333233223323332
322332333223223323332
222332333232223323332
222332333222223323332
333232333233332323332
333232333223332323332
233232333232332323332
233232333222332323332
323232333233232323332
323232333223232323332
223232333232232323332
223232333222232323332
332232333233322323332
332232333223322323332
232232333232322323332
232232333222322323332
322232333233222323332
322232333223222323332
222232333232222323332
222232333222222323332
333322333233333223332
333322333223333223332
323322333233233223332
323322333223233223332
223322333232233223332
223322333222233223332
332322333233323223332
332322333223323223332
232322333232323223332
232322333222323223332
322322333233223223332
322322333223223223332
222322333232223223332
222322333222223223332
333222333233332223332
233222333232332223332
233222333222332223332
323222333233232223332
323222333223232223332
223222333232232223332
223222333222232223332
332222333233322223332
332222333223322223332
232222333232322223332
232222333222322223332
322222333233222223332
322222333223222223332
222222333232222223332
222222333222222223332
333323233233333232332
333323233223333232332
233323233232333232332
233323233222333232332
223323233232233232332
223323233222233232332
332323233233323232332
332323233223323232332
232323233232323232332
232323233222323232332
322323233233223232332
322323233223223232332
222323233232223232332
222323233222223232332
333223233233332232332
333223233223332232332
233223233222332232332
323223233233232232332
323223233223232232332
223223233232232232332
223223233222232232332
332223233233322232332
332223233223322232332
232223233232322232332
232223233222322232332
322223233233222232332
322223233223222232332
222223233232222232332
222223233222222232332
333332233233333322332
333332233223333322332
233332233232333322332
233332233222333322332
323332233233233322332
323332233223233322332
223332233232233322332
223332233222233322332
333232233233332322332
333232233223332322332
233232233232332322332
233232233222332322332
323232233233232322332
323232233223232322332
223232233232232322332
223232233222232322332
332232233233322322332
332232233223322322332
232232233232322322332
232232233222322322332
322232233233222322332
322232233223222322332
222232233232222322332
222232233222222322332
333322233233333222332
333322233223333222332
233322233232333222332
233322233222333222332
323322233233233222332
323322233223233222332
332223322232233222332
332322233233323222332
332322233223323222332
232322233232323222332
232322233222323222332
322322233233223222332
322322233223223222332
222322233232223222332
222322233222223222332
333222233233332222332
333222233223332222332
233222233232332222332
323222233233232222332
323222233223232222332
223222233232232222332
223222233222232222332
332222233233322222332
332222233223322222332
232222233232322222332
232222233222322222332
322222233233222222332
322222233223222222332
222222233232222222332
222222233222222222332
222332322232322233232
232323332323233323232
333333223233333332232
333333223223333332232
233333223232333332232
233333223222333332232
323333223233233332232
323333223223233332232
223333223232233332232
223333223222233332232
332333223233323332232
332333223223323332232
232333223232323332232
232333223222323332232
322333223233223332232
322333223223223332232
222333223232223332232
222333223222223332232
333233223233332332232
333233223223332332232
233233223232332332232
233233223222332332232
323233223233232332232
323233223223232332232
223233223232232332232
223233223222232332232
332233223233322332232
332233223223322332232
232233223232322332232
232233223222322332232
322233223233222332232
322233223223222332232
222233223232222332232
222233223222222332232
322322322332332232232
333332223233333322232
333332223223333322232
233332223232333322232
233332223222333322232
323332223233233322232
323332223223233322232
223332223232233322232
223332223222233322232
332332223233323322232
332332223223323322232
232332223232323322232
232332223222323322232
322332223233223322232
322332223223223322232
222332223232223322232
222332223222223322232
333232223233332322232
333232223223332322232
233232223232332322232
233232223222332322232
323232223233232322232
323232223223232322232
223232223232232322232
223232223222232322232
223222322233222322232
333322223233333222232
333322223223333222232
233322223232333222232
233322223222333222232
323322223233233222232
323322223223233222232
223322223232233222232
223322223222233222232
332322223233323222232
332322223223323222232
232322223232323222232
232322223222323222232
322322223233223222232
322322223223223222232
232223222232223222232
333222223233332222232
333222223223332222232
233222223232332222232
233222223222332222232
323222223233232222232
323222223223232222232
223222223232232222232
332222223233322222232
332222223223322222232
232222223232322222232
232222223222322222232
322222223233222222232
322222223223222222232
222222223232222222232
222222223222222222232
333333322233333333322
333333322232333333322
233333322233233333322
233333322232233333322
323333322233323333322
323333322232323333322
223333322233223333322
333222333332223333322
223333322232223333322
332333322233332333322
332333322232332333322
232333322233232333322
232333322232232333322
322333322233322333322
322333322232322333322
222333322233222333322
222333322232222333322
333233322233333233322
333233322232333233322
233233322233233233322
233233322232233233322
323233322233323233322
323233322232323233322
223233322233223233322
223233322232223233322
332233322233332233322
332233322232332233322
232233322233232233322
232233322232232233322
322233322232322233322
222233322233222233322
222233322232222233322
333323322233333323322
333323322232333323322
233323322233233323322
233323322232233323322
323323322233323323322
323323322232323323322
223323322233223323322
233222332332223323322
223323322232223323322
332323322233332323322
332323322232332323322
232323322233232323322
232323322232232323322
322323322233322323322
322323322232322323322
222323322232222323322
333223322233333223322
333223322232333223322
233223322233233223322
233223322232233223322
323223322233323223322
323223322232323223322
223223322233223223322
223223322232223223322
322223322233322223322
322223322232322223322
222223322233222223322
222223322232222223322
333332322233333332322
333332322232333332322
233332322233233332322
233332322232233332322
323332322233323332322
323332322232323332322
223332322233223332322
323222333232223332322
223332322232223332322
332332322233332332322
332332322232332332322
232332322233232332322
232332322232232332322
322332322233322332322
322332322232322332322
222332322233222332322
222332322232222332322
333232322233333232322
333232322232333232322
233232322233233232322
233232322232233232322
323232322233323232322
323232322232323232322
223232322233223232322
223232322232223232322
332232322233332232322
332232322232332232322
232232322233232232322
232232322232232232322
322232322233322232322
232223223222322232322
222232322233222232322
222232322232222232322
333322322233333322322
333322322232333322322
233322322233233322322
233322322232233322322
323322322233323322322
323322322232323322322
223322322233223322322
223322322232223322322
332322322233332322322
332322322232332322322
232322322233232322322
232322322232232322322
222322322233222322322
232223232223222322322
222322322232222322322
332223222322233222322
232232223222323222322
232322232223223222322
232223222332223222322
322232223232223222322
222322232223322222322
322233222323322233222
322233222322322233222
322322232223232223222
323222322232232223222
