33333332323323333333323233
33333332323322333333323233
33323233333323233333323233
23333332323323233333323233
23333332323322233333323233
32333332323323323333323233
32333332323322323333323233
22333332323323223333323233
22333332323322223333323233
33233332323323332333323233
33233332323322332333323233
23233332323323232333323233
23233332323322232333323233
32233332323323322333323233
32233332323322322333323233
22233332323323222333323233
22233332323322222333323233
33323332323323333233323233
33323332323322333233323233
23323332323323233233323233
23323332323322233233323233
32323332323323323233323233
32323332323322323233323233
22323332323323223233323233
22323332323322223233323233
33223332323323332233323233
33223332323322332233323233
23223332323323232233323233
23223332323322232233323233
32223332323323322233323233
32223332323322322233323233
22223332323323222233323233
22223332323322222233323233
33322332323323333223323233
33322332323322333223323233
23322332323322233223323233
32322332323323323223323233
32322332323322323223323233
22322332323323223223323233
22322332323322223223323233
33222332323323332223323233
33222332323322332223323233
23222332323323232223323233
23222332323322232223323233
32222332323323322223323233
32222332323322322223323233
22222332323323222223323233
22222332323322222223323233
33333232323323333332323233
33333232323322333332323233
23333232323323233332323233
32323233332323233332323233
23333232323322233332323233
32333232323323323332323233
32333232323322323332323233
22333232323323223332323233
22333232323322223332323233
33233232323323332332323233
33233232323322332332323233
23233232323322232332323233
32233232323323322332323233
32233232323322322332323233
22233232323323222332323233
22233232323322222332323233
33323232323323333232323233
33323232323322333232323233
23323232323323233232323233
23323232323322233232323233
32323232323323323232323233
32323232323322323232323233
22323232323323223232323233
22323232323322223232323233
33223232323323332232323233
33223232323322332232323233
23223232323323232232323233
23223232323322232232323233
32223232323323322232323233
32223232323322322232323233
22223232323323222232323233
22223232323322222232323233
33332232323323333322323233
33332232323322333322323233
23332232323323233322323233
22323233322323233322323233
23332232323322233322323233
32332232323323323322323233
32332232323322323322323233
22332232323323223322323233
22332232323322223322323233
33232232323323332322323233
33232232323322332322323233
23232232323323232322323233
23232232323322232322323233
32232232323323322322323233
32232232323322322322323233
22232232323323222322323233
22232232323322222322323233
33322232323323333222323233
33322232323322333222323233
23322232323323233222323233
23322232323322233222323233
32322232323323323222323233
32322232323322323222323233
22322232323323223222323233
22322232323322223222323233
33222232323323332222323233
33222232323322332222323233
23222232323323232222323233
23222232323322232222323233
32222232323323322222323233
32222232323322322222323233
22222232323323222222323233
22222232323322222222323233
33333322323323333333223233
33333322323322333333223233
23333322323323233333223233
33223233333223233333223233
23333322323322233333223233
32333322323323323333223233
32333322323322323333223233
22333322323323223333223233
22333322323322223333223233
33233322323323332333223233
33233322323322332333223233
23233322323323232333223233
23233322323322232333223233
32233322323323322333223233
32233322323322322333223233
22233322323323222333223233
22233322323322222333223233
33323322323323333233223233
33323322323322333233223233
23323322323323233233223233
23323322323322233233223233
33223322323323332233223233
33223322323322332233223233
23223322323323232233223233
23223322323322232233223233
32223322323323322233223233
32223322323322322233223233
22223322323323222233223233
22223322323322222233223233
33332322323323333323223233
33332322323322333323223233
23332322323323233323223233
23223233323223233323223233
23332322323322233323223233
32332322323323323323223233
22332322323323223323223233
22332322323322223323223233
33232322323323332323223233
33232322323322332323223233
23232322323323232323223233
23232322323322232323223233
32232322323323322323223233
32232322323322322323223233
22232322323323222323223233
22232322323322222323223233
33322322323323333223223233
33322322323322333223223233
23322322323323233223223233
23322322323322233223223233
32322322323323323223223233
32322322323322323223223233
22322322323323223223223233
22322322323322223223223233
33222322323323332223223233
33222322323322332223223233
23222322323323232223223233
23222322323322232223223233
32222322323323322223223233
32222322323322322223223233
22222322323323222223223233
22222322323322222223223233
33333222323323333332223233
33333222323322333332223233
23333222323323233332223233
32223233332223233332223233
23333222323322233332223233
32333222323323323332223233
32333222323322323332223233
22333222323323223332223233
22333222323322223332223233
33233222323323332332223233
33233222323322332332223233
23233222323323232332223233
32233222323323322332223233
32233222323322322332223233
22233222323323222332223233
22233222323322222332223233
33323222323323333232223233
33323222323322333232223233
23323222323323233232223233
23323222323322233232223233
32323222323323323232223233
32323222323322323232223233
22323222323323223232223233
22323222323322223232223233
33223222323323332232223233
33223222323322332232223233
23223222323323232232223233
23223222323322232232223233
32223222323323322232223233
32332223222323322232223233
32223222323322322232223233
22223222323323222232223233
22223222323322222232223233
33332222323323333322223233
33332222323322333322223233
23332222323323233322223233
22223233322223233322223233
23332222323322233322223233
32332222323323323322223233
32332222323322323322223233
22332222323323223322223233
22332222323322223322223233
33232222323323332322223233
33232222323322332322223233
23232222323323232322223233
23232222323322232322223233
32232222323323322322223233
32232222323322322322223233
22232222323323222322223233
22232222323322222322223233
33322222323323333222223233
33322222323322333222223233
23322222323323233222223233
23322222323322233222223233
32322222323323323222223233
32322222323322323222223233
22322222323323223222223233
22322222323322223222223233
33222222323323332222223233
33222222323322332222223233
23222222323323232222223233
23222222323322232222223233
32222222323323322222223233
32222222323322322222223233
22222222323323222222223233
22222222323322222222223233
33333333223323333333332233
33333333223322333333332233
23333333223323233333332233
33332233333332233333332233
23333333223322233333332233
32333333223323323333332233
32333333223322323333332233
22333333223323223333332233
22333333223322223333332233
33233333223323332333332233
33233333223322332333332233
23233333223323232333332233
23233333223322232333332233
32233333223323322333332233
32233333223322322333332233
22233333223323222333332233
22233333223322222333332233
33323333223323333233332233
33323333223322333233332233
23323333223323233233332233
23323333223322233233332233
32323333223323323233332233
32323333223322323233332233
22323333223323223233332233
22323333223322223233332233
33223333223323332233332233
33223333223322332233332233
23223333223323232233332233
23223333223322232233332233
32223333223323322233332233
32223333223322322233332233
22223333223323222233332233
22223333223322222233332233
33332333223323333323332233
33332333223322333323332233
23332333223323233323332233
23332233323332233323332233
23332333223322233323332233
32332333223323323323332233
32332333223322323323332233
22332333223323223323332233
22332333223322223323332233
33232333223323332323332233
33232333223322332323332233
23232333223323232323332233
23232333223322232323332233
32232333223323322323332233
32232333223322322323332233
22232333223323222323332233
22232333223322222323332233
33322333223323333223332233
23322333223323233223332233
23332233223332233223332233
23322333223322233223332233
32322333223323323223332233
32322333223322323223332233
22322333223323223223332233
22322333223322223223332233
33222333223323332223332233
33222333223322332223332233
23222333223323232223332233
23222333223322232223332233
32222333223323322223332233
32222333223322322223332233
22222333223323222223332233
22222333223322222223332233
22332233222332233222332233
33333323223323333333232233
33333323223322333333232233
23333323223323233333232233
33232233333232233333232233
23333323223322233333232233
32333323223323323333232233
32333323223322323333232233
22333323223323223333232233
22333323223322223333232233
33233323223323332333232233
33233323223322332333232233
23233323223323232333232233
23233323223322232333232233
32233323223323322333232233
32233323223322322333232233
22233323223323222333232233
22233323223322222333232233
33323323223323333233232233
33323323223322333233232233
23323323223323233233232233
23323323223322233233232233
32323323223323323233232233
32323323223322323233232233
22323323223323223233232233
22323323223322223233232233
32223323223323322233232233
32223323223322322233232233
22223323223323222233232233
22223323223322222233232233
33332323223323333323232233
33332323223322333323232233
23332323223323233323232233
23232233323232233323232233
23332323223322233323232233
32332323223323323323232233
32332323223322323323232233
22332323223322223323232233
33232323223323332323232233
33232323223322332323232233
23232323223323232323232233
23232323223322232323232233
32232323223323322323232233
32232323223322322323232233
22232323223323222323232233
22232323223322222323232233
33322323223323333223232233
33322323223322333223232233
23322323223323233223232233
23232233223232233223232233
23322323223322233223232233
32322323223323323223232233
32322323223322323223232233
22322323223323223223232233
22322323223322223223232233
33222323223323332223232233
33222323223322332223232233
23222323223323232223232233
23222323223322232223232233
32222323223323322223232233
32222323223322322223232233
22222323223323222223232233
22222323223322222223232233
33333223223323333332232233
33333223223322333332232233
23333223223323233332232233
32232233332232233332232233
23333223223322233332232233
32333223223323323332232233
32333223223322323332232233
22333223223323223332232233
22333223223322223332232233
33233223223323332332232233
33233223223322332332232233
23233223223323232332232233
23233223223322232332232233
32233223223323322332232233
22233223223323222332232233
22233223223322222332232233
33323223223323333232232233
33323223223322333232232233
23323223223323233232232233
23323223223322233232232233
32323223223323323232232233
32323223223322323232232233
22323223223323223232232233
22323223223322223232232233
33223223223323332232232233
33223223223322332232232233
23223223223323232232232233
23223223223322232232232233
32223223223323322232232233
22332223223223322232232233
32223223223322322232232233
22223223223323222232232233
22223223223322222232232233
33332223223323333322232233
33332223223322333322232233
23332223223323233322232233
22232233322232233322232233
23332223223322233322232233
32332223223323323322232233
32332223223322323322232233
22332223223323223322232233
22332223223322223322232233
33232223223323332322232233
33232223223322332322232233
23232223223323232322232233
23232223223322232322232233
32232223223323322322232233
32232223223322322322232233
33222322232233222322232233
22232223223323222322232233
22232223223322222322232233
33322223223323333222232233
33322223223322333222232233
23322223223323233222232233
22232233222232233222232233
23322223223322233222232233
32322223223323323222232233
32322223223322323222232233
22322223223323223222232233
22322223223322223222232233
33222223223323332222232233
33222223223322332222232233
23222223223323232222232233
23222223223322232222232233
32222223223323322222232233
32222223223322322222232233
22222223223323222222232233
22222223223322222222232233
33333332223323333333322233
33333332223322333333322233
23333332223323233333322233
33322233333322233333322233
23333332223322233333322233
32333332223323323333322233
32333332223322323333322233
22333332223323223333322233
22333332223322223333322233
33233332223323332333322233
33233332223322332333322233
23233332223323232333322233
23233332223322232333322233
32233332223323322333322233
32233332223322322333322233
22233332223323222333322233
22233332223322222333322233
33323332223323333233322233
33323332223322333233322233
23323332223323233233322233
23323332223322233233322233
32323332223323323233322233
32323332223322323233322233
22323332223323223233322233
22323332223322223233322233
33223332223323332233322233
33223332223322332233322233
23223332223323232233322233
23223332223322232233322233
32223332223323322233322233
32223332223322322233322233
22223332223323222233322233
22223332223322222233322233
33332332223323333323322233
33332332223322333323322233
23332332223323233323322233
23322233323322233323322233
23332332223322233323322233
32332332223323323323322233
32332332223322323323322233
22332332223323223323322233
22332332223322223323322233
33232332223323332323322233
33232332223322332323322233
23232332223323232323322233
23232332223322232323322233
32232332223323322323322233
32232332223322322323322233
22232332223323222323322233
22232332223322222323322233
32233222332223233223322233
23322233223322233223322233
32233222332223223223322233
22233222332223222223322233
33333232223323333332322233
33333232223322333332322233
23333232223323233332322233
23333232223322233332322233
32322233332322233332322233
32333232223323323332322233
32333232223322323332322233
22333232223323223332322233
22333232223322223332322233
33233232223323332332322233
33233232223322332332322233
23233232223323232332322233
23233232223322232332322233
32233232223323322332322233
32233232223322322332322233
23323222332223222332322233
22233232223322222332322233
33323232223323333232322233
33323232223322333232322233
23323232223323233232322233
23323232223322233232322233
32323232223323323232322233
32323232223322323232322233
22323232223323223232322233
22323232223322223232322233
33223232223323332232322233
33223232223322332232322233
23223232223323232232322233
23223232223322232232322233
32223232223323322232322233
32223232223322322232322233
22223232223323222232322233
22223232223322222232322233
33332232223323333322322233
33332232223322333322322233
23332232223323233322322233
23332232223322233322322233
22322233322322233322322233
32332232223323323322322233
32332232223322323322322233
22332232223323223322322233
22332232223322223322322233
33232232223323332322322233
33232232223322332322322233
23232232223323232322322233
23232232223322232322322233
32232232223323322322322233
32232232223322322322322233
22232232223323222322322233
22232232223322222322322233
33322232223323333222322233
33322232223322333222322233
23322232223323233222322233
23322232223322233222322233
22322233222322233222322233
32322232223323323222322233
32322232223322323222322233
22322232223323223222322233
22322232223322223222322233
33222232223323332222322233
33222232223322332222322233
23222232223323232222322233
23222232223322232222322233
32222232223323322222322233
32222232223322322222322233
22222232223323222222322233
22222232223322222222322233
33333322223323333333222233
33333322223322333333222233
23333322223323233333222233
23333322223322233333222233
33222233333222233333222233
32333322223323323333222233
32333322223322323333222233
22333322223323223333222233
22333322223322223333222233
33233322223323332333222233
33233322223322332333222233
23233322223323232333222233
23233322223322232333222233
32233322223323322333222233
32233322223322322333222233
22233322223323222333222233
22233322223322222333222233
33323322223323333233222233
33323322223322333233222233
23323322223323233233222233
23323322223322233233222233
32323322223323323233222233
32323322223322323233222233
22323322223323223233222233
22323322223322223233222233
33223322223323332233222233
33223322223322332233222233
23223322223323232233222233
23223322223322232233222233
33332322223323333323222233
33332322223322333323222233
23332322223323233323222233
23332322223322233323222233
23222233323222233323222233
32332322223323323323222233
32332322223322323323222233
22332322223323223323222233
33232322223323332323222233
33232322223322332323222233
23232322223323232323222233
23232322223322232323222233
32232322223323322323222233
32232322223322322323222233
22232322223323222323222233
22232322223322222323222233
33322322223323333223222233
33322322223322333223222233
23322322223323233223222233
23322322223322233223222233
23222233223222233223222233
32322322223323323223222233
32322322223322323223222233
22322322223323223223222233
22322322223322223223222233
33222322223323332223222233
33222322223322332223222233
23222322223323232223222233
23222322223322232223222233
32222322223323322223222233
32222322223322322223222233
22222322223323222223222233
22222322223322222223222233
33333222223323333332222233
33333222223322333332222233
23333222223323233332222233
23333222223322233332222233
32222233332222233332222233
32333222223323323332222233
32333222223322323332222233
22333222223323223332222233
22333222223322223332222233
33233222223323332332222233
33233222223322332332222233
23233222223323232332222233
23233222223322232332222233
32233222223323322332222233
32233222223322322332222233
22233222223323222332222233
33323222223323333232222233
33323222223322333232222233
23323222223323233232222233
23323222223322233232222233
32323222223323323232222233
32323222223322323232222233
22323222223323223232222233
22323222223322223232222233
33223222223323332232222233
33223222223322332232222233
23223222223323232232222233
23223222223322232232222233
32223222223323322232222233
32223222223322322232222233
22223222223323222232222233
22223222223322222232222233
33332222223323333322222233
33332222223322333322222233
23332222223323233322222233
23332222223322233322222233
22222233322222233322222233
32332222223323323322222233
32332222223322323322222233
22332222223323223322222233
22332222223322223322222233
33232222223323332322222233
33232222223322332322222233
23232222223323232322222233
23232222223322232322222233
32232222223323322322222233
32232222223322322322222233
22232222223323222322222233
22232222223322222322222233
33322222223323333222222233
33322222223322333222222233
23322222223323233222222233
23322222223322233222222233
22222233222222233222222233
32322222223323323222222233
32322222223322323222222233
22322222223323223222222233
22322222223322223222222233
33222222223323332222222233
33222222223322332222222233
23222222223323232222222233
23222222223322232222222233
32222222223323322222222233
32222222223322322222222233
22222222223323222222222233
22222222223322222222222233
32333323232333323232333323
32233323232233323232233323
33323323233323323233323323
32223323232223323232223323
33232323333323232333332323
23233232323322233232332323
32332323233222323233232323
22323223232233232232322323
33333223333333223333333223
23333223323333223323333223
33322333322323333223333223
33322333322322333223333223
32333223332333223332333223
33332233322323333322333223
33332233322322333322333223
23332233322323233322333223
23332233322322233322333223
32332233322323323322333223
32332233322322323322333223
22333223322333223322333223
22332233322323223322333223
22332233322322223322333223
33233223333233223333233223
23233223323233223323233223
33333223322323333332233223
33333223322322333332233223
23333223322323233332233223
23333223322322233332233223
32333223322323323332233223
32333223322322323332233223
32233223332233223332233223
22333223322323223332233223
22333223322322223332233223
33233223322323332332233223
33233223322322332332233223
23233223322323232332233223
23233223322322232332233223
22233223322323222332233223
22233223322322222332233223
33323223322323333232233223
33323223322322333232233223
23323223322323233232233223
23323223322322233232233223
32323223322323323232233223
32323223322322323232233223
32233223232233223232233223
22323223322323223232233223
22323223322322223232233223
33223223322323332232233223
23223223322323232232233223
23223223322322232232233223
32223223322323322232233223
32223223322322322232233223
22223223322323222232233223
22223223322322222232233223
22233223322233223322233223
33332232232233233333223223
33332232232233223333223223
23332232232233232333223223
23332232232233222333223223
32332232232233233233223223
32332232232233223233223223
22332232232233232233223223
22332232232233222233223223
22322332232232233223223223
23223222322232322232223223
32232223222322322232223223
33332223333332223333332223
23332223323332223323332223
33222333222323332223332223
33222333222322332223332223
32332223332332223332332223
22332223322332223322332223
33322233222323333222332223
33322233222322333222332223
23322233222323233222332223
32322233222323323222332223
32322233222322323222332223
22322233222323223222332223
22332223222332223222332223
22322233222322223222332223
33232223333232223333232223
23232223323232223323232223
32223222323222322232232223
33322223333322223333322223
23322223323322223323322223
32222332222323322223322223
32222332222322322223322223
32322223332322223332322223
22322223322322223322322223
33222223333222223333222223
23222223323222223323222223
32222223332222223332222223
22232223222222322232222223
22222223322222223322222223
33333332333333332333333332
33333222333333322233333332
23333332323333332323333332
33332333332223333332333332
32333332332333332332333332
33322333332223333322333332
22333332322333332322333332
33333233332223333333233332
33333233332223233333233332
23333233332223323333233332
23333233332223223333233332
33233332333233332333233332
23333222332333322233233332
23233332323233332323233332
33332233332223233332233332
32233332332233332332233332
22233332322233332322233332
33222233332223333222233332
33333323332223333333323332
33333323332223233333323332
23333323332223323333323332
23333323332223223333323332
33323332333323332333323332
32333323332223332333323332
32333323332223232333323332
22333323332223322333323332
22333323332223222333323332
33233323332223233233323332
23233323332223323233323332
23233323332223223233323332
32233323332223332233323332
32233323332223232233323332
32333222333233322233323332
22233323332223322233323332
22233323332223222233323332
23323332323323332323323332
23323332223323332223323332
23332323332223323332323332
32323332332323332332323332
33322323332223233322323332
22323332322323332322323332
33223332333223332333223332
32333223332223332333223332
32333223332223232333223332
32233322333233322333223332
22333223332223322333223332
22333223332223222333223332
22333222332233322233223332
23223332323223332323223332
32223332332223332332223332
22223332322223332322223332
33333332332223333333332332
33333332332223233333332332
23333332332223323333332332
23333332332223223333332332
32333332332223332333332332
33332332333332332333332332
32333332332223232333332332
22333332332223322333332332
22333332332223222333332332
33233332332223333233332332
33233332332223233233332332
23233332332223323233332332
23233332332223223233332332
32233332332223332233332332
32233332332223232233332332
33233222333323322233332332
22233332332223322233332332
22233332332223222233332332
33323332332223333323332332
33323332332223233323332332
23323332332223323323332332
23323332332223223323332332
32323332332223332323332332
23332332323332332323332332
32323332332223232323332332
22323332332223322323332332
22323332332223222323332332
33223332332223333223332332
33223332332223233223332332
23223332332223323223332332
23223332332223223223332332
32223332332223332223332332
23332332223332332223332332
32223332332223232223332332
22223332332223322223332332
22223332332223222223332332
33232332332223333232332332
33232332332223233232332332
23232332332223323232332332
23232332332223223232332332
32232332332223332232332332
32232332332223232232332332
22232332332223322232332332
22232332332223222232332332
33322332332223333322332332
33322332332223233322332332
23322332332223323322332332
23322332332223223322332332
32322332332223332322332332
22332332322332332322332332
32322332332223232322332332
22322332332223322322332332
22322332332223222322332332
33222332332223333222332332
23222332332223323222332332
23222332332223223222332332
32222332332223332222332332
22332332222332332222332332
32222332332223232222332332
22222332332223322222332332
22222332332223222222332332
33232332333232332333232332
33233232332223333233232332
33233232332223233233232332
23233232332223323233232332
23233232332223223233232332
23233222332323322233232332
23232332323232332323232332
23232332223232332223232332
32232332332232332332232332
32332232332223232332232332
22232332322232332322232332
33222232332223233222232332
22232332222232332222232332
33322332333322332333322332
32233222333223322233322332
33323322332223333323322332
33323322332223233323322332
23323322332223323323322332
23323322332223223323322332
32323322332223332323322332
23322332323322332323322332
32323322332223232323322332
22323322332223322323322332
22323322332223222323322332
23322332233233233223322332
23322332233232233223322332
23223322332223323223322332
23223322332223223223322332
32223322332223332223322332
32223322332223232223322332
22223322332223322223322332
22223322332223222223322332
32322332332322332332322332
22332322332223322332322332
32233222323223322232322332
23322322332223223322322332
22322332322322332322322332
32223222322332223222322332
33222332333222332333222332
23222332323222332323222332
22322232223322232223222332
32222332332222332332222332
22332222332223222332222332
22222332322222332322222332
33333333232223333333333232
33333333232223233333333232
23333333232223323333333232
23333333232223223333333232
32333333232223332333333232
33333232333333232333333232
32333333232223232333333232
22333333232223322333333232
22333333232223222333333232
33233333232223333233333232
33233333232223233233333232
23233333232223323233333232
23233333232223223233333232
32233333232223332233333232
32233333232223232233333232
22233333232223322233333232
33323222333332322233333232
22233333232223222233333232
33323333232223333323333232
33323333232223233323333232
23323333232223323323333232
23323333232223223323333232
32323333232223332323333232
32323333232223232323333232
22323333232223322323333232
22323333232223222323333232
33223333232223333223333232
33223333232223233223333232
23223333232223323223333232
23223333232223223223333232
32223333232223332223333232
23333232223333232223333232
32223333232223232223333232
22223333232223322223333232
22223333232223222223333232
33332333232223333332333232
33332333232223233332333232
23332333232223323332333232
23332333232223223332333232
32332333232223332332333232
32333232332333232332333232
32332333232223232332333232
22332333232223322332333232
22332333232223222332333232
33232333232223333232333232
33232333232223233232333232
23232333232223323232333232
23232333232223223232333232
32232333232223332232333232
32333232232333232232333232
32232333232223232232333232
22232333232223322232333232
22232333232223222232333232
33322333232223333322333232
33322333232223233322333232
23322333232223323322333232
23322333232223223322333232
32322333232223332322333232
32322333232223232322333232
22322333232223322322333232
22322333232223222322333232
33222333232223333222333232
33222333232223233222333232
23222333232223223222333232
32222333232223332222333232
22333232222333232222333232
32222333232223232222333232
22222333232223322222333232
22222333232223222222333232
33333233232223333333233232
33333233232223233333233232
23333233232223323333233232
23333233232223223333233232
32333233232223332333233232
33233232333233232333233232
32333233232223232333233232
22333233232223322333233232
22333233232223222333233232
33233233232223333233233232
33233233232223233233233232
23233233232223323233233232
23233233232223223233233232
32233233232223332233233232
32233233232223232233233232
22233233232223322233233232
23323222332332322233233232
22233233232223222233233232
33323233232223333323233232
33323233232223233323233232
23323233232223323323233232
23323233232223223323233232
32323233232223332323233232
23233232323233232323233232
32323233232223232323233232
22323233232223322323233232
22323233232223222323233232
33223233232223333223233232
33223233232223233223233232
23223233232223323223233232
23223233232223223223233232
32223233232223332223233232
23233232223233232223233232
32223233232223232223233232
22223233232223322223233232
22223233232223222223233232
33332233232223333332233232
33332233232223233332233232
23332233232223323332233232
23332233232223223332233232
32332233232223332332233232
32233232332233232332233232
32332233232223232332233232
22332233232223322332233232
22332233232223222332233232
33232233232223333232233232
33232233232223233232233232
23232233232223323232233232
23232233232223223232233232
32232233232223332232233232
32232233232223232232233232
22232233232223322232233232
22232233232223222232233232
33322233232223333322233232
33322233232223233322233232
23322233232223323322233232
23322233232223223322233232
22322233232223322322233232
22322233232223222322233232
33222233232223333222233232
33222233232223233222233232
23222233232223323222233232
23222233232223223222233232
32222233232223332222233232
22233232222233232222233232
32222233232223232222233232
22222233232223322222233232
22222233232223222222233232
33333323232332333333323232
33333323232332233333323232
23333323232332323333323232
23333323232332223333323232
32333323232332332333323232
32333323232332232333323232
22333323232332322333323232
22333323232332222333323232
33233323232332333233323232
33233323232332233233323232
23233323232332323233323232
23233323232332223233323232
32233323232332332233323232
32233323232332232233323232
22233323232332322233323232
22233323232332222233323232
33323323232332333323323232
33323323232332233323323232
23323323232332323323323232
32323233233232323323323232
23323323232332223323323232
22323323232332322323323232
22323323232332222323323232
33223323232332333223323232
33223323232332233223323232
23223323232332323223323232
23223323232332223223323232
32223323232332332223323232
32223323232332232223323232
22223323232332322223323232
22223323232332222223323232
33333223232223333333223232
33333223232223233333223232
23333223232223323333223232
23333223232223223333223232
32333223232223332333223232
33223232333223232333223232
32333223232223232333223232
22333223232223322333223232
22333223232223222333223232
33233223232223333233223232
33233223232223233233223232
23233223232223323233223232
23233223232223223233223232
32233223232223332233223232
32233223232223232233223232
22233223232223322233223232
22323222332232322233223232
22233223232223222233223232
33323223232223333323223232
33323223232223233323223232
23323223232223323323223232
23323223232223223323223232
32323223232223332323223232
32323223232223232323223232
22323223232223322323223232
22323223232223222323223232
33223223232223333223223232
33223223232223233223223232
23223223232223323223223232
23223223232223223223223232
32223223232223332223223232
22223223232223322223223232
22223223232223222223223232
33332223232223333332223232
33332223232223233332223232
23332223232223323332223232
23332223232223223332223232
32332223232223332332223232
32223232332223232332223232
32332223232223232332223232
22332223232223322332223232
22332223232223222332223232
23232223222322322232223232
33322223232223333322223232
33322223232223233322223232
23322223232223323322223232
23322223232223223322223232
32322223232223332322223232
32322223232223232322223232
22322223232223322322223232
22322223232223222322223232
33222223232223333222223232
33222223232223233222223232
23222223232223323222223232
23222223232223223222223232
32222223232223332222223232
32222223232223232222223232
22223232222223232222223232
22222223232223322222223232
22222223232223222222223232
33332232333332232333332232
32332232332332232332332232
32232332232223332232332232
32332232232332232232332232
22322332232223322322332232
33333232232223333333232232
33333232232223233333232232
23333232232223323333232232
23333232232223223333232232
32333232232223332333232232
32333232232223232333232232
33232232333232232333232232
22333232232223322333232232
22333232232223222333232232
33233232232223333233232232
33233232232223233233232232
23233232232223323233232232
23233232232223223233232232
32233232232223332233232232
32233232232223232233232232
22233232232223322233232232
22233232232223222233232232
33323232232223333323232232
33323232232223233323232232
23323232232223323323232232
23323232232223223323232232
32323232232223332323232232
32323232232223232323232232
22323232232223322323232232
22323232232223222323232232
33223232232223333223232232
33223232232223233223232232
23223232232223323223232232
23223232232223223223232232
32223232232223332223232232
32223232232223232223232232
22223232232223322223232232
22223232232223222223232232
32232232332232232332232232
23223223322322322332232232
32322322323222333232232232
32322322323222323232232232
22322322323222332232232232
22322322323222322232232232
33322232232223333322232232
33322232232223233322232232
23322232232223323322232232
23322232232223223322232232
32322232232223332322232232
32322232232223232322232232
32232223222323222322232232
33222232232223333222232232
33222232232223233222232232
23222232232223323222232232
23222232232223223222232232
32222232232223332222232232
32222232232223232222232232
22232232222232232222232232
22222232232223322222232232
22222232232223222222232232
22322233222322232223322232
32322232232322232232322232
32223222322233233222322232
22223222322233232222322232
22223222322233222222322232
23222232223222332223222232
22232222323222322223222232
32222232232222232232222232
33333322333333322333333322
23333322323333322323333322
32333322332333322332333322
22333322322333322322333322
33222333322232333222333322
33233322333233322333233322
23233322323233322323233322
32233322332233322332233322
33322233322232333322233322
33322233322232233322233322
23322233322232323322233322
23322233322232223322233322
22233322322233322322233322
33323322333323322333323322
23323322323323322323323322
32223323322232332223323322
32323322332323322332323322
22323322322323322322323322
32332223223233222322323322
33223322333223322333223322
23223322323223322323223322
33332223322232333332223322
33332223322232233332223322
23332223322232323332223322
23332223322232223332223322
32332223322232332332223322
32332223322232232332223322
32223322332223322332223322
22332223322232322332223322
22233222332233222332223322
22332223322232222332223322
33232223322232333232223322
33232223322232233232223322
23232223322232323232223322
23232223322232223232223322
32232223322232332232223322
32232223322232232232223322
22232223322232322232223322
22232223322232222232223322
22223322322223322322223322
33332322333332322333332322
23332322323332322323332322
32332322332332322332332322
22332322322332322322332322
33232223223323222322332322
23222332322232323222332322
33232322333232322333232322
23232322323232322323232322
32232322332232322332232322
32232322232232322232232322
23232223222323222322232322
32322232223223222322232322
33322322333322322333322322
23322322323322322323322322
23322322223322322223322322
32322322332322322332322322
32322322232322322232322322
33322322322332333322322322
33322322322332233322322322
23322322322332323322322322
23322322322332223322322322
32322322322332332322322322
32322322322332232322322322
22322322222322322222322322
23223222322232232223222322
23222322223222322223222322
32222322232222322232222322
33333333322233333333333222
33333333322232333333333222
23333333322233233333333222
23333333322232233333333222
32333333322233323333333222
32333333322232323333333222
22333333322233223333333222
22333333322232223333333222
33233333322233332333333222
33233333322232332333333222
23233333322233232333333222
23233333322232232333333222
32233333322233322333333222
32233333322232322333333222
22233333322233222333333222
22233333322232222333333222
33323333322233333233333222
33323333322232333233333222
23323333322233233233333222
23323333322232233233333222
32323333322233323233333222
32323333322232323233333222
22323333322233223233333222
22323333322232223233333222
33223333322233332233333222
33223333322232332233333222
23223333322233232233333222
23223333322232232233333222
32223333322233322233333222
32223333322232322233333222
22223333322233222233333222
22223333322232222233333222
33332333322233333323333222
33332333322232333323333222
23332333322233233323333222
23332333322232233323333222
32332333322233323323333222
32332333322232323323333222
22332333322233223323333222
22332333322232223323333222
33232333322233332323333222
33232333322232332323333222
23232333322233232323333222
23232333322232232323333222
32232333322233322323333222
32232333322232322323333222
22232333322233222323333222
22232333322232222323333222
33322333322233333223333222
33322333322232333223333222
23322333322233233223333222
23322333322232233223333222
32322333322233323223333222
32322333322232323223333222
22322333322233223223333222
22322333322232223223333222
33222333322232332223333222
23222333322233232223333222
23222333322232232223333222
32222333322233322223333222
32222333322232322223333222
22222333322233222223333222
22222333322232222223333222
33333233322233333332333222
33333233322232333332333222
23333233322233233332333222
23333233322232233332333222
32333233322233323332333222
32333233322232323332333222
22333233322233223332333222
22333233322232223332333222
33233233322233332332333222
33233233322232332332333222
23233233322233232332333222
23233233322232232332333222
32233233322233322332333222
32233233322232322332333222
22233233322233222332333222
22233233322232222332333222
33323233322233333232333222
33323233322232333232333222
23323233322233233232333222
23323233322232233232333222
32323233322233323232333222
32323233322232323232333222
22323233322233223232333222
22323233322232223232333222
33223233322233332232333222
33223233322232332232333222
23223233322233232232333222
23223233322232232232333222
32223233322232322232333222
22223233322233222232333222
22223233322232222232333222
33332233322233333322333222
33332233322232333322333222
23332233322233233322333222
23332233322232233322333222
32332233322233323322333222
32332233322232323322333222
22332233322233223322333222
22332233322232223322333222
33232233322233332322333222
33232233322232332322333222
23232233322233232322333222
23232233322232232322333222
32232233322233322322333222
32232233322232322322333222
22232233322233222322333222
22232233322232222322333222
32322233322233323222333222
32322233322232323222333222
22322233322233223222333222
22322233322232223222333222
33222233322233332222333222
33222233322232332222333222
23222233322233232222333222
23222233322232232222333222
32222233322233322222333222
32222233322232322222333222
22222233322233222222333222
22222233322232222222333222
33333323322233333333233222
33333323322232333333233222
23333323322233233333233222
23333323322232233333233222
32333323322233323333233222
32333323322232323333233222
22333323322233223333233222
22333323322232223333233222
33233323322233332333233222
33233323322232332333233222
23233323322233232333233222
23233323322232232333233222
32233323322233322333233222
32233323322232322333233222
22233323322233222333233222
22233323322232222333233222
33323323322233333233233222
33323323322232333233233222
23323323322233233233233222
23323323322232233233233222
32323323322233323233233222
32323323322232323233233222
22323323322233223233233222
22323323322232223233233222
33223323322233332233233222
33223323322232332233233222
23223323322233232233233222
23223323322232232233233222
32223323322233322233233222
32223323322232322233233222
22223323322233222233233222
22223323322232222233233222
33332323322233333323233222
33332323322232333323233222
23332323322233233323233222
23332323322232233323233222
32332323322233323323233222
32332323322232323323233222
22332323322233223323233222
22332323322232223323233222
33232323322233332323233222
33232323322232332323233222
23232323322233232323233222
23232323322232232323233222
32232323322233322323233222
32232323322232322323233222
22232323322233222323233222
22232323322232222323233222
33322323322233333223233222
33322323322232333223233222
23322323322233233223233222
23322323322232233223233222
32322323322233323223233222
32322323322232323223233222
22322323322233223223233222
22322323322232223223233222
33222323322233332223233222
23222323322233232223233222
23222323322232232223233222
32222323322233322223233222
32222323322232322223233222
22222323322233222223233222
22222323322232222223233222
33333223322233333332233222
33333223322232333332233222
23333223322233233332233222
23333223322232233332233222
32333223322233323332233222
32333223322232323332233222
22333223322233223332233222
22333223322232223332233222
33233223322233332332233222
33233223322232332332233222
23233223322233232332233222
23233223322232232332233222
32233223322233322332233222
32233223322232322332233222
22233223322233222332233222
22233223322232222332233222
33323223322233333232233222
33323223322232333232233222
23323223322233233232233222
23323223322232233232233222
32323223322233323232233222
32323223322232323232233222
22323223322233223232233222
22323223322232223232233222
33223223322233332232233222
33223223322232332232233222
23223223322233232232233222
23223223322232232232233222
32223223322233322232233222
32223223322232322232233222
22223223322233222232233222
22223223322232222232233222
33322223322233333222233222
33322223322232333222233222
23322223322233233222233222
23322223322232233222233222
32322223322233323222233222
32322223322232323222233222
22322223322233223222233222
22322223322232223222233222
33222223322233332222233222
33222223322232332222233222
23222223322233232222233222
23222223322232232222233222
32222223322233322222233222
32222223322232322222233222
22222223322233222222233222
22222223322232222222233222
33333332322233333333323222
33333332322232333333323222
23333332322233233333323222
23333332322232233333323222
32333332322233323333323222
32333332322232323333323222
22333332322233223333323222
22333332322232223333323222
33233332322233332333323222
33233332322232332333323222
23233332322233232333323222
23233332322232232333323222
32233332322233322333323222
32233332322232322333323222
22233332322233222333323222
22233332322232222333323222
33323332322233333233323222
33323332322232333233323222
23323332322233233233323222
23323332322232233233323222
32323332322233323233323222
32323332322232323233323222
22323332322233223233323222
22323332322232223233323222
33223332322233332233323222
33223332322232332233323222
23223332322233232233323222
23223332322232232233323222
32223332322233322233323222
32223332322232322233323222
22223332322233222233323222
22223332322232222233323222
33332332322233333323323222
33332332322232333323323222
23332332322233233323323222
23332332322232233323323222
32332332322233323323323222
32332332322232323323323222
22332332322233223323323222
22332332322232223323323222
33232332322233332323323222
33232332322232332323323222
23232332322233232323323222
23232332322232232323323222
32232332322233322323323222
32232332322232322323323222
22232332322233222323323222
22232332322232222323323222
33322332322233333223323222
33322332322232333223323222
23322332322233233223323222
23322332322232233223323222
32322332322233323223323222
32322332322232323223323222
22322332322233223223323222
22322332322232223223323222
33222332322233332223323222
33222332322232332223323222
23222332322232232223323222
32222332322233322223323222
32222332322232322223323222
22222332322233222223323222
22222332322232222223323222
33333232322233333332323222
33333232322232333332323222
23333232322233233332323222
23333232322232233332323222
32333232322233323332323222
32333232322232323332323222
22333232322233223332323222
22333232322232223332323222
33233232322233332332323222
33233232322232332332323222
23233232322233232332323222
23233232322232232332323222
32233232322233322332323222
32233232322232322332323222
22233232322233222332323222
22233232322232222332323222
33323232322233333232323222
33323232322232333232323222
23323232322233233232323222
23323232322232233232323222
32323232322233323232323222
32323232322232323232323222
22323232322233223232323222
22323232322232223232323222
33223232322233332232323222
33223232322232332232323222
23223232322233232232323222
23223232322232232232323222
32223232322233322232323222
22223232322233222232323222
22223232322232222232323222
33332232322233333322323222
33332232322232333322323222
23332232322233233322323222
23332232322232233322323222
32332232322233323322323222
32332232322232323322323222
22332232322233223322323222
22332232322232223322323222
33232232322233332322323222
33232232322232332322323222
23232232322233232322323222
23232232322232232322323222
32232232322233322322323222
32232232322232322322323222
22232232322233222322323222
22232232322232222322323222
33322232322233333222323222
33322232322232333222323222
23322232322233233222323222
23322232322232233222323222
32322232223232223222323222
33222232322233332222323222
33222232322232332222323222
23222232322233232222323222
23222232322232232222323222
32222232322233322222323222
32222232322232322222323222
22222232322233222222323222
22222232322232222222323222
33333322322233333333223222
33333322322232333333223222
23333322322233233333223222
23333322322232233333223222
32333322322233323333223222
32333322322232323333223222
22333322322233223333223222
22333322322232223333223222
33233322322233332333223222
33233322322232332333223222
23233322322233232333223222
23233322322232232333223222
32233322322233322333223222
32233322322232322333223222
22233322322233222333223222
22233322322232222333223222
33323322322233333233223222
33323322322232333233223222
23323322322233233233223222
23323322322232233233223222
32323322322233323233223222
32323322322232323233223222
22323322322233223233223222
22323322322232223233223222
33223322322233332233223222
33223322322232332233223222
23223322322233232233223222
23223322322232232233223222
32223322322233322233223222
32223322322232322233223222
22223322322233222233223222
22223322322232222233223222
33332322322233333323223222
33332322322232333323223222
23332322322233233323223222
23332322322232233323223222
32332322322233323323223222
32332322322232323323223222
22332322322233223323223222
22332322322232223323223222
33232322322233332323223222
33232322322232332323223222
23232322322233232323223222
23232322322232232323223222
32232322322233322323223222
32232322322232322323223222
22232322322233222323223222
22232322322232222323223222
33322322322233333223223222
33322322322232333223223222
23322322322233233223223222
23322322322232233223223222
32322322322233323223223222
32322322322232323223223222
22322322322233223223223222
22322322322232223223223222
33222322322233332223223222
33222322322232332223223222
23222322322233232223223222
32222322322233322223223222
32222322322232322223223222
22222322322233222223223222
22222322322232222223223222
33222322232223323332223222
33222322232223322332223222
23222322322232223232223222
23222323222322232232223222
33222322232223322232223222
22232223222332322232223222
22232223222332222232223222
32222322232223323322223222
32222322232223322322223222
22222322232223323222223222
22322232222232223222223222
22222322232223322222223222
