3332332333323323333233
3233222333233222333233
2332332323323323233233
2332332223323322233233
3333323233233333323233
3333323233223333323233
2333323233232333323233
2333323233222333323233
3233323233233233323233
3233323233223233323233
2233323233232233323233
2233323233222233323233
3232332332323323323233
3223323233233223323233
3223323233223223323233
2223323233232223323233
2223323233222223323233
3332323233233332323233
3332323233223332323233
2332323233222332323233
3232323233233232323233
3232323233223232323233
2232323233232232323233
2232323233222232323233
3322323233233322323233
3322323233223322323233
2322323233232322323233
2322323233222322323233
3222323233233222323233
3222323233223222323233
2222323233232222323233
2222323233222222323233
3333223233233333223233
3333223233223333223233
2333223233232333223233
2333223233222333223233
3233223233233233223233
2233223233232233223233
2233223233222233223233
3323223233233323223233
2232332322323323223233
3323223233223323223233
2323223233232323223233
2323223233222323223233
3223223233233223223233
3223223233223223223233
2223223233232223223233
2223223233222223223233
3332223233233332223233
3332223233223332223233
2332223233232332223233
2332223233222332223233
3232223233233232223233
3232223233223232223233
2232223233232232223233
2232223233222232223233
3322223233233322223233
2232332222323322223233
3322223233223322223233
2322223233232322223233
2322223233222322223233
3222223233233222223233
3222223233223222223233
2222223233232222223233
2222223233222222223233
3333332233233333332233
3333332233223333332233
2333332233232333332233
2333332233222333332233
3233332233233233332233
3233332233223233332233
2233332233232233332233
2233332233222233332233
3323332233233323332233
3322332333223323332233
3323332233223323332233
2323332233232323332233
2323332233222323332233
3223332233233223332233
3223332233223223332233
2223332233232223332233
2223332233222223332233
2233222332233222332233
3333232233233333232233
3333232233223333232233
2333232233232333232233
2333232233222333232233
3233232233233233232233
3233232233223233232233
2233232233222233232233
3323232233233323232233
3323232233223323232233
2322332323223323232233
2323232233232323232233
2323232233222323232233
3223232233233223232233
3223232233223223232233
2223232233232223232233
2223232233222223232233
3332232233233332232233
3332232233223332232233
2332232233232332232233
2332232233222332232233
3232232233233232232233
3232232233223232232233
2232232233232232232233
2232232233222232232233
3322232233233322232233
3322232233223322232233
2322232233232322232233
2322232233222322232233
3222232233233222232233
3222232233223222232233
2222232233232222232233
2222232233222222232233
3333322233233333322233
3333322233223333322233
2333322233232333322233
2333322233222333322233
3233322233233233322233
3233322233223233322233
2233322233232233322233
2233322233222233322233
3323322233233323322233
3323322233223323322233
3222332332223323322233
2323322233232323322233
2323322233222323322233
3332322233233332322233
3332322233223332322233
2332322233232332322233
3232322233233232322233
3232322233223232322233
2232322233232232322233
2232322233222232322233
3322322233233322322233
3322322233223322322233
2322322233232322322233
2322322233222322322233
3222322233233222322233
2233222322233222322233
3222322233223222322233
2222322233232222322233
2222322233222222322233
3333222233233333222233
3333222233223333222233
2333222233232333222233
2333222233222333222233
3233222233233233222233
3233222233223233222233
2233222233232233222233
3323222233233323222233
3323222233223323222233
2222332322223323222233
2323222233232323222233
2323222233222323222233
3223222233233223222233
3223222233223223222233
2223222233232223222233
2223222233222223222233
3332222233233332222233
3332222233223332222233
2332222233232332222233
2332222233222332222233
3232222233233232222233
3232222233223232222233
2232222233232232222233
2232222233222232222233
3322222233233322222233
3322222233223322222233
2322222233232322222233
2322222233222322222233
3222222233233222222233
3222222233223222222233
2222222233232222222233
2222222233222222222233
3333232333332323333323
3323222333323222333323
2333232223332322233323
3233232232332322323323
2233232222332322223323
2323233323232333232323
3223232332232323322323
2223232222232322222323
3332232333322323333223
3322333223233322333223
3322333223223322333223
2332232323322323233223
3332233223233332233223
3332233223223332233223
2332233223232332233223
2332233223222332233223
3232233223233232233223
3232233223223232233223
2232233223232232233223
2232233223222232233223
3232232332322323323223
3232232232322322323223
3322322322332333223223
3322322322332233223223
3222322232322232223223
2232232222322322223223
3222332223233222332223
3222332223223222332223
3223222322232322232223
3232223222322322232223
3222232232222322322223
3333322333333223333332
3332333322233333233332
2333322323333223233332
3322333322233332233332
3333233322233333323332
3333233322232333323332
2333233322233233323332
2333233322232233323332
3233322332333223323332
3332233322232333223332
2233322322333223223332
3222233322233322223332
3333323322233333332332
3333323322232333332332
2333323322233233332332
2333323322232233332332
3233323322233323332332
3233323322232323332332
3323322333233223332332
2233323322233223332332
2233323322232223332332
2323323322233232332332
2323323322232232332332
3223323322233322332332
3223323322232322332332
2223323322233222332332
2223323322232222332332
2332323322233233232332
2323322323233223232332
3322323322232332232332
3233223322233323322332
3233223322232323322332
2233223322232223322332
2223322322233223222332
3333332322233333333232
3333332322232333333232
2333332322233233333232
2333332322232233333232
3233332322233323333232
3233332322232323333232
2233332322233223333232
3332322333323223333232
2233332322232223333232
3323332322233332333232
3323332322232332333232
2323332322233232333232
2323332322232232333232
3223332322233322333232
3223332322232322333232
2223332322233222333232
2223332322232222333232
3332332322233333233232
3332332322232333233232
2332332322233233233232
2332332322232233233232
3232332322233323233232
3232332322232323233232
2232332322233223233232
2332322323323223233232
2232332322232223233232
3322332322233332233232
3322332322232332233232
2322332322233232233232
2322332322232232233232
3222332322233322233232
2222332322233222233232
2222332322232222233232
3333232323323333323232
3333232323322333323232
2333232323323233323232
2333232323322233323232
3233232323323323323232
3233232323322323323232
2233232323323223323232
2233232323322223323232
3332232322233333223232
3332232322232333223232
2332232322233233223232
2332232322232233223232
3232232322233323223232
3232232322232323223232
2232232322233223223232
2232322322323223223232
3232223223232223223232
2232232322232223223232
3322232322233332223232
3322232322232332223232
3222232322233322223232
3222232322232322223232
2222232322233222223232
2222232322232222223232
3322322333223223332232
3332322322233333232232
3332322322232333232232
2332322322233233232232
2332322322232233232232
3232322322233323232232
3232322322232323232232
2232322322233223232232
2322322323223223232232
2232322322232223232232
3223223232223232232232
3222322322233322232232
3222322322232322232232
2222322322233222232232
2322322223223222232232
2222322322232222232232
2232223222332222322232
3222333222323322233322
3322233222323332223322
3322233222322332223322
2322233222323232223322
2322233222322232223322
2223323222323222332322
3223223223323322322322
2232223222332223222322
2322232222322232222322
3333333222333333333222
3333333222323333333222
2333333222332333333222
2333333222322333333222
3233333222333233333222
3233333222323233333222
2233333222332233333222
3332223333322233333222
2233333222322233333222
3323333222333323333222
3323333222323323333222
2323333222332323333222
2323333222322323333222
3223333222333223333222
3223333222323223333222
2223333222332223333222
2223333222322223333222
3332333222333332333222
3332333222323332333222
2332333222332332333222
2332333222322332333222
3232333222333232333222
3232333222323232333222
2232333222332232333222
2232333222322232333222
3322333222333322333222
3322333222323322333222
2322333222332322333222
2322333222322322333222
3222333222323222333222
2222333222332222333222
2222333222322222333222
3333233222333333233222
3333233222323333233222
2333233222332333233222
2333233222322333233222
3233233222333233233222
3233233222323233233222
2233233222332233233222
2332223323322233233222
2233233222322233233222
3323233222333323233222
3323233222323323233222
2323233222332323233222
2323233222322323233222
3223233222333223233222
3223233222323223233222
2223233222322223233222
3332233222333332233222
3332233222323332233222
2332233222332332233222
2332233222322332233222
3232233222333232233222
3232233222323232233222
2232233222332232233222
2232233222322232233222
3222233222333222233222
3222233222323222233222
2222233222332222233222
2222233222322222233222
3333323222333333323222
3333323222323333323222
2333323222332333323222
2333323222322333323222
3233323222333233323222
3233323222323233323222
2233323222332233323222
3232223332322233323222
2233323222322233323222
3323323222333323323222
3323323222323323323222
2323323222332323323222
2323323222322323323222
3223323222333223323222
3223323222323223323222
2223323222332223323222
2223323222322223323222
3332323222333332323222
3332323222323332323222
2332323222332332323222
2332323222322332323222
3232323222333232323222
3232323222323232323222
2232323222332232323222
2232323222322232323222
3322323222333322323222
3322323222323322323222
2322323222332322323222
2322323222322322323222
3222323222333222323222
2322232232223222323222
2222323222332222323222
2222323222322222323222
3333223222333333223222
3333223222323333223222
2333223222332333223222
2333223222322333223222
3233223222333233223222
3233223222323233223222
2233223222332233223222
2233223222322233223222
3323223222333323223222
3323223222323323223222
2323223222332323223222
2323223222322323223222
3223223222333223223222
3223223222323223223222
2223223222332223223222
2322232322232223223222
2223223222322223223222
3322232223222332223222
2322322232223232223222
2323222322232232223222
2322232223322232223222
2223222322233222223222
