3233222333233
2332323323233
2233222332233
3333233333323
3333232333323
2333232233323
3232332323323
3323222323323
2233233223323
2233232223323
3232332232323
2323222322323
3332233333223
3332232333223
2332233233223
3232233323223
3232232323223
3322233332223
3322232332223
2322233232223
2322232232223
2322322232223
3222233322223
3222232322223
2222233222223
2222232222223
3333323333332
3333322333332
2333323233332
2333322233332
3233323323332
3233322323332
3322333223332
2233323223332
2233322223332
2323323232332
2323322232332
3223322322332
2223323222332
2223322222332
2322323223232
3322323332232
3322322332232
3222323322232
2322232322232
2323222322232
3223222322232
2222323222232
2222322222232
3332223333322
3332223233322
2332223323322
2332223223322
3232223332322
3232223232322
3222322232322
2232223322322
3232223222322
2223322233222
