332332223333233
332332223233233
233223233223233
333332333333323
333332323333323
233332332333323
233332322333323
323332323233323
223332332233323
223332322233323
233232223323323
322332333223323
323223323223323
322332323223323
222332332223323
222332322223323
323232332332323
232323322232323
223232223322323
232232223222323
333322333333223
333322323333223
233322332333223
233322322333223
323322333233223
323322323233223
223322322233223
332322333323223
332322323323223
232322332323223
322232232223223
232322232223223
333222333332223
333222323332223
233222332332223
233222322332223
323222333232223
323222323232223
322232223232223
223222332232223
332222333322223
332222323322223
232222332322223
232222322322223
322222333222223
322222323222223
222222332222223
222222322222223
333333233333332
333333223333332
233333232333332
233333222333332
323333233233332
323333223233332
223333232233332
223333222233332
332333223323332
232333232323332
232333222323332
322333233223332
322333223223332
222333232223332
222333222223332
323233223232332
223233232232332
223233222232332
332233233322332
232233232322332
232233222322332
322233233222332
322233223222332
222233232222332
222233222222332
322322232223232
333223233332232
333223223332232
233223232332232
233223222332232
322322332232232
323222322232232
332223233322232
332223223322232
232223232322232
322223233222232
322223223222232
222223232222232
222223222222232
333322233333322
333322232333322
233322233233322
233322232233322
322233322233322
323322233323322
323322232323322
223322233223322
332322233332322
332322232332322
232322233232322
232322232232322
322322233322322
322322232322322
232223223222322
233222322233222
232223232223222
