32223222323322232223233
33333233333332333333323
23333233233332332333323
22333233223332332233323
33233233332332333323323
23233233232332332323323
32233233322332333223323
22233233222332332223323
33323233333232333332323
23323233233232332332323
33223233332232333322323
23223233232232332322323
32223233322232333222323
22223233222232332222323
33232233332322333323223
23232233232322332323223
22232233222322332223223
23322232233222322332223
23332323233323232333232
22332323223323232233232
33223222332232223322322
22322232222322232222322
23322232223222332223222
