3322332223233223322232332233
2322332223223223322232232233
2222332223222223322232222233
2333332323233333232323333323
2233332323223333232322333323
2323332323232333232323233323
2223332323222333232322233323
2322332323232233232323223323
2222332323222233232322223323
2232232323223223232322322323
2222232323222223232322222323
2333322323233332232323333223
2233322323223332232322333223
2223322323222332232322233223
2332322323233232232323323223
2222322323222232232322223223
2332223222322233222322232223
2223222322222322232222232223
2332233222233223322223322332
2232233222223223322222322332
3333223222333322322233332232
3222322232332223222323322232
2222322232222223222322222232
3322232223233322232223233322
2223322232222332223222233222
