23322232223222332223222322233
33333332333333333233333333323
23333332332333333233233333323
32333332333233333233323333323
22333332332233333233223333323
23233332332323333233232333323
32233332333223333233322333323
22233332332223333233222333323
33323332333332333233333233323
23323332332332333233233233323
32323332333232333233323233323
22323332332232333233223233323
33223332333322333233332233323
23223332332322333233232233323
32223332333222333233322233323
22223332332222333233222233323
33332332333333233233333323323
23332332332333233233233323323
22332332332233233233223323323
33232332333323233233332323323
23232332332323233233232323323
32232332333223233233322323323
22232332332223233233222323323
33322332333332233233333223323
23322332332332233233233223323
32322332333232233233323223323
22322332332232233233223223323
33222332333322233233332223323
33222332323322233232332223323
32222332333222233233322223323
22222332332222233233222223323
33333232333333323233333332323
23333232332333323233233332323
32333232333233323233323332323
22333232332233323233223332323
33233232333323323233332332323
32233232333223323233322332323
22233232332223323233222332323
33332232333333223233333322323
23332232332333223233233322323
32332232333233223233323322323
22332232332233223233223322323
33232232333323223233332322323
23232232332323223233232322323
32232232333223223233322322323
22232232332223223233222322323
33322232333332223233333222323
23322232332332223233233222323
33222232333322223233332222323
23222232332322223233232222323
32222232333222223233322222323
22222232332222223233222222323
22323322332232332233223233223
33332322333333232233333323223
23332322332333232233233323223
32332322333233232233323323223
22332322332233232233223323223
33232322333323232233332323223
23232322332323232233232323223
32232322333223232233322323223
22232322332223232233222323223
33222322333322232233332223223
23222322332322232233232223223
32222322333222232233322223223
22222322332222232233222223223
22233222322223322232222332223
33223322232332233222323322332
23223322232232233222322322332
22223322232222233222322222332
23333323232333332323233333232
22333323232233332323223333232
23233323232323332323232333232
22233323232223332323222333232
23223323232322332323232233232
22223323232222332323222233232
22322323232232232323223223232
22222323232222232323222223232
23333223232333322323233332232
22333223232233322323223332232
22233223232223322323222332232
23323223232332322323233232232
22223223232222322323222232232
22232223222223222322222322232
23322332222332233222233223322
22322332222232233222223223322
33332232223333223222333322322
32223222323322232223233222322
22223222322222232223222222322
33222322232333222322232333222
