233322332222333223322223332233
223322332332233223323322332233
223322332222233223322222332233
232322332222323223322223232233
222322332222223223322222232233
333332232223333322322233333223
332332232223323322322233233223
232232232332322322323323223223
332223222323332223222323332223
322223222323322223222323322223
222223222322222223222322222223
333222322232333322232223233332
233222322232223322232223222332
332233222323322332223233223322
232233222322322332223223223322
222233222322222332223222223322
322232223233222322232332223222
222232223222222322232222223222
