32332223222323323322232223233233
22332223222322223322232223222233
33333333233333333332333333333323
23333333233233333332332333333323
32333333233323333332333233333323
22333333233223333332332233333323
33233333233332333332333323333323
23233333233232333332332323333323
32233333233322333332333223333323
22233333233222333332332223333323
33323333233333233332333332333323
23323333233233233332332332333323
32323333233323233332333232333323
22323333233223233332332232333323
33223333233332233332333322333323
23223333233232233332332322333323
32223333233322233332333222333323
22223333233222233332332222333323
33332333233333323332333333233323
32332333233323323332333233233323
22332333233223323332332233233323
33232333233332323332333323233323
23232333233232323332332323233323
32232333233322323332333223233323
22232333233222323332332223233323
33322333233333223332333332233323
23322333233233223332332332233323
32322333233323223332333232233323
22322333233223223332332232233323
33222333233332223332333322233323
32222333233322223332333222233323
22222333233222223332332222233323
33333233233333332332333333323323
23333233233233332332332333323323
32333233233323332332333233323323
32333233232323332332323233323323
22333233233223332332332233323323
32233233233322332332333223323323
22233233233222332332332223323323
33323233233333232332333332323323
23323233233233232332332332323323
32323233233323232332333232323323
22323233233223232332332232323323
33223233233332232332333322323323
23223233233232232332332322323323
32223233233322232332333222323323
22223233233222232332332222323323
33332233233333322332333333223323
23332233233233322332332333223323
32332233233323322332333233223323
22332233233223322332332233223323
33232233233332322332333323223323
23232233233232322332332323223323
32232233233322322332333223223323
22232233233222322332332223223323
33322233233333222332333332223323
23322233233233222332332332223323
22322233233223222332332232223323
33222233233332222332333322223323
23222233233232222332332322223323
32222233233322222332333222223323
22222233233222222332332222223323
33333323233333333232333333332323
23333323233233333232332333332323
32333323233323333232333233332323
22333323233223333232332233332323
33233323233332333232333323332323
23233323233232333232332323332323
32233323233322333232333223332323
22233323233222333232332223332323
33323323233333233232333332332323
23323323233233233232332332332323
22323323233223233232332232332323
33223323233332233232333322332323
23223323233232233232332322332323
32223323233322233232333222332323
22223323233222233232332222332323
33333223233333332232333333322323
23333223233233332232332333322323
32333223233323332232333233322323
22333223233223332232332233322323
33233223233332332232333323322323
23233223233232332232332323322323
32233223233322332232333223322323
22233223233222332232332223322323
33323223233333232232333332322323
23323223233233232232332332322323
32323223233323232232333232322323
22323223233223232232332232322323
33223223233332232232333322322323
23223223233232232232332322322323
32223223233322232232333222322323
22223223233222232232332222322323
33332223233333322232333333222323
23332223233233322232332333222323
32332223233323322232333233222323
22332223233223322232332233222323
33322223233333222232333332222323
23322223233233222232332332222323
32322223233323222232333232222323
22322223233223222232332232222323
33222223233332222232333322222323
23222223233232222232332322222323
32222223233322222232333222222323
22222223233222222232332222222323
32232332233322323322333223233223
22322332233223223322332232233223
33333232233333332322333333323223
23333232233233332322332333323223
32333232233323332322333233323223
22333232233223332322332233323223
33233232233332332322333323323223
23233232233232332322332323323223
32233232233322332322333223323223
22233232233222332322332223323223
33323232233333232322333332323223
23323232233233232322332332323223
32323232233323232322333232323223
22323232233223232322332232323223
33223232233332232322333322323223
23223232233232232322332322323223
32223232233322232322333222323223
22223232233222232322332222323223
23223223232323223223232323223223
23223223322223223223322223223223
33322232233333222322333332223223
23322232233233222322332332223223
32322232233323222322333232223223
33222232233332222322333322223223
23222232233232222322332322223223
32222232233322222322333222223223
22222232233222222322332222223223
33223322232332233222323322332223
23223322232232233222322322332223
22223322232222233222322222332223
33322332223233322332223233322332
23322332223223322332223223322332
22322332223222322332223222322332
22222332223222222332223222222332
23333332323233333323232333333232
22333332323223333323232233333232
23233332323232333323232323333232
22233332323222333323232223333232
23323332323233233323232332333232
22323332323223233323232232333232
23223332323232233323232322333232
22223332323222233323232222333232
23322332323233223323232332233232
22322332323223223323232232233232
22222332323222223323232222233232
23332232323233322323232333223232
22332232323223322323232233223232
23232232323232322323232323223232
22232232323222322323232223223232
23322232323233222323232332223232
23222232323232222323232322223232
22222232323222222323232222223232
23333322323233333223232333332232
22333322323223333223232233332232
23233322323232333223232323332232
22233322323222333223232223332232
23323322323233233223232332332232
23223322323232233223232322332232
22223322323222233223232222332232
23332322323233323223232333232232
22332322323223323223232233232232
23232322323232323223232323232232
22232322323222323223232223232232
23222322323232223223232322232232
22222322323222223223232222232232
32223222323322232223233222322232
22223222322222232223222222322232
23322333222233223332222332233322
23332233222233322332222333223322
22332233222223322332222233223322
23232233222232322332222323223322
22232233222222322332222223223322
33333223222333332232223333322322
33233223222332332232223323322322
33222322232333222322232333222322
32222322232332222322232332222322
22222322232222222322232222222322
33322232223233332223222323333222
23322232223222332223222322233222
