233332233222233332233222233332233
223332233222223332233222223332233
232332233222232332233222232332233
222332233222222332233222222332233
233232233222233232233222233232233
223232233222223232233222223232233
232232233222232232233222232232233
222232233222222232233222222232233
232223323223232223323223232223323
333333223222333333223222333333223
332333223222332333223222332333223
333233223222333233223222333233223
332233223222332233223222332233223
323223223233323223223233323223223
333222322232333322232223233332223
233222322232223322232223222332223
332222322232333222232223233322223
232222322232223222232223222322223
322222322232332222232223233222223
222222322232222222232223222222223
333322232223233333222322232333332
233322232223222333222322232223332
323322232223233233222322232332332
223322232223222233222322232222332
232232232323232232232323232232232
333223322232333223322232333223322
233223322232233223322232233223322
223223322232223223322232223223322
222223322232222223322232222223322
332223222323332223222323332223222
322223222323322223222323322223222
222223222322222223222322222223222
