3333223322232333322332223233332233
2333223322232233322332223223332233
2233223322232223322332223222332233
3323223322232332322332223233232233
2323223322232232322332223223232233
2223223322232222322332223222232233
3322223322232332222332223233222233
2322223322232232222332223223222233
2222223322232222222332223222222233
2333333323232333333323232333333323
2233333323232233333323232233333323
2323333323232323333323232323333323
2223333323232223333323232223333323
2332333323232332333323232332333323
2232333323232232333323232232333323
2322333323232322333323232322333323
2222333323232222333323232222333323
2333233323232333233323232333233323
2233233323232233233323232233233323
2323233323232323233323232323233323
2223233323232223233323232223233323
2332233323232332233323232332233323
2232233323232232233323232232233323
2322233323232322233323232322233323
2222233323232222233323232222233323
2333223323232333223323232333223323
2233223323232233223323232233223323
2323223323232323223323232323223323
2223223323232223223323232223223323
2332223323232332223323232332223323
2232223323232232223323232232223323
2322223323232322223323232322223323
2222223323232222223323232222223323
2333322323232333322323232333322323
2233322323232233322323232233322323
2223322323232223322323232223322323
2332322323232332322323232332322323
2322322323232322322323232322322323
2222322323232222322323232222322323
2333222323232333222323232333222323
2233222323232233222323232233222323
2332222323232332222323232332222323
2232222323232232222323232232222323
2322222323232322222323232322222323
2222222323232222222323232222222323
2333333223232333333223232333333223
2233333223232233333223232233333223
2323333223232323333223232323333223
2223333223232223333223232223333223
2332333223232332333223232332333223
2232333223232232333223232232333223
2322333223232322333223232322333223
2222333223232222333223232222333223
2333233223232333233223232333233223
2233233223232233233223232233233223
2332233223232332233223232332233223
2232233223232232233223232232233223
2322233223232322233223232322233223
2222233223232222233223232222233223
2333323223232333323223232333323223
2233323223232233323223232233323223
2323323223232323323223232323323223
2223323223232223323223232223323223
2332323223232332323223232332323223
2232323223232232323223232232323223
2322323223232322323223232322323223
2222323223232222323223232222323223
2332223223232332223223232332223223
2322223223232322223223232322223223
2222223223232222223223232222223223
3322232223233322232223233322232223
3222232223233222232223233222232223
2222232223222222232223222222232223
2333223332222333223332222333223332
2233223332222233223332222233223332
2332223332232332223332232332223332
2333322332222333322332222333322332
2233322332222233322332222233322332
2323322332222323322332222323322332
2223322332222223322332222223322332
2332322332222332322332222332322332
2232322332222232322332222232322332
2322322332222322322332222322322332
2222322332222222322332222222322332
2322233232232322233232232322233232
3333332232223333332232223333332232
3323332232223323332232223323332232
3332332232223332332232223332332232
3322332232223322332232223322332232
3232232232333232232232333232232232
2232232232332232232232332232232232
3332223222323333222322232333322232
2332223222322233222322232223322232
3322223222323332222322232333222232
2322223222322232222322232223222232
3222223222323322222322232332222232
2222223222322222222322232222222232
3333222322232333332223222323333322
2333222322232223332223222322233322
3233222322232332332223222323323322
2233222322232222332223222322223322
3332233222323332233222323332233222
2332233222322332233222322332233222
2232233222322232233222322232233222
2222233222322222233222322222233222
