Normal

11: 223 647464746476474647464 223 6 1
14: 223 6 223 647464746476474647464 223 6 1
19: 223 223 6 223 223 647464746476474647464 223 6 1
22: 23 223 223 6 23 223 223 647464746476474647464 223 6 1
48: 223 223 647 223 647 223 64 223 647464746476474647464 223 6 1
68: 223 7 223 6477 223 6477 223 64 223 647464746476474647464 223 6 1 
76: 67 223 64 223 77 223 64 223 77 223 64 223 647464746476474647464 223 6 1 //Check
77: 76474647464 223 676474647464 223 647464746476474647 464 223 6 1
48e48: 223 223 647 223 647 223 64 223 647464746476474647464 223 6 223 223 647 223 647 223 64 223 647464746476474647464 223 647464746476474647464 223 647464746476474647 647464 32 1

Starting sequence seperated
11: 223 6 22| 23 7464746476474647464 223 6 1
14: 223 6 223 23| 2223 47464746476474647464 223 6 1
19: 223 223 6 223 223 2| 32223 47464746476474647464 223 6 1
22: 23 223 223 6 23 223 223| 647464746476474647464 223 6 1
48: 223 223 647 223 647 223 23|2223 4 223 647464746476474647464 223 6 1
68: 223 7 223 6477 223 6477 223 232223| 4 223 647464746476474647464 223 6 1 
76: 67 223 64 223 77 223 64 223 77 223| 64 223 647464746476474647464 223 6 1 
77: 76474647464 223 67 23 |2223 474647464 223 647464746476474647 464 223 6 1
48e48: 223 223 647 223 647 223 64 223 647464746476474647464 223 6 223 223 647 223 647 223 23| 2223 4 223 647464746476474647464 223 647464746476474647464 223 647464746476474647 647464 32 1


11t replaced

11: 223 647464746476474647464 223 6 1
14: 223 6 11t
19: 223 223 6 223 11t
22: 23 223 223 6 23 223 11t
48: 223 223 647 223 647 223 64 11t
68: 223 7 223 6477 223 6477 223 64 11t
76: 67 223 64 223 77 223 64 223 7 223 64 11t
77: 76474647464 223 676474647464 11t
48e48: 223 223 647 223 647 223 64 223 "11t" 223 223 647 223 647 223 64 "11t" 47464746476474647464 223 647464746476474647 647464 32 1

Dictionary
6: 232223
7: 2232223
4: 2223

1,2,3: 1,2,3

223321

