3333332323233233333332323233233333332323
3333232323322233333323232332223333332323
2333332323233232333332323233232333332323
2333332323233222333332323233222333332323
3233332323233233233332323233233233332323
2233332323233232233332323233232233332323
2233332323233222233332323233222233332323
3323332323233233323332323233233323332323
3232323323332323233222333232323323332323
2333232323322233233323232332223323332323
2323332323233232323332323233232323332323
2323332323233222323332323233222323332323
3223332323233233223332323233233223332323
2223332323233232223332323233232223332323
2223332323233222223332323233222223332323
3332332323233233332332323233233332332323
3233232323322233323323232332223332332323
2332332323233232332332323233232332332323
3323232332332323233222333323232332332323
3323232332332323233222323323232332332323
2332332323233222332332323233222332332323
3333333232332323233222333333333232332323
3333333232332323233222323333333232332323
2333333232332323233222332333333232332323
2333333232332323233222322333333232332323
3233333232332323233222333233333232332323
3233333232332323233222323233333232332323
2233333232332323233222332233333232332323
2233333232332323233222322233333232332323
3323333232332323233222333323333232332323
3323333232332323233222323323333232332323
2323333232332323233222332323333232332323
2323333232332323233222322323333232332323
3223333232332323233222333223333232332323
3223333232332323233222323223333232332323
2223333232332323233222332223333232332323
2223333232332323233222322223333232332323
3332333232332323233222333332333232332323
3332333232332323233222323332333232332323
2332333232332323233222332332333232332323
2332333232332323233222322332333232332323
3232333232332323233222333232333232332323
3232333232332323233222323232333232332323
2232333232332323233222332232333232332323
2232333232332323233222322232333232332323
3322333232332323233222333322333232332323
3322333232332323233222323322333232332323
2322333232332323233222332322333232332323
2322333232332323233222322322333232332323
3222333232332323233222333222333232332323
3222333232332323233222323222333232332323
2222333232332323233222332222333232332323
2222333232332323233222322222333232332323
3333233232332323233222333333233232332323
3333233232332323233222323333233232332323
2333233232332323233222332333233232332323
2333233232332323233222322333233232332323
3233233232332323233222333233233232332323
3232332323233233232332323233233232332323
3233233232332323233222323233233232332323
2233233232332323233222332233233232332323
2233233232332323233222322233233232332323
3223233232332323233222333223233232332323
3223233232332323233222323223233232332323
2223233232332323233222332223233232332323
2223233232332323233222322223233232332323
3332233232332323233222333332233232332323
3332233232332323233222323332233232332323
2332233232332323233222332332233232332323
2332233232332323233222322332233232332323
3232233232332323233222333232233232332323
3232233232332323233222323232233232332323
2232233232332323233222332232233232332323
2232233232332323233222322232233232332323
3322233232332323233222333322233232332323
3322233232332323233222323322233232332323
2322233232332323233222332322233232332323
2322233232332323233222322322233232332323
3222233232332323233222333222233232332323
3222233232332323233222323222233232332323
2222233232332323233222332222233232332323
2222233232332323233222322222233232332323
3333323232332323233222333333323232332323
3333323232332323233222323333323232332323
2333323232332323233222332333323232332323
2333323232332323233222322333323232332323
3233323232332323233222333233323232332323
3233323232332323233222323233323232332323
2233323232332323233222332233323232332323
2233323232332323233222322233323232332323
3323323232332323233222333323323232332323
3323323232332323233222323323323232332323
2323323232332323233222322323323232332323
3223323232332323233222333223323232332323
3223323232332323233222323223323232332323
2223323232332323233222332223323232332323
2223323232332323233222322223323232332323
3332323232332323233222333332323232332323
3332323232332323233222323332323232332323
2332323232332323233222332332323232332323
2332323232332323233222322332323232332323
3232323232332323233222333232323232332323
3232323232332323233222323232323232332323
2232323232332323233222332232323232332323
2232323232332323233222322232323232332323
3322323232332323233222333322323232332323
3322323232332323233222323322323232332323
2322323232332323233222332322323232332323
2322323232332323233222322322323232332323
3222323232332323233222333222323232332323
3222323232332323233222323222323232332323
2222323232332323233222332222323232332323
2222323232332323233222322222323232332323
3333223232332323233222333333223232332323
3333223232332323233222323333223232332323
2333223232332323233222332333223232332323
2333223232332323233222322333223232332323
3233223232332323233222333233223232332323
3233223232332323233222323233223232332323
2233223232332323233222332233223232332323
2233223232332323233222322233223232332323
3323223232332323233222333323223232332323
3323223232332323233222323323223232332323
2323223232332323233222332323223232332323
2323223232332323233222322323223232332323
3223223232332323233222333223223232332323
3223223232332323233222323223223232332323
2223223232332323233222332223223232332323
2223223232332323233222322223223232332323
3332223232332323233222333332223232332323
3332223232332323233222323332223232332323
2332223232332323233222332332223232332323
2332223232332323233222322332223232332323
3232223232332323233222333232223232332323
3232223232332323233222323232223232332323
2232223232332323233222332232223232332323
2232223232332323233222322232223232332323
3322223232332323233222333322223232332323
3322223232332323233222323322223232332323
2322223232332323233222332322223232332323
2322223232332323233222322322223232332323
3222223232332323233222333222223232332323
3222223232332323233222323222223232332323
2222223232332323233222332222223232332323
2222223232332323233222322222223232332323
2232332323233232232332323233232232332323
2232332323233222232332323233222232332323
3322332323233233322332323233233322332323
2233232323322233223323232332223322332323
2322332323233232322332323233232322332323
2322332323233222322332323233222322332323
3222332323233233222332323233233222332323
2222332323233232222332323233232222332323
2222332323233222222332323233222222332323
3333332323233333333323232333333333232323
2333332323233323333323232333233333232323
3233332323233332333323232333323333232323
2233332323233322333323232333223333232323
3323332323233333233323232333332333232323
2323332323233323233323232333232333232323
3223332323233332233323232333322333232323
2223332323233322233323232333222333232323
3332332323233333323323232333333233232323
2332332323233323323323232333233233232323
3232323323323232332223332323233233232323
3333332323323232332223333333323233232323
3333332323323232332223233333323233232323
2333332323323232332223323333323233232323
2333332323323232332223223333323233232323
3233332323323232332223332333323233232323
3233332323323232332223232333323233232323
2233332323323232332223322333323233232323
2233332323323232332223222333323233232323
3323332323323232332223333233323233232323
3323332323323232332223233233323233232323
2323332323323232332223323233323233232323
2323332323323232332223223233323233232323
3223332323323232332223332233323233232323
3223332323323232332223232233323233232323
2223332323323232332223322233323233232323
2223332323323232332223222233323233232323
3332332323323232332223333323323233232323
3332332323323232332223233323323233232323
2332332323323232332223323323323233232323
2332332323323232332223223323323233232323
3232332323323232332223332323323233232323
3232332323323232332223232323323233232323
2232332323323232332223322323323233232323
2232332323323232332223222323323233232323
3322332323323232332223333223323233232323
3322332323323232332223233223323233232323
2322332323323232332223323223323233232323
2322332323323232332223223223323233232323
3222332323323232332223332223323233232323
3222332323323232332223232223323233232323
2222332323323232332223322223323233232323
2222332323323232332223222223323233232323
3333232323323232332223333332323233232323
3333232323323232332223233332323233232323
2333232323323232332223323332323233232323
2333232323323232332223223332323233232323
3233232323323232332223332332323233232323
2233232323323232332223322332323233232323
2233232323323232332223222332323233232323
3323232323323232332223333232323233232323
3323232323323232332223233232323233232323
2323232323323232332223323232323233232323
2323232323323232332223223232323233232323
3223232323323232332223332232323233232323
3223232323323232332223232232323233232323
2223232323323232332223322232323233232323
2223232323323232332223222232323233232323
3332232323323232332223333322323233232323
3332232323323232332223233322323233232323
2332232323323232332223323322323233232323
2332232323323232332223223322323233232323
3232232323323232332223332322323233232323
3232232323323232332223232322323233232323
2232232323323232332223322322323233232323
2232232323323232332223222322323233232323
3322232323323232332223333222323233232323
3322232323323232332223233222323233232323
2322232323323232332223323222323233232323
2322232323323232332223223222323233232323
3222232323323232332223332222323233232323
3222232323323232332223232222323233232323
2222232323323232332223322222323233232323
2222232323323232332223222222323233232323
2232332323233322323323232333223233232323
3322332323233333223323232333332233232323
2323233223323232332223323232332233232323
2322332323233323223323232333232233232323
3222332323233332223323232333322233232323
2222332323233322223323232333222233232323
3333322323233333333223232333333332232323
2333322323233323333223232333233332232323
3233322323233332333223232333323332232323
2233322323233322333223232333223332232323
3323322323233333233223232333332332232323
2323322323233323233223232333232332232323
3332323233223232332223333323232332232323
3332323233223232332223233323232332232323
2332323233223232332223323323232332232323
2332323233223232332223223323232332232323
3232323233223232332223332323232332232323
3232323233223232332223232323232332232323
2232323233223232332223322323232332232323
2232323233223232332223222323232332232323
3322323233223232332223333223232332232323
3322323233223232332223233223232332232323
2322323233223232332223323223232332232323
2322323233223232332223223223232332232323
3222323233223232332223332223232332232323
3222323233223232332223232223232332232323
2222323233223232332223322223232332232323
2222323233223232332223222223232332232323
3223322323233332233223232333322332232323
2223322323233322233223232333222332232323
3332322323233333323223232333333232232323
2332322323233323323223232333233232232323
2232323323223232332223322323233232232323
3232322323233332323223232333323232232323
2232322323233322323223232333223232232323
3322322323233333223223232333332232232323
2323233223223232332223223232332232232323
2322322323233323223223232333232232232323
3222322323233332223223232333322232232323
3223232332223222322323233222322232232323
2222322323233322223223232333222232232323
3333222323233333332223232333333322232323
2333222323233323332223232333233322232323
3233222323233332332223232333323322232323
2233222323233322332223232333223322232323
3323222323233333232223232333332322232323
2323222323233323232223232333232322232323
3223222323233332232223232333322322232323
2223222323233322232223232333222322232323
3332222323233333322223232333333222232323
2332222323233323322223232333233222232323
2232323322223232332223222323233222232323
3232222323233332322223232333323222232323
2232222323233322322223232333223222232323
3322222323233333222223232333332222232323
2322222323233323222223232333232222232323
3222222323233332222223232333322222232323
2222222323233322222223232333222222232323
3333333223232333333332232323333333322323
3333322323222333333322323222333333322323
2333333223232223333332232322233333322323
3233333223232332333332232323323333322323
2233333223232222333332232322223333322323
3323333223232333233332232323332333322323
2333322323222332333322323222332333322323
2323333223232223233332232322232333322323
3223333223232332233332232323322333322323
2223333223232222233332232322222333322323
3332333223232333323332232323333233322323
3233322323222333233322323222333233322323
2332333223232223323332232322233233322323
3232333223232332323332232323323233322323
2232333223232222323332232322223233322323
3322333223232333223332232323332233322323
2233322323222332233322323222332233322323
2322333223232223223332232322232233322323
3222333223232332223332232323322233322323
3223232223332232322232332232322233322323
2222333223232222223332232322222233322323
3333233223232333332332232323333323322323
3323322323222333323322323222333323322323
2333233223232223332332232322233323322323
3233233223232332332332232323323323322323
2233233223232222332332232322223323322323
3323233223232333232332232323332323322323
2323322323222332323322323222332323322323
2323233223232323232332232323232323322323
2323233223232223232332232322232323322323
3223233223232332232332232323322323322323
2223233223232222232332232322222323322323
3332233223232333322332232323333223322323
3223322323222333223322323222333223322323
2332233223232223322332232322233223322323
3232233223232332322332232323323223322323
2232233223232222322332232322223223322323
3322233223232333222332232323332223322323
2223322323222332223322323222332223322323
3322323222332232322232333223232223322323
3322323222332232322232233223232223322323
2322323222332232322232323223232223322323
2322323222332232322232223223232223322323
2322233223232223222332232322232223322323
3222233223232332222332232323322223322323
2222233223232222222332232322222223322323
3333323223232333333232232323333332322323
3332322323222333332322323222333332322323
3233323223232332333232232323323332322323
3323323223232333233232232323332332322323
2332322323222332332322323222332332322323
3223323223232332233232232323322332322323
2232322233232232322232322323222332322323
3332323223232333323232232323333232322323
3232322323222333232322323222333232322323
3232323223232332323232232323323232322323
3322323223232333223232232323332232322323
2232322323222332232322323222332232322323
3333323223232232322332333333232232322323
3333323223232232322332233333232232322323
2333323223232232322332323333232232322323
2333323223232232322332223333232232322323
3233323223232232322332332333232232322323
3233323223232232322332232333232232322323
2233323223232232322332322333232232322323
2233323223232232322332222333232232322323
3323323223232232322332333233232232322323
3323323223232232322332233233232232322323
2323323223232232322332323233232232322323
2323323223232232322332223233232232322323
3223323223232232322332332233232232322323
3223323223232232322332232233232232322323
2223323223232232322332322233232232322323
2223323223232232322332222233232232322323
3222323223232332223232232323322232322323
3333223223232333332232232323333322322323
3322322323222333322322323222333322322323
3233223223232332332232232323323322322323
3323223223232333232232232323332322322323
2322322323222332322322323222332322322323
3223223223232332232232232323322322322323
3332223223232333322232232323333222322323
3222322323222333222322323222333222322323
3232223322232232322232232322233222322323
3232223223232332322232232323323222322323
3322223223232333222232232323332222322323
2222322323222332222322323222332222322323
3222223223232332222232232323322222322323
3333332223232333333322232323333333222323
2333332223232223333322232322233333222323
3233332223232332333322232323323333222323
2233332223232222333322232322223333222323
3323332223232333233322232323332333222323
2323332223232223233322232322232333222323
3223332223232332233322232323322333222323
2223332223232222233322232322222333222323
3332332223232333323322232323333233222323
2332332223232223323322232322233233222323
3232332223232332323322232323323233222323
3232332223232232323322232322323233222323
2232332223232222323322232322223233222323
3322332223232333223322232323332233222323
2322332223232223223322232322232233222323
3222332223232332223322232323322233222323
2222332223232222223322232322222233222323
2333232223232223332322232322233323222323
2233232223232222332322232322223323222323
2323232223232223232322232322232323222323
3323232223232223232233332323222323222323
3323232223232223232232332323222323222323
2323232223232223232233232323222323222323
2323232223232223232232232323222323222323
2223232223232322232322232323222323222323
2223232223232222232322232322222323222323
2332232223232223322322232322233223222323
2232232223232222322322232322223223222323
2322232232223222323222322232232223222323
2322232223232223222322232322232223222323
2222232223232222222322232322222223222323
3333322223232333333222232323333332222323
3332222323222333332222323222333332222323
2333322223232223333222232322233332222323
3233322223232332333222232323323332222323
2233322223232222333222232322223332222323
3323322223232333233222232323332332222323
2332222323222332332222323222332332222323
2323322223232223233222232322232332222323
3223322223232332233222232323322332222323
2232322233222232322232222323222332222323
2223322223232222233222232322222332222323
3332322223232333323222232323333232222323
3232222323222333232222323222333232222323
2332322223232223323222232322233232222323
3232322223232332323222232323323232222323
2323222232322223232232232322223232222323
3322322223232333223222232323332232222323
2232222323222332232222323222332232222323
2322322223232223223222232322232232222323
3222322223232332223222232323322232222323
2222322223232222223222232322222232222323
3333222223232333332222232323333322222323
3322222323222333322222323222333322222323
2333222223232223332222232322233322222323
3233222223232332332222232323323322222323
2233222223232222332222232322223322222323
3323222223232333232222232323332322222323
2322222323222332322222323222332322222323
2323222223232223232222232322232322222323
3223222223232332232222232323322322222323
2223222223232222232222232322222322222323
3332222223232333322222232323333222222323
3222222323222333222222323222333222222323
2332222223232223322222232322233222222323
3232222223232332322222232323323222222323
2232222223232222322222232322223222222323
3322222223232333222222232323332222222323
2222222323222332222222323222332222222323
2322222223232223222222232322232222222323
3222222223232332222222232323322222222323
2222222223232222222222232322222222222323
