3333232223333323222323333323222333332322
3333232223333323222322333323222333332322
3233332322232223233332322232223233332322
3333232223222322333323222322232233332322
3333323222333323222323333332322233332322
3333323222333323222322333332322233332322
2333323222333323222323233332322233332322
2333323222333323222322233332322233332322
3233323222333323222323323332322233332322
3233323222333323222322323332322233332322
2233323222333323222323223332322233332322
2233323222333323222322223332322233332322
3223332322232223223332322232223223332322
3333332322233323222323333333232223332322
3333332322233323222322333333232223332322
2333332322233323222323233333232223332322
2333332322233323222322233333232223332322
3233332322233323222323323333232223332322
3233332322233323222322323333232223332322
2233332322233323222323223333232223332322
2233332322233323222322223333232223332322
3323332322233323222323332333232223332322
3323332322233323222322332333232223332322
2323332322233323222323232333232223332322
2323332322233323222322232333232223332322
3223332322233323222323322333232223332322
3223332322233323222322322333232223332322
2223332322233323222323222333232223332322
2223332322233323222322222333232223332322
3332332322233323222323333233232223332322
3332332322233323222322333233232223332322
2332332322233323222323233233232223332322
2332332322233323222322233233232223332322
3232332322233323222323323233232223332322
3232332322233323222322323233232223332322
2232332322233323222323223233232223332322
2232332322233323222322223233232223332322
3322332322233323222323332233232223332322
3322332322233323222322332233232223332322
2322332322233323222323232233232223332322
2322332322233323222322232233232223332322
3222332322233323222323322233232223332322
3222332322233323222322322233232223332322
2222332322233323222323222233232223332322
2222332322233323222322222233232223332322
2333232223222322233323222322232223332322
3233232223323323222323323323222332332322
3233232223323323222322323323222332332322
3232332322232223232332322232223232332322
3233232223222322323323222322232232332322
3333333232223323222323333333323222332322
3333333232223323222322333333323222332322
2333333232223323222323233333323222332322
2333333232223323222322233333323222332322
3233333232223323222323323333323222332322
3233333232223323222322323333323222332322
2233333232223323222323223333323222332322
2233333232223323222322223333323222332322
3323333232223323222323332333323222332322
3323333232223323222322332333323222332322
2323333232223323222323232333323222332322
2323333232223323222322232333323222332322
3223333232223323222323322333323222332322
3223333232223323222322322333323222332322
2223333232223323222323222333323222332322
2223333232223323222322222333323222332322
3332333232223323222323333233323222332322
3332333232223323222322333233323222332322
2332333232223323222323233233323222332322
2332333232223323222322233233323222332322
3232333232223323222323323233323222332322
3232333232223323222322323233323222332322
2232333232223323222323223233323222332322
2232333232223323222322223233323222332322
3322333232223323222323332233323222332322
3322333232223323222322332233323222332322
2322333232223323222323232233323222332322
2322333232223323222322232233323222332322
3222333232223323222323322233323222332322
3222333232223323222322322233323222332322
2222333232223323222323222233323222332322
2222333232223323222322222233323222332322
3333233232223323222323333323323222332322
3333233232223323222322333323323222332322
2333233232223323222323233323323222332322
2333233232223323222322233323323222332322
3233233232223323222323323323323222332322
3233233232223323222322323323323222332322
2233233232223323222323223323323222332322
2233233232223323222322223323323222332322
3323233232223323222323332323323222332322
3323233232223323222322332323323222332322
2323233232223323222323232323323222332322
2323233232223323222322232323323222332322
3223233232223323222323322323323222332322
3223233232223323222322322323323222332322
2223233232223323222323222323323222332322
2223233232223323222322222323323222332322
3332233232223323222323333223323222332322
3332233232223323222322333223323222332322
2332233232223323222323233223323222332322
2332233232223323222322233223323222332322
3232233232223323222323323223323222332322
3232233232223323222322323223323222332322
2232233232223323222323223223323222332322
2232233232223323222322223223323222332322
3322233232223323222323332223323222332322
3322233232223323222322332223323222332322
2322233232223323222322232223323222332322
3222233232223323222323322223323222332322
3222233232223323222322322223323222332322
2222233232223323222323222223323222332322
2222233232223323222322222223323222332322
3333323232223323222323333332323222332322
3333323232223323222322333332323222332322
2333323232223323222323233332323222332322
2333323232223323222322233332323222332322
3233323232223323222323323332323222332322
3233323232223323222322323332323222332322
2233323232223323222323223332323222332322
2233323232223323222322223332323222332322
3323323232223323222323332332323222332322
3323323232223323222322332332323222332322
2323323232223323222323232332323222332322
2323323232223323222322232332323222332322
3223323232223323222323322332323222332322
3223323232223323222322322332323222332322
2223323232223323222323222332323222332322
2223323232223323222322222332323222332322
3332323232223323222323333232323222332322
3332323232223323222322333232323222332322
2332323232223323222323233232323222332322
2332323232223323222322233232323222332322
3232323232223323222323323232323222332322
3232323232223323222322323232323222332322
2232323232223323222323223232323222332322
2232323232223323222322223232323222332322
3322323232223323222323332232323222332322
3322323232223323222322332232323222332322
2322323232223323222323232232323222332322
2322323232223323222322232232323222332322
3222323232223323222323322232323222332322
3222323232223323222322322232323222332322
2222323232223323222323222232323222332322
2222323232223323222322222232323222332322
3333223232223323222323333322323222332322
3333223232223323222322333322323222332322
2333223232223323222323233322323222332322
2333223232223323222322233322323222332322
3233223232223323222323323322323222332322
3233223232223323222322323322323222332322
2233223232223323222323223322323222332322
2233223232223323222322223322323222332322
3323223232223323222323332322323222332322
3323223232223323222322332322323222332322
2323223232223323222323232322323222332322
2323223232223323222322232322323222332322
3223223232223323222323322322323222332322
3223223232223323222322322322323222332322
2223223232223323222323222322323222332322
2223223232223323222322222322323222332322
3332223232223323222323333222323222332322
3332223232223323222322333222323222332322
2332223232223323222323233222323222332322
2332223232223323222322233222323222332322
3232223232223323222323323222323222332322
3232223232223323222322323222323222332322
2232223232223323222323223222323222332322
2232223232223323222322223222323222332322
3322223232223323222323332222323222332322
3322223232223323222322332222323222332322
2322223232223323222323232222323222332322
2322223232223323222322232222323222332322
3222223232223323222323322222323222332322
3222223232223323222322322222323222332322
2222223232223323222323222222323222332322
2222223232223323222322222222323222332322
2233232223222322223323222322232222332322
3323232223332323222323332323222333232322
3323232223332323222322332323222333232322
3233232322232223233232322232223233232322
3323232223222322332323222322232233232322
3332323222332323222323333232322233232322
3332323222332323222322333232322233232322
2332323222332323222323233232322233232322
2332323222332323222322233232322233232322
3232323222332323222323323232322233232322
3232323222332323222322323232322233232322
2232323222332323222323223232322233232322
2232323222332323222322223232322233232322
2322323232232323223323232232323223232322
3223232322232223223232322232223223232322
2323232223222322232323222322232223232322
3223232223322323222323322323222332232322
3223232223322323222322322323222332232322
3333232232322323223323333323223232232322
3333232232322323223322333323223232232322
2333232232322323223323233323223232232322
2333232232322323223322233323223232232322
3233232232322323223323323323223232232322
3233232232322323223322323323223232232322
2233232232322323223323223323223232232322
2233232232322323223322223323223232232322
3323232232322323223323332323223232232322
3323232232322323223322332323223232232322
2323232232322323223323232323223232232322
2323232232322323223322232323223232232322
3223232232322323223323322323223232232322
2223232232322323223323222323223232232322
2223232232322323223322222323223232232322
3232232322232223232232322232223232232322
3223232223222322322323222322232232232322
3232322232322232322333232322232322232322
3232322232322232322323232322232322232322
2232322232322232322332232322232322232322
2232322232322232322322232322232322232322
2323222322232232223232223222322322232322
3222232322232223222232322232223222232322
2223232223222322222323222322232222232322
3333322322232223333322322232223333322322
2333322322232222333322322232222333322322
3233322322232223233322322232223233322322
2233322322232222233322322232222233322322
3323322322232223323322322232223323322322
2323322322232222323322322232222323322322
3223322322232223223322322232223223322322
2223322322232222223322322232222223322322
3332322322232223332322322232223332322322
3232322322232223232322322232223232322322
3333333333223223223323333333333322322322
3333333333223223223322333333333322322322
2333333333223223223323233333333322322322
2333333333223223223322233333333322322322
3233333333223223223323323333333322322322
3233333333223223223322323333333322322322
2233333333223223223323223333333322322322
2233333333223223223322223333333322322322
3323333333223223223323332333333322322322
3323333333223223223322332333333322322322
2323333333223223223323232333333322322322
2323333333223223223322232333333322322322
3223333333223223223323322333333322322322
3223333333223223223322322333333322322322
2223333333223223223323222333333322322322
2223333333223223223322222333333322322322
3332333333223223223323333233333322322322
3332333333223223223322333233333322322322
2332333333223223223323233233333322322322
2332333333223223223322233233333322322322
3232333333223223223323323233333322322322
3232333333223223223322323233333322322322
2232333333223223223323223233333322322322
2232333333223223223322223233333322322322
3322333333223223223323332233333322322322
3322333333223223223322332233333322322322
2322333333223223223323232233333322322322
2322333333223223223322232233333322322322
3222333333223223223323322233333322322322
3222333333223223223322322233333322322322
2222333333223223223323222233333322322322
2222333333223223223322222233333322322322
3333233333223223223323333323333322322322
3333233333223223223322333323333322322322
2333233333223223223323233323333322322322
2333233333223223223322233323333322322322
3233233333223223223323323323333322322322
3233233333223223223322323323333322322322
2233233333223223223323223323333322322322
2233233333223223223322223323333322322322
3323233333223223223323332323333322322322
3323233333223223223322332323333322322322
2323233333223223223323232323333322322322
2323233333223223223322232323333322322322
3223233333223223223323322323333322322322
3223233333223223223322322323333322322322
2223233333223223223323222323333322322322
2223233333223223223322222323333322322322
3332233333223223223323333223333322322322
3332233333223223223322333223333322322322
2332233333223223223323233223333322322322
2332233333223223223322233223333322322322
3232233333223223223323323223333322322322
3232233333223223223322323223333322322322
2232233333223223223323223223333322322322
2232233333223223223322223223333322322322
3322233333223223223323332223333322322322
3322233333223223223322332223333322322322
2322233333223223223323232223333322322322
2322233333223223223322232223333322322322
3222233333223223223323322223333322322322
3222233333223223223322322223333322322322
2222233333223223223323222223333322322322
2222233333223223223322222223333322322322
3333323333223223223323333332333322322322
3333323333223223223322333332333322322322
2333323333223223223323233332333322322322
2333323333223223223322233332333322322322
3233323333223223223323323332333322322322
3233323333223223223322323332333322322322
2233323333223223223323223332333322322322
2233323333223223223322223332333322322322
3323323333223223223323332332333322322322
3323323333223223223322332332333322322322
2323323333223223223323232332333322322322
2323323333223223223322232332333322322322
3223323333223223223323322332333322322322
3223323333223223223322322332333322322322
2223323333223223223323222332333322322322
2223323333223223223322222332333322322322
3332323333223223223323333232333322322322
3332323333223223223322333232333322322322
2332323333223223223323233232333322322322
2332323333223223223322233232333322322322
3232323333223223223323323232333322322322
3232323333223223223322323232333322322322
2232323333223223223323223232333322322322
2232323333223223223322223232333322322322
3322323333223223223323332232333322322322
3322323333223223223322332232333322322322
2322323333223223223323232232333322322322
2322323333223223223322232232333322322322
3222323333223223223323322232333322322322
3222323333223223223322322232333322322322
2222323333223223223323222232333322322322
2222323333223223223322222232333322322322
3333223333223223223323333322333322322322
3333223333223223223322333322333322322322
2333223333223223223323233322333322322322
2333223333223223223322233322333322322322
3233223333223223223323323322333322322322
3233223333223223223322323322333322322322
2233223333223223223323223322333322322322
2233223333223223223322223322333322322322
3323223333223223223323332322333322322322
3323223333223223223322332322333322322322
2323223333223223223323232322333322322322
2323223333223223223322232322333322322322
3223223333223223223323322322333322322322
3223223333223223223322322322333322322322
2223223333223223223323222322333322322322
2223223333223223223322222322333322322322
3332223333223223223323333222333322322322
3332223333223223223322333222333322322322
2332223333223223223323233222333322322322
2332223333223223223322233222333322322322
3232223333223223223323323222333322322322
3232223333223223223322323222333322322322
2232223333223223223323223222333322322322
2232223333223223223322223222333322322322
3322223333223223223323332222333322322322
3322223333223223223322332222333322322322
2322223333223223223323232222333322322322
2322223333223223223322232222333322322322
3222223333223223223323322222333322322322
3222223333223223223322322222333322322322
2222223333223223223323222222333322322322
2222223333223223223322222222333322322322
3333332333223223223323333333233322322322
3333332333223223223322333333233322322322
2333332333223223223323233333233322322322
2333332333223223223322233333233322322322
3233332333223223223323323333233322322322
3233332333223223223322323333233322322322
2233332333223223223323223333233322322322
2233332333223223223322223333233322322322
3323332333223223223323332333233322322322
3323332333223223223322332333233322322322
2323332333223223223323232333233322322322
2323332333223223223322232333233322322322
3223332333223223223323322333233322322322
3223332333223223223322322333233322322322
2223332333223223223323222333233322322322
2223332333223223223322222333233322322322
3332332333223223223323333233233322322322
3332332333223223223322333233233322322322
2332332333223223223323233233233322322322
2332332333223223223322233233233322322322
3232332333223223223323323233233322322322
3232332333223223223322323233233322322322
2232332333223223223323223233233322322322
2232332333223223223322223233233322322322
3322332333223223223323332233233322322322
3322332333223223223322332233233322322322
2322332333223223223323232233233322322322
2322332333223223223322232233233322322322
3222332333223223223323322233233322322322
3222332333223223223322322233233322322322
2222332333223223223323222233233322322322
2222332333223223223322222233233322322322
3333232333223223223323333323233322322322
3333232333223223223322333323233322322322
2333232333223223223323233323233322322322
2333232333223223223322233323233322322322
3233232333223223223323323323233322322322
3233232333223223223322323323233322322322
2233232333223223223323223323233322322322
2233232333223223223322223323233322322322
3323232333223223223323332323233322322322
3323232333223223223322332323233322322322
2323232333223223223323232323233322322322
2323232333223223223322232323233322322322
3223232333223223223323322323233322322322
3223232333223223223322322323233322322322
2223232333223223223323222323233322322322
2223232333223223223322222323233322322322
3332232333223223223323333223233322322322
3332232333223223223322333223233322322322
2332232333223223223323233223233322322322
2332232333223223223322233223233322322322
3232232333223223223323323223233322322322
3232232333223223223322323223233322322322
2232232333223223223323223223233322322322
2232232333223223223322223223233322322322
3322232333223223223323332223233322322322
3322232333223223223322332223233322322322
2322232333223223223323232223233322322322
2322232333223223223322232223233322322322
3222232333223223223323322223233322322322
3222232333223223223322322223233322322322
2222232333223223223323222223233322322322
2222232333223223223322222223233322322322
3333322333223223223323333332233322322322
3333322333223223223322333332233322322322
2333322333223223223323233332233322322322
2333322333223223223322233332233322322322
3233322333223223223323323332233322322322
3233322333223223223322323332233322322322
2233322333223223223323223332233322322322
2233322333223223223322223332233322322322
3323322333223223223323332332233322322322
3323322333223223223322332332233322322322
2323322333223223223323232332233322322322
2323322333223223223322232332233322322322
3223322333223223223323322332233322322322
3223322333223223223322322332233322322322
3322322322332233322322322332233322322322
2223322333223223223323222332233322322322
2223322333223223223322222332233322322322
3332322333223223223323333232233322322322
3332322333223223223322333232233322322322
2332322333223223223323233232233322322322
2332322333223223223322233232233322322322
3232322333223223223323323232233322322322
3232322333223223223322323232233322322322
2232322333223223223323223232233322322322
2232322333223223223322223232233322322322
3322322333223223223323332232233322322322
3322322333223223223322332232233322322322
2322322333223223223323232232233322322322
2322322333223223223322232232233322322322
3222322333223223223323322232233322322322
3222322333223223223322322232233322322322
2222322333223223223323222232233322322322
2222322333223223223322222232233322322322
3333222333223223223323333322233322322322
3333222333223223223322333322233322322322
2333222333223223223323233322233322322322
2333222333223223223322233322233322322322
3233222333223223223323323322233322322322
3233222333223223223322323322233322322322
2233222333223223223323223322233322322322
2233222333223223223322223322233322322322
3323222333223223223323332322233322322322
3323222333223223223322332322233322322322
2323222333223223223323232322233322322322
2323222333223223223322232322233322322322
3223222333223223223323322322233322322322
3223222333223223223322322322233322322322
2223222333223223223323222322233322322322
2223222333223223223322222322233322322322
3332222333223223223323333222233322322322
3332222333223223223322333222233322322322
2332222333223223223323233222233322322322
2332222333223223223322233222233322322322
3232222333223223223323323222233322322322
3232222333223223223322323222233322322322
2232222333223223223323223222233322322322
2232222333223223223322223222233322322322
3322222333223223223323332222233322322322
3322222333223223223322332222233322322322
2322222333223223223323232222233322322322
2322222333223223223322232222233322322322
3222222333223223223323322222233322322322
3222222333223223223322322222233322322322
2222222333223223223323222222233322322322
2222222333223223223322222222233322322322
3333333233223223223323333333323322322322
3333333233223223223322333333323322322322
2333333233223223223323233333323322322322
2333333233223223223322233333323322322322
3233333233223223223323323333323322322322
3233333233223223223322323333323322322322
2233333233223223223323223333323322322322
2233333233223223223322223333323322322322
3323333233223223223323332333323322322322
3323333233223223223322332333323322322322
2323333233223223223323232333323322322322
2323333233223223223322232333323322322322
3223333233223223223323322333323322322322
3223333233223223223322322333323322322322
2223333233223223223323222333323322322322
2223333233223223223322222333323322322322
3332333233223223223323333233323322322322
3332333233223223223322333233323322322322
2332333233223223223323233233323322322322
2332333233223223223322233233323322322322
3232333233223223223323323233323322322322
3232333233223223223322323233323322322322
2232333233223223223323223233323322322322
2232333233223223223322223233323322322322
3322333233223223223323332233323322322322
3322333233223223223322332233323322322322
2322333233223223223323232233323322322322
2322333233223223223322232233323322322322
3222333233223223223323322233323322322322
3222333233223223223322322233323322322322
2222333233223223223323222233323322322322
2222333233223223223322222233323322322322
3333233233223223223323333323323322322322
3333233233223223223322333323323322322322
2333233233223223223323233323323322322322
2333233233223223223322233323323322322322
3233233233223223223323323323323322322322
3233233233223223223322323323323322322322
2233233233223223223323223323323322322322
2233233233223223223322223323323322322322
3323233233223223223323332323323322322322
3323233233223223223322332323323322322322
2323233233223223223323232323323322322322
2323233233223223223322232323323322322322
3223233233223223223323322323323322322322
3223233233223223223322322323323322322322
2223233233223223223323222323323322322322
2223233233223223223322222323323322322322
3332233233223223223323333223323322322322
3332233233223223223322333223323322322322
2332233233223223223323233223323322322322
2332233233223223223322233223323322322322
3232233233223223223323323223323322322322
3232233233223223223322323223323322322322
2232233233223223223323223223323322322322
2232233233223223223322223223323322322322
3322233233223223223323332223323322322322
3322233233223223223322332223323322322322
2322233233223223223323232223323322322322
2322233233223223223322232223323322322322
3222233233223223223323322223323322322322
3222233233223223223322322223323322322322
2222233233223223223323222223323322322322
2222233233223223223322222223323322322322
3333323233223223223323333332323322322322
3333323233223223223322333332323322322322
2333323233223223223323233332323322322322
2333323233223223223322233332323322322322
3233323233223223223323323332323322322322
3233323233223223223322323332323322322322
2233323233223223223323223332323322322322
2233323233223223223322223332323322322322
3323323233223223223323332332323322322322
3323323233223223223322332332323322322322
2323323233223223223323232332323322322322
2323323233223223223322232332323322322322
3223323233223223223323322332323322322322
3223323233223223223322322332323322322322
2223323233223223223323222332323322322322
2223323233223223223322222332323322322322
3332323233223223223323333232323322322322
3332323233223223223322333232323322322322
2332323233223223223323233232323322322322
2332323233223223223322233232323322322322
3232323233223223223323323232323322322322
3232323233223223223322323232323322322322
2232323233223223223323223232323322322322
2232323233223223223322223232323322322322
3322323233223223223323332232323322322322
3322323233223223223322332232323322322322
2322323233223223223323232232323322322322
2322323233223223223322232232323322322322
3222323233223223223323322232323322322322
3222323233223223223322322232323322322322
2222323233223223223323222232323322322322
2222323233223223223322222232323322322322
3333223233223223223323333322323322322322
3333223233223223223322333322323322322322
2333223233223223223323233322323322322322
2333223233223223223322233322323322322322
3233223233223223223323323322323322322322
3233223233223223223322323322323322322322
2233223233223223223323223322323322322322
2233223233223223223322223322323322322322
3323223233223223223323332322323322322322
3323223233223223223322332322323322322322
2323223233223223223323232322323322322322
2323223233223223223322232322323322322322
3223223233223223223323322322323322322322
3223223233223223223322322322323322322322
2223223233223223223323222322323322322322
2223223233223223223322222322323322322322
3332223233223223223323333222323322322322
3332223233223223223322333222323322322322
2332223233223223223323233222323322322322
2332223233223223223322233222323322322322
3232223233223223223323323222323322322322
3232223233223223223322323222323322322322
2232223233223223223323223222323322322322
2232223233223223223322223222323322322322
3322223233223223223323332222323322322322
3322223233223223223322332222323322322322
2322223233223223223323232222323322322322
2322223233223223223322232222323322322322
3222223233223223223323322222323322322322
3222223233223223223322322222323322322322
2222223233223223223323222222323322322322
2222223233223223223322222222323322322322
3333332233223223223323333333223322322322
3333332233223223223322333333223322322322
2333332233223223223323233333223322322322
2333332233223223223322233333223322322322
3233332233223223223323323333223322322322
3233332233223223223322323333223322322322
2233332233223223223323223333223322322322
2233332233223223223322223333223322322322
3323332233223223223323332333223322322322
3323332233223223223322332333223322322322
2323332233223223223323232333223322322322
2323332233223223223322232333223322322322
3223332233223223223323322333223322322322
3223332233223223223322322333223322322322
2223332233223223223323222333223322322322
2223332233223223223322222333223322322322
3332332233223223223323333233223322322322
3332332233223223223322333233223322322322
2332332233223223223323233233223322322322
2332332233223223223322233233223322322322
3232332233223223223323323233223322322322
3232332233223223223322323233223322322322
2232332233223223223323223233223322322322
2232332233223223223322223233223322322322
3322332233223223223323332233223322322322
3322332233223223223322332233223322322322
2322332233223223223323232233223322322322
2322332233223223223322232233223322322322
3222332233223223223323322233223322322322
3222332233223223223322322233223322322322
2222332233223223223323222233223322322322
2222332233223223223322222233223322322322
3333232233223223223323333323223322322322
3333232233223223223322333323223322322322
2333232233223223223323233323223322322322
2333232233223223223322233323223322322322
3233232233223223223323323323223322322322
3233232233223223223322323323223322322322
2233232233223223223323223323223322322322
2233232233223223223322223323223322322322
3323232233223223223323332323223322322322
3323232233223223223322332323223322322322
2323232233223223223323232323223322322322
2323232233223223223322232323223322322322
3223232233223223223323322323223322322322
3223232233223223223322322323223322322322
2223232233223223223323222323223322322322
2223232233223223223322222323223322322322
3332232233223223223323333223223322322322
3332232233223223223322333223223322322322
2332232233223223223323233223223322322322
2332232233223223223322233223223322322322
3322232233223223223323332223223322322322
3322232233223223223322332223223322322322
2322232233223223223323232223223322322322
2322232233223223223322232223223322322322
3222232233223223223323322223223322322322
3222232233223223223322322223223322322322
2222232233223223223323222223223322322322
2222232233223223223322222223223322322322
3333322233223223223323333332223322322322
3333322233223223223322333332223322322322
2333322233223223223323233332223322322322
2333322233223223223322233332223322322322
3233322233223223223323323332223322322322
3233322233223223223322323332223322322322
2233322233223223223323223332223322322322
2233322233223223223322223332223322322322
3323322233223223223323332332223322322322
3323322233223223223322332332223322322322
2323322233223223223323232332223322322322
2323322233223223223322232332223322322322
3223322233223223223323322332223322322322
3223322233223223223322322332223322322322
2223322233223223223323222332223322322322
2223322233223223223322222332223322322322
3332322233223223223323333232223322322322
3332322233223223223322333232223322322322
2332322233223223223323233232223322322322
2332322233223223223322233232223322322322
3232322233223223223323323232223322322322
3232322233223223223322323232223322322322
2232322233223223223323223232223322322322
2232322233223223223322223232223322322322
3322322233223223223323332232223322322322
3322322233223223223322332232223322322322
2322322233223223223323232232223322322322
2322322233223223223322232232223322322322
3222322233223223223323322232223322322322
3222322233223223223322322232223322322322
2222322233223223223323222232223322322322
2222322233223223223322222232223322322322
3333222233223223223323333322223322322322
3333222233223223223322333322223322322322
2333222233223223223323233322223322322322
2333222233223223223322233322223322322322
3233222233223223223323323322223322322322
3233222233223223223322323322223322322322
2233222233223223223323223322223322322322
2233222233223223223322223322223322322322
3323222233223223223323332322223322322322
3323222233223223223322332322223322322322
2323222233223223223323232322223322322322
2323222233223223223322232322223322322322
3223222233223223223323322322223322322322
3223222233223223223322322322223322322322
2223222233223223223323222322223322322322
2223222233223223223322222322223322322322
3332222233223223223323333222223322322322
3332222233223223223322333222223322322322
2332222233223223223323233222223322322322
2332222233223223223322233222223322322322
3232222233223223223323323222223322322322
3232222233223223223322323222223322322322
2232222233223223223323223222223322322322
2232222233223223223322223222223322322322
3322222233223223223323332222223322322322
3322222233223223223322332222223322322322
2322222233223223223323232222223322322322
2322222233223223223322232222223322322322
3222222233223223223323322222223322322322
3222222233223223223322322222223322322322
2222222233223223223323222222223322322322
2222222233223223223322222222223322322322
3333333323223223223323333333332322322322
3333333323223223223322333333332322322322
2333333323223223223323233333332322322322
2333333323223223223322233333332322322322
3233333323223223223323323333332322322322
3233333323223223223322323333332322322322
2233333323223223223323223333332322322322
2233333323223223223322223333332322322322
3323333323223223223323332333332322322322
3323333323223223223322332333332322322322
2323333323223223223323232333332322322322
2323333323223223223322232333332322322322
3223333323223223223323322333332322322322
3223333323223223223322322333332322322322
2223333323223223223323222333332322322322
2223333323223223223322222333332322322322
3332333323223223223323333233332322322322
3332333323223223223322333233332322322322
2332333323223223223323233233332322322322
2332333323223223223322233233332322322322
3232333323223223223323323233332322322322
3232333323223223223322323233332322322322
2232333323223223223323223233332322322322
2232333323223223223322223233332322322322
3322333323223223223323332233332322322322
3322333323223223223322332233332322322322
2322333323223223223323232233332322322322
2322333323223223223322232233332322322322
3222333323223223223323322233332322322322
3222333323223223223322322233332322322322
2222333323223223223323222233332322322322
2222333323223223223322222233332322322322
3333233323223223223323333323332322322322
3333233323223223223322333323332322322322
2333233323223223223323233323332322322322
2333233323223223223322233323332322322322
3233233323223223223323323323332322322322
3233233323223223223322323323332322322322
2233233323223223223323223323332322322322
2233233323223223223322223323332322322322
3323233323223223223323332323332322322322
3323233323223223223322332323332322322322
2323233323223223223323232323332322322322
2323233323223223223322232323332322322322
3223233323223223223323322323332322322322
3223233323223223223322322323332322322322
2223233323223223223323222323332322322322
2223233323223223223322222323332322322322
3332233323223223223323333223332322322322
3332233323223223223322333223332322322322
2332233323223223223323233223332322322322
2332233323223223223322233223332322322322
3232233323223223223323323223332322322322
3232233323223223223322323223332322322322
2232233323223223223323223223332322322322
2232233323223223223322223223332322322322
3322233323223223223323332223332322322322
3322233323223223223322332223332322322322
2322233323223223223323232223332322322322
2322233323223223223322232223332322322322
3222233323223223223323322223332322322322
3222233323223223223322322223332322322322
2222233323223223223323222223332322322322
2222233323223223223322222223332322322322
3333323323223223223323333332332322322322
3333323323223223223322333332332322322322
2333323323223223223323233332332322322322
2333323323223223223322233332332322322322
3233323323223223223323323332332322322322
3233323323223223223322323332332322322322
2233323323223223223323223332332322322322
2233323323223223223322223332332322322322
3323323323223223223323332332332322322322
3323323323223223223322332332332322322322
2323323323223223223323232332332322322322
2323323323223223223322232332332322322322
3223323323223223223323322332332322322322
3223323323223223223322322332332322322322
2223323323223223223323222332332322322322
2223323323223223223322222332332322322322
3332323323223223223323333232332322322322
3332323323223223223322333232332322322322
2332323323223223223323233232332322322322
2332323323223223223322233232332322322322
3232323323223223223323323232332322322322
3232323323223223223322323232332322322322
2232323323223223223323223232332322322322
2232323323223223223322223232332322322322
3322323323223223223323332232332322322322
3322323323223223223322332232332322322322
2322323323223223223323232232332322322322
2322323323223223223322232232332322322322
3222323323223223223323322232332322322322
3222323323223223223322322232332322322322
2222323323223223223323222232332322322322
2222323323223223223322222232332322322322
3333223323223223223323333322332322322322
3333223323223223223322333322332322322322
2333223323223223223323233322332322322322
2333223323223223223322233322332322322322
3233223323223223223323323322332322322322
3233223323223223223322323322332322322322
2233223323223223223323223322332322322322
2233223323223223223322223322332322322322
3323223323223223223323332322332322322322
3323223323223223223322332322332322322322
2323223323223223223323232322332322322322
2323223323223223223322232322332322322322
3223223323223223223323322322332322322322
2223223323223223223323222322332322322322
2223223323223223223322222322332322322322
3332223323223223223323333222332322322322
3332223323223223223322333222332322322322
2332223323223223223323233222332322322322
2332223323223223223322233222332322322322
3232223323223223223323323222332322322322
3232223323223223223322323222332322322322
2232223323223223223323223222332322322322
2232223323223223223322223222332322322322
3322223323223223223323332222332322322322
3322223323223223223322332222332322322322
2322223323223223223323232222332322322322
2322223323223223223322232222332322322322
3222223323223223223323322222332322322322
3222223323223223223322322222332322322322
2222223323223223223323222222332322322322
2222223323223223223322222222332322322322
3333332323223223223323333333232322322322
3333332323223223223322333333232322322322
2333332323223223223323233333232322322322
2333332323223223223322233333232322322322
3233332323223223223323323333232322322322
3233332323223223223322323333232322322322
2233332323223223223323223333232322322322
2233332323223223223322223333232322322322
3323332323223223223323332333232322322322
3323332323223223223322332333232322322322
2323332323223223223323232333232322322322
2323332323223223223322232333232322322322
3223332323223223223323322333232322322322
3223332323223223223322322333232322322322
2223332323223223223323222333232322322322
2223332323223223223322222333232322322322
3332332323223223223323333233232322322322
3332332323223223223322333233232322322322
2332332323223223223323233233232322322322
2332332323223223223322233233232322322322
3232332323223223223323323233232322322322
3232332323223223223322323233232322322322
2232332323223223223323223233232322322322
2232332323223223223322223233232322322322
3322332323223223223323332233232322322322
3322332323223223223322332233232322322322
2322332323223223223323232233232322322322
2322332323223223223322232233232322322322
3222332323223223223323322233232322322322
3222332323223223223322322233232322322322
2222332323223223223323222233232322322322
2222332323223223223322222233232322322322
3333232323223223223323333323232322322322
3333232323223223223322333323232322322322
2333232323223223223323233323232322322322
2333232323223223223322233323232322322322
3233232323223223223323323323232322322322
3233232323223223223322323323232322322322
2233232323223223223323223323232322322322
2233232323223223223322223323232322322322
3323232323223223223323332323232322322322
3323232323223223223322332323232322322322
2323232323223223223323232323232322322322
2323232323223223223322232323232322322322
3223232323223223223323322323232322322322
3223232323223223223322322323232322322322
2223232323223223223323222323232322322322
2223232323223223223322222323232322322322
3332232323223223223323333223232322322322
3332232323223223223322333223232322322322
2332232323223223223323233223232322322322
2332232323223223223322233223232322322322
3232232323223223223323323223232322322322
3232232323223223223322323223232322322322
2232232323223223223323223223232322322322
2232232323223223223322223223232322322322
3322232323223223223323332223232322322322
3322232323223223223322332223232322322322
2322232323223223223323232223232322322322
2322232323223223223322232223232322322322
3222232323223223223323322223232322322322
3222232323223223223322322223232322322322
2222232323223223223323222223232322322322
2222232323223223223322222223232322322322
3333322323223223223323333332232322322322
3333322323223223223322333332232322322322
2333322323223223223323233332232322322322
2333322323223223223322233332232322322322
3233322323223223223323323332232322322322
3233322323223223223322323332232322322322
2233322323223223223323223332232322322322
2233322323223223223322223332232322322322
3323322323223223223323332332232322322322
3323322323223223223322332332232322322322
2323322323223223223323232332232322322322
2323322323223223223322232332232322322322
3223322323223223223323322332232322322322
3223322323223223223322322332232322322322
2322322322332232322322322332232322322322
2223322323223223223323222332232322322322
2223322323223223223322222332232322322322
3332322323223223223323333232232322322322
3332322323223223223322333232232322322322
2332322323223223223323233232232322322322
2332322323223223223322233232232322322322
3232322323223223223323323232232322322322
3232322323223223223322323232232322322322
2232322323223223223323223232232322322322
2232322323223223223322223232232322322322
3322322323223223223323332232232322322322
3322322323223223223322332232232322322322
2322322323223223223323232232232322322322
2322322323223223223322232232232322322322
3222322323223223223323322232232322322322
3222322323223223223322322232232322322322
2222322323223223223323222232232322322322
2222322323223223223322222232232322322322
3333222323223223223323333322232322322322
3333222323223223223322333322232322322322
2333222323223223223323233322232322322322
2333222323223223223322233322232322322322
3233222323223223223323323322232322322322
3233222323223223223322323322232322322322
2233222323223223223323223322232322322322
2233222323223223223322223322232322322322
3323222323223223223323332322232322322322
3323222323223223223322332322232322322322
2323222323223223223323232322232322322322
2323222323223223223322232322232322322322
3223222323223223223323322322232322322322
3223222323223223223322322322232322322322
2223222323223223223323222322232322322322
2223222323223223223322222322232322322322
3332222323223223223323333222232322322322
3332222323223223223322333222232322322322
2332222323223223223323233222232322322322
2332222323223223223322233222232322322322
3232222323223223223323323222232322322322
3232222323223223223322323222232322322322
2232222323223223223323223222232322322322
2232222323223223223322223222232322322322
3322222323223223223323332222232322322322
3322222323223223223322332222232322322322
2322222323223223223323232222232322322322
2322222323223223223322232222232322322322
3222222323223223223323322222232322322322
3222222323223223223322322222232322322322
2222222323223223223323222222232322322322
2222222323223223223322222222232322322322
3222322322232223222322322232223222322322
2222322322232222222322322232222222322322
3333222322232233333222322232233333222322
3322232223222333332223222322233333222322
3333222322232223333222322232223333222322
2333222322232222333222322232222333222322
3233222322232233233222322232233233222322
3233222322232223233222322232223233222322
2233222322232222233222322232222233222322
2322322232232223223322232232223223222322
3332222322232233332222322232233332222322
3222232223222333322223222322233332222322
3332222322232223332222322232223332222322
2332222322232222332222322232222332222322
3232222322232233232222322232233232222322
3232222322232223232222322232223232222322
3322322223222232232223333223222232222322
3322322223222232232223233223222232222322
2322322223222232232223323223222232222322
2322322223222232232223223223222232222322
3222322223222232232223332223222232222322
3222322223222232232223232223222232222322
2222322223222232232223322223222232222322
2222322223222232232223222223222232222322
2232222322232222232222322232222232222322
3322222322232233322222322232233322222322
2222232223222333222223222322233322222322
3322222322232223322222322232223322222322
2322222322232222322222322232222322222322
2232222232222232232223222322222322222322
3222222322232233222222322232233222222322
2222232223222332222223222322233222222322
3222222322232223222222322232223222222322
2222222322232222222222322232222222222322
