3333333333232333333333332323333333333323
3333333323222333333333323222333333333323
2333333333232223333333332322233333333323
3233333333232332333333332323323333333323
3233333333232232333333332322323333333323
2233333333232222333333332322223333333323
3323333333232333233333332323332333333323
2333333323222332333333323222332333333323
2323333333232223233333332322232333333323
3223333333232332233333332323322333333323
3223333333232232233333332322322333333323
2223333333232222233333332322222333333323
3332333333232333323333332323333233333323
3233333323222333233333323222333233333323
2332333333232223323333332322233233333323
3232333333232332323333332323323233333323
3232333333232232323333332322323233333323
2232333333232222323333332322223233333323
3322333333232333223333332323332233333323
2233333323222332233333323222332233333323
2322333333232223223333332322232233333323
3222333333232332223333332323322233333323
3222333333232232223333332322322233333323
2222333333232222223333332322222233333323
3333233333232333332333332323333323333323
3323333323222333323333323222333323333323
2333233333232223332333332322233323333323
3233233333232332332333332323323323333323
3233233333232232332333332322323323333323
2233233333232222332333332322223323333323
3323233333232333232333332323332323333323
2323333323222332323333323222332323333323
2323233333232223232333332322232323333323
3223233333232332232333332323322323333323
3223233333232232232333332322322323333323
2223233333232222232333332322222323333323
3332233333232333322333332323333223333323
3223333323222333223333323222333223333323
2332233333232223322333332322233223333323
3232233333232332322333332323323223333323
3232233333232232322333332322323223333323
2232233333232222322333332322223223333323
3322233333232333222333332323332223333323
2223333323222332223333323222332223333323
2322233333232223222333332322232223333323
3222233333232332222333332323322223333323
3222233333232232222333332322322223333323
2222233333232222222333332322222223333323
3333323333232333333233332323333332333323
3332333323222333332333323222333332333323
2333323333232223333233332322233332333323
3233323333232332333233332323323332333323
3233323333232232333233332322323332333323
2233323333232222333233332322223332333323
3323323333232333233233332323332332333323
2332333323222332332333323222332332333323
2323323333232223233233332322232332333323
3223323333232332233233332323322332333323
3223323333232232233233332322322332333323
2223323333232222233233332322222332333323
3232333323222333232333323222333232333323
2332323333232223323233332322233232333323
3232323333232332323233332323323232333323
3232323333232232323233332322323232333323
2232323333232222323233332322223232333323
3322323333232333223233332323332232333323
2232333323222332232333323222332232333323
2322323333232223223233332322232232333323
3222323333232332223233332323322232333323
3222323333232232223233332322322232333323
2222323333232222223233332322222232333323
3333223333232333332233332323333322333323
3322333323222333322333323222333322333323
2333223333232223332233332322233322333323
3233223333232332332233332323323322333323
3233223333232232332233332322323322333323
2233223333232222332233332322223322333323
3323223333232333232233332323332322333323
2322333323222332322333323222332322333323
2323223333232223232233332322232322333323
3223223333232332232233332323322322333323
3223223333232232232233332322322322333323
2223223333232222232233332322222322333323
3332223333232333322233332323333222333323
3222333323222333222333323222333222333323
2332223333232223322233332322233222333323
2233332322233332322232222333323222333323
3232223333232332322233332323323222333323
3232223333232232322233332322323222333323
2232223333232222322233332322223222333323
3322223333232333222233332323332222333323
2222333323222332222333323222332222333323
2322223333232223222233332322232222333323
3222223333232332222233332323322222333323
3222223333232232222233332322322222333323
2222223333232222222233332322222222333323
3333332333232333333323332323333333233323
3333233323222333333233323222333333233323
2333332333232223333323332322233333233323
3233332333232332333323332323323333233323
3233332333232232333323332322323333233323
2233332333232222333323332322223333233323
2323332333232223233323332322232333233323
3223332333232332233323332323322333233323
3223332333232232233323332322322333233323
2223332333232222233323332322222333233323
3332332333232333323323332323333233233323
3233233323222333233233323222333233233323
2332332333232223323323332322233233233323
3232332333232332323323332323323233233323
3232332333232232323323332322323233233323
2232332333232222323323332322223233233323
3322332333232333223323332323332233233323
2233233323222332233233323222332233233323
2322332333232223223323332322232233233323
3222332333232332223323332323322233233323
2333232223323332322232323332322233233323
3222332333232232223323332322322233233323
2222332333232222223323332322222233233323
3333232333232333332323332323333323233323
3323233323222333323233323222333323233323
3332323332323332332223233323233323233323
2333232333232323332323332323233323233323
2333232333232223332323332322233323233323
3233232333232332332323332323323323233323
3233232333232232332323332322323323233323
2233232333232222332323332322223323233323
3323232333232333232323332323332323233323
2323233323222332323233323222332323233323
2323232333232223232323332322232323233323
3223232333232332232323332323322323233323
3223232333232232232323332322322323233323
2223232333232222232323332322222323233323
3332232333232333322323332323333223233323
3223233323222333223233323222333223233323
2332232333232223322323332322233223233323
3232232333232332322323332323323223233323
3232232333232232322323332322323223233323
2232232333232222322323332322223223233323
3322232333232333222323332323332223233323
2223233323222332223233323222332223233323
2322232333232223222323332322232223233323
3222232333232332222323332323322223233323
3222232333232232222323332322322223233323
2222232333232222222323332322222223233323
3333322333232333333223332323333332233323
3332233323222333332233323222333332233323
2333322333232223333223332322233332233323
3233322333232332333223332323323332233323
3233322333232232333223332322323332233323
2233322333232222333223332322223332233323
3323322333232333233223332323332332233323
2332233323222332332233323222332332233323
2323322333232223233223332322232332233323
3223322333232332233223332323322332233323
3223322333232232233223332322322332233323
2223322333232222233223332322222332233323
3332322333232333323223332323333232233323
3232233323223332332223332322333232233323
3232233323222333232233323222333232233323
3232322333232332323223332323323232233323
3232322333232232323223332322323232233323
2232322333232222323223332322223232233323
3322322333232333223223332323332232233323
2232233323222332232233323222332232233323
2322322333232223223223332322232232233323
3222322333232332223223332323322232233323
3222322333232232223223332322322232233323
2222322333232222223223332322222232233323
3333222333232333332223332323333322233323
3322233323222333322233323222333322233323
2333222333232223332223332322233322233323
3233222333232332332223332323323322233323
3233222333232232332223332322323322233323
2233222333232222332223332322223322233323
3323222333232333232223332323332322233323
3222333232223332322232332223332322233323
3222333232223332322232232223332322233323
2222333232223332322232322223332322233323
2222333232223332322232222223332322233323
2322233323222332322233323222332322233323
2323222333232223232223332322232322233323
3223222333232332232223332323322322233323
3223222333232232232223332322322322233323
2223222333232222232223332322222322233323
3332222333232333322223332323333222233323
3222233323222333222233323222333222233323
2332222333232223322223332322233222233323
3232222333232332322223332323323222233323
3232222333232232322223332322323222233323
2232222333232222322223332322223222233323
3322222333232333222223332323332222233323
2222233323222332222233323222332222233323
2322222333232223222223332322232222233323
3222222333232332222223332323322222233323
3222222333232232222223332322322222233323
2222222333232222222223332322222222233323
3333333233232333333332332323333333323323
3333323323222333333323323222333333323323
2333333233232323333332332323233333323323
2333333233232223333332332322233333323323
3233333233232332333332332323323333323323
3233333233232232333332332322323333323323
2233333233232322333332332323223333323323
2233333233232222333332332322223333323323
3323333233232333233332332323332333323323
2333323323222332333323323222332333323323
2323333233232323233332332323232333323323
2323333233232223233332332322232333323323
3223333233232332233332332323322333323323
3223333233232232233332332322322333323323
2223333233232322233332332323222333323323
2223333233232222233332332322222333323323
3332333233232333323332332323333233323323
3233323323222333233323323222333233323323
2332333233232323323332332323233233323323
2332333233232223323332332322233233323323
3232333233232332323332332323323233323323
3232333233232232323332332322323233323323
2232333233232322323332332323223233323323
2232333233232222323332332322223233323323
3322333233232333223332332323332233323323
2233323323222332233323323222332233323323
2322333233232323223332332323232233323323
2322333233232223223332332322232233323323
3222333233232332223332332323322233323323
3233232223332332322232332332322233323323
3222333233232232223332332322322233323323
2222333233232322223332332323222233323323
2222333233232222223332332322222233323323
3332233233232333322332332323333223323323
3223323323222333223323323222333223323323
2332233233232323322332332323233223323323
2332233233232223322332332322233223323323
3232233233232332322332332323323223323323
3232233233232232322332332322323223323323
2232233233232322322332332323223223323323
2232233233232222322332332322223223323323
3322233233232333222332332323332223323323
2223323323222332223323323222332223323323
3323323222332332322232333233232223323323
3323323222332332322232233233232223323323
2323323222332332322232323233232223323323
2323323222332332322232223233232223323323
2322233233232323222332332323232223323323
2322233233232223222332332322232223323323
3222233233232332222332332323322223323323
3222233233232232222332332322322223323323
2222233233232322222332332323222223323323
2222233233232222222332332322222223323323
3333323233232333333232332323333332323323
3333323233232233333232332322333332323323
3332323323222333332323323222333332323323
2333323233232323333232332323233332323323
2333323233232223333232332322233332323323
3233323233232332333232332323323332323323
3233323233232232333232332322323332323323
2233323233232322333232332323223332323323
2233323233232222333232332322223332323323
3323323233232333233232332323332332323323
3323323233232233233232332322332332323323
2332323323222332332323323222332332323323
3323323233232332332223333233232332323323
3323323233232332332223233233232332323323
2323323233232332332223223233232332323323
3223323233232332332223332233232332323323
3223323233232332332223232233232332323323
2223323233232332332223322233232332323323
2223323233232332332223222233232332323323
2323323233232323233232332323232332323323
2323323233232223233232332322232332323323
3223323233232332233232332323322332323323
3223323233232232233232332322322332323323
2332322233232332322232323323222332323323
2223323233232322233232332323222332323323
2223323233232222233232332322222332323323
3332323233232333323232332323333232323323
3332323233232233323232332322333232323323
3232323323222333232323323222333232323323
2332323233232223323232332322233232323323
3232323233232332323232332323323232323323
3232323233232232323232332322323232323323
2232323233232322323232332323223232323323
2232323233232222323232332322223232323323
3322323233232333223232332323332232323323
3322323233232233223232332322332232323323
2232323323222332232323323222332232323323
2322323233232323223232332323232232323323
2322323233232223223232332322232232323323
3222323233232332223232332323322232323323
3222323233232232223232332322322232323323
2222323233232322223232332323222232323323
2222323233232222223232332322222232323323
3333223233232333332232332323333322323323
3322323323222333322323323222333322323323
2333223233232323332232332323233322323323
2333223233232223332232332322233322323323
3233223233232332332232332323323322323323
3233223233232232332232332322323322323323
2233223233232322332232332323223322323323
2233223233232222332232332322223322323323
3323223233232333232232332323332322323323
2322323323222332322323323222332322323323
2323223233232323232232332323232322323323
2323223233232223232232332322232322323323
3223223233232332232232332323322322323323
3223223233232232232232332322322322323323
2223223233232322232232332323222322323323
2223223233232222232232332322222322323323
3332223233232333322232332323333222323323
3222323323222333222323323222333222323323
2332223233232323322232332323233222323323
2332223233232223322232332322233222323323
3232223322232332322232332322233222323323
3232223233232232322232332322323222323323
2232223233232322322232332323223222323323
2232223233232222322232332322223222323323
3322223233232333222232332323332222323323
2222323323222332222323323222332222323323
2322223233232323222232332323232222323323
2322223233232223222232332322232222323323
3222223233232332222232332323322222323323
3222223233232232222232332322322222323323
2222223233232322222232332323222222323323
2222223233232222222232332322222222323323
3333332233232333333322332323333333223323
3333223323222333333223323222333333223323
2333332233232223333322332322233333223323
3233332233232332333322332323323333223323
2233332233232222333322332322223333223323
3323332233232333233322332323332333223323
2333223323222332333223323222332333223323
2323332233232223233322332322232333223323
3223332233232332233322332323322333223323
2223332233232222233322332322222333223323
3332332233232333323322332323333233223323
3233223323222333233223323222333233223323
2332332233232223323322332322233233223323
3232332233232332323322332323323233223323
2232332233232222323322332322223233223323
3322332233232333223322332323332233223323
2233223323222332233223323222332233223323
2322332233232223223322332322232233223323
3222332233232332223322332323322233223323
2222332233232222223322332322222233223323
3333232233232333332322332323333323223323
3323223323222333323223323222333323223323
3233232233232332332322332323323323223323
2332322332322332332223223323223323223323
3323232233232333232322332323332323223323
2323223323222332323223323222332323223323
3223232233232332232322332323322323223323
3332232233232333322322332323333223223323
3223223323222333223223323222333223223323
2332232233232223322322332322233223223323
3232232233232332322322332323323223223323
2232232233232222322322332322223223223323
3322232233232333222322332323332223223323
2223223323222332223223323222332223223323
2322232233232223222322332322232223223323
3222232233232332222322332323322223223323
2222232233232222222322332322222223223323
3333322233232333333222332323333332223323
3332223323222333332223323222333332223323
2333322233232223333222332322233332223323
3233322233232332333222332323323332223323
3233322233232232333222332322323332223323
2233322233232222333222332322223332223323
3323322233232333233222332323332332223323
2332223323222332332223323222332332223323
2323322233232223233222332322232332223323
3223322233232332233222332323322332223323
3223322233232232233222332322322332223323
2223322233232222233222332322222332223323
3332322233232333323222332323333232223323
3232223323222333232223323222333232223323
2223323323222332322232322233233232223323
3332223323222332322232333322233232223323
3332223323222332322232233322233232223323
2332223323222332322232323322233232223323
2332223323222332322232223322233232223323
3323222332322233232232332322233232223323
2232223323222332322232322322233232223323
2232223323222332322232222322233232223323
3322223323222332322232333222233232223323
3322223323222332322232233222233232223323
2322223323222332322232323222233232223323
2322223323222332322232223222233232223323
3222223323222332322232332222233232223323
3222223323222332322232232222233232223323
2222223323222332322232322222233232223323
2222223323222332322232222222233232223323
3232322233232332323222332323323232223323
3222332323222332322232232223323232223323
3232322233232232323222332322323232223323
3232223323222323232223323222323232223323
2232322233232222323222332322223232223323
3322322233232333223222332323332232223323
2232223323222332232223323222332232223323
2322322233232223223222332322232232223323
3222322233232332223222332323322232223323
3222322233232232223222332322322232223323
2222322233232222223222332322222232223323
3333222233232333332222332323333322223323
3322223323222333322223323222333322223323
2333222233232223332222332322233322223323
3233222233232332332222332323323322223323
3233222233232232332222332322323322223323
2233222233232222332222332322223322223323
3323222233232333232222332323332322223323
2322223323222332322223323222332322223323
2322223323222233232233232222332322223323
2323222233232223232222332322232322223323
3223222233232332232222332323322322223323
3223222233232232232222332322322322223323
2223222233232222232222332322222322223323
3332222233232333322222332323333222223323
3222223323222333222223323222333222223323
2332222233232223322222332322233222223323
3232222233232332322222332323323222223323
3232222233232232322222332322323222223323
2232222233232222322222332322223222223323
3322222233232333222222332323332222223323
2222223323222332222223323222332222223323
2322222233232223222222332322232222223323
3222222233232332222222332323322222223323
3222222233232232222222332322322222223323
2222222233232222222222332322222222223323
