3333322233333332223233333322233333332223
3233333322232232333333222322323333332223
3333332223333332223233333332223333332223
3333332223333332223223333332223333332223
2333332223333332223232333332223333332223
2333332223333332223222333332223333332223
3333222332333332223233333222332333332223
3223333322232232233333222322322333332223
3333333222333332223233333333222333332223
3333333222333332223223333333222333332223
2333333222333332223232333333222333332223
2333333222333332223222333333222333332223
3233333222333332223233233333222333332223
3233333222333332223223233333222333332223
2233333222333332223232233333222333332223
2233333222333332223222233333222333332223
3323333222333332223233323333222333332223
3323333222333332223223323333222333332223
2323333222333332223232323333222333332223
2323333222333332223222323333222333332223
3223333222333332223233223333222333332223
3223333222333332223223223333222333332223
2223333222333332223232223333222333332223
2223333222333332223222223333222333332223
2333322233233332223232333322233233332223
3232333322232232323333222322323233332223
3333222332233332223223333222332233332223
3333333322233332223233333333322233332223
3333333322233332223223333333322233332223
2333333322233332223232333333322233332223
2333333322233332223222333333322233332223
3233333322233332223233233333322233332223
3233333322233332223223233333322233332223
2233333322233332223232233333322233332223
2233333322233332223222233333322233332223
3323333322233332223233323333322233332223
3323333322233332223223323333322233332223
2323333322233332223232323333322233332223
2323333322233332223222323333322233332223
3223333322233332223233223333322233332223
3223333322233332223223223333322233332223
2223333322233332223232223333322233332223
2223333322233332223222223333322233332223
3332333322233332223233332333322233332223
3332333322233332223223332333322233332223
2332333322233332223232332333322233332223
2332333322233332223222332333322233332223
3232333322233332223233232333322233332223
3232333322233332223223232333322233332223
2232333322233332223232232333322233332223
2232333322233332223222232333322233332223
3322333322233332223233322333322233332223
3322333322233332223223322333322233332223
2322333322233332223232322333322233332223
2322333322233332223222322333322233332223
3222333322233332223233222333322233332223
3222333322233332223223222333322233332223
2222333322233332223232222333322233332223
2222333322233332223222222333322233332223
3333233322233332223233333233322233332223
3333233322233332223223333233322233332223
2333233322233332223232333233322233332223
2333233322233332223222333233322233332223
3233233322233332223233233233322233332223
3233233322233332223223233233322233332223
2233233322233332223232233233322233332223
2233233322233332223222233233322233332223
3323233322233332223233323233322233332223
3323233322233332223223323233322233332223
2323233322233332223232323233322233332223
2323233322233332223222323233322233332223
3223233322233332223233223233322233332223
3223233322233332223223223233322233332223
2223233322233332223232223233322233332223
2223233322233332223222223233322233332223
3332233322233332223233332233322233332223
3332233322233332223223332233322233332223
2332233322233332223232332233322233332223
2332233322233332223222332233322233332223
3232233322233332223233232233322233332223
3232233322233332223223232233322233332223
2232233322233332223232232233322233332223
2232233322233332223222232233322233332223
3322233322233332223233322233322233332223
3322233322233332223223322233322233332223
2322233322233332223232322233322233332223
2322233322233332223222322233322233332223
3222233322233332223233222233322233332223
3222233322233332223223222233322233332223
2222233322233332223232222233322233332223
2222233322233332223222222233322233332223
3222333322232232223333222322322233332223
3233322233323332223233233322233323332223
3233233322232232332333222322323323332223
3323332223323332223233323332223323332223
3323332223323332223223323332223323332223
2323332223323332223232323332223323332223
2323332223323332223222323332223323332223
3322232223222332333222322232223323332223
2333222332323332223232333222332323332223
3223233322232232232333222322322323332223
3322233222323332223233322233222323332223
2233322233223332223232233322233223332223
3232233322232232322333222322323223332223
3333333332223332223233333333332223332223
3333333332223332223223333333332223332223
2333333332223332223232333333332223332223
2333333332223332223222333333332223332223
3233333332223332223233233333332223332223
3233333332223332223223233333332223332223
2233333332223332223232233333332223332223
2233333332223332223222233333332223332223
3323333332223332223233323333332223332223
3323333332223332223223323333332223332223
2323333332223332223232323333332223332223
2323333332223332223222323333332223332223
3223333332223332223233223333332223332223
3223333332223332223223223333332223332223
2223333332223332223232223333332223332223
2223333332223332223222223333332223332223
3332333332223332223233332333332223332223
3332333332223332223223332333332223332223
2332333332223332223232332333332223332223
2332333332223332223222332333332223332223
3232333332223332223233232333332223332223
3232333332223332223223232333332223332223
2232333332223332223232232333332223332223
2232333332223332223222232333332223332223
3322333332223332223233322333332223332223
3322333332223332223223322333332223332223
2322333332223332223232322333332223332223
2322333332223332223222322333332223332223
3222333332223332223233222333332223332223
3222333332223332223223222333332223332223
2222333332223332223232222333332223332223
2222333332223332223222222333332223332223
3333233332223332223233333233332223332223
3333233332223332223223333233332223332223
2333233332223332223232333233332223332223
2333233332223332223222333233332223332223
3233233332223332223233233233332223332223
3233233332223332223223233233332223332223
2233233332223332223232233233332223332223
2233233332223332223222233233332223332223
3323233332223332223233323233332223332223
3323233332223332223223323233332223332223
2323233332223332223232323233332223332223
2323233332223332223222323233332223332223
3223233332223332223233223233332223332223
3223233332223332223223223233332223332223
2223233332223332223232223233332223332223
2223233332223332223222223233332223332223
3332233332223332223233332233332223332223
3332233332223332223223332233332223332223
2332233332223332223232332233332223332223
2332233332223332223222332233332223332223
3232233332223332223233232233332223332223
3232233332223332223223232233332223332223
2232233332223332223232232233332223332223
2232233332223332223222232233332223332223
3322233332223332223233322233332223332223
3322233332223332223223322233332223332223
2322233332223332223232322233332223332223
2322233332223332223222322233332223332223
3222233332223332223233222233332223332223
3222233332223332223223222233332223332223
2222233332223332223232222233332223332223
2222233332223332223222222233332223332223
3333323332223332223233333323332223332223
3333323332223332223223333323332223332223
2333323332223332223232333323332223332223
2333323332223332223222333323332223332223
3233323332223332223233233323332223332223
3233323332223332223223233323332223332223
2233323332223332223232233323332223332223
2233323332223332223222233323332223332223
3323323332223332223233323323332223332223
3323323332223332223223323323332223332223
2323323332223332223232323323332223332223
2323323332223332223222323323332223332223
3223323332223332223233223323332223332223
3223323332223332223223223323332223332223
2223323332223332223232223323332223332223
2223323332223332223222223323332223332223
3332323332223332223233332323332223332223
3332323332223332223223332323332223332223
2332323332223332223232332323332223332223
2332323332223332223222332323332223332223
3232323332223332223233232323332223332223
3232323332223332223223232323332223332223
2232323332223332223232232323332223332223
2232323332223332223222232323332223332223
3322323332223332223233322323332223332223
3322323332223332223223322323332223332223
2322323332223332223232322323332223332223
2322323332223332223222322323332223332223
3222323332223332223233222323332223332223
3222323332223332223223222323332223332223
2222323332223332223232222323332223332223
2222323332223332223222222323332223332223
3333223332223332223233333223332223332223
3333223332223332223223333223332223332223
2333223332223332223232333223332223332223
2333223332223332223222333223332223332223
3233223332223332223233233223332223332223
3233223332223332223223233223332223332223
2233223332223332223232233223332223332223
2233223332223332223222233223332223332223
3323223332223332223233323223332223332223
3323223332223332223223323223332223332223
2323223332223332223232323223332223332223
2323223332223332223222323223332223332223
3223223332223332223233223223332223332223
3223223332223332223223223223332223332223
2223223332223332223232223223332223332223
2223223332223332223222223223332223332223
3232223332223332223233232223332223332223
3232223332223332223223232223332223332223
2232223332223332223232232223332223332223
2232223332223332223222232223332223332223
3322223332223332223233322223332223332223
3322223332223332223223322223332223332223
2322223332223332223232322223332223332223
2322223332223332223222322223332223332223
3222223332223332223233222223332223332223
3222223332223332223223222223332223332223
2222223332223332223232222223332223332223
2222223332223332223222222223332223332223
3333332332223332223233333332332223332223
3333332332223332223223333332332223332223
2333332332223332223232333332332223332223
2333332332223332223222333332332223332223
3233332332223332223233233332332223332223
3233332332223332223223233332332223332223
2233332332223332223232233332332223332223
2233332332223332223222233332332223332223
3323332332223332223233323332332223332223
3323332332223332223223323332332223332223
2323332332223332223232323332332223332223
2323332332223332223222323332332223332223
3223332332223332223233223332332223332223
3223332332223332223223223332332223332223
2223332332223332223232223332332223332223
2223332332223332223222223332332223332223
3332332332223332223233332332332223332223
3332332332223332223223332332332223332223
2332332332223332223232332332332223332223
2332332332223332223222332332332223332223
3232332332223332223233232332332223332223
3232332332223332223223232332332223332223
2232332332223332223232232332332223332223
2232332332223332223222232332332223332223
3322332332223332223233322332332223332223
3322332332223332223223322332332223332223
2322332332223332223232322332332223332223
2322332332223332223222322332332223332223
3222332332223332223233222332332223332223
3222332332223332223223222332332223332223
2222332332223332223232222332332223332223
2222332332223332223222222332332223332223
3333232332223332223233333232332223332223
3333232332223332223223333232332223332223
2333232332223332223232333232332223332223
2333232332223332223222333232332223332223
3233232332223332223233233232332223332223
3233232332223332223223233232332223332223
2233232332223332223232233232332223332223
2233232332223332223222233232332223332223
3323232332223332223233323232332223332223
3323232332223332223223323232332223332223
2323232332223332223232323232332223332223
2323232332223332223222323232332223332223
3223232332223332223233223232332223332223
3223232332223332223223223232332223332223
2223232332223332223232223232332223332223
2223232332223332223222223232332223332223
3332232332223332223233332232332223332223
3332232332223332223223332232332223332223
2332232332223332223232332232332223332223
2332232332223332223222332232332223332223
3232232332223332223233232232332223332223
3232232332223332223223232232332223332223
2232232332223332223232232232332223332223
2232232332223332223222232232332223332223
3322232332223332223233322232332223332223
3322232332223332223223322232332223332223
2322232332223332223232322232332223332223
2322232332223332223222322232332223332223
3222232332223332223233222232332223332223
3222232332223332223223222232332223332223
2222232332223332223232222232332223332223
2222232332223332223222222232332223332223
3333322332223332223233333322332223332223
3333322332223332223223333322332223332223
2333322332223332223232333322332223332223
2333322332223332223222333322332223332223
3233322332223332223233233322332223332223
3233322332223332223223233322332223332223
2233322332223332223232233322332223332223
2233322332223332223222233322332223332223
3323322332223332223233323322332223332223
3323322332223332223223323322332223332223
2323322332223332223232323322332223332223
2323322332223332223222323322332223332223
3223322332223332223233223322332223332223
3223322332223332223223223322332223332223
2223322332223332223232223322332223332223
2223322332223332223222223322332223332223
3332322332223332223233332322332223332223
3332322332223332223223332322332223332223
2332322332223332223232332322332223332223
2332322332223332223222332322332223332223
3232322332223332223233232322332223332223
3232322332223332223223232322332223332223
2232322332223332223232232322332223332223
2232322332223332223222232322332223332223
3322322332223332223233322322332223332223
3322322332223332223223322322332223332223
2322322332223332223232322322332223332223
2322322332223332223222322322332223332223
3222322332223332223233222322332223332223
3222322332223332223223222322332223332223
2222322332223332223232222322332223332223
2222322332223332223222222322332223332223
3333222332223332223233333222332223332223
3333222332223332223223333222332223332223
2333222332223332223232333222332223332223
2333222332223332223222333222332223332223
3233222332223332223233233222332223332223
3233222332223332223223233222332223332223
2233222332223332223232233222332223332223
2233222332223332223222233222332223332223
3323222332223332223233323222332223332223
3323222332223332223223323222332223332223
2323222332223332223232323222332223332223
2323222332223332223222323222332223332223
3223222332223332223233223222332223332223
3223222332223332223223223222332223332223
2223222332223332223232223222332223332223
2223222332223332223222223222332223332223
3332222332223332223233332222332223332223
3332222332223332223223332222332223332223
2332222332223332223232332222332223332223
2332222332223332223222332222332223332223
3232222332223332223233232222332223332223
3232222332223332223223232222332223332223
2232222332223332223232232222332223332223
2232222332223332223222232222332223332223
3322222332223332223233322222332223332223
3322222332223332223223322222332223332223
2322222332223332223232322222332223332223
2322222332223332223222322222332223332223
3222222332223332223233222222332223332223
3222222332223332223223222222332223332223
2222222332223332223232222222332223332223
2222222332223332223222222222332223332223
3222233322232232222333222322322223332223
3323322233332332223233323322233332332223
3233323322232232333233222322323332332223
3332332223332332223233332332223332332223
3332332223332332223223332332223332332223
2332332223332332223232332332223332332223
2332332223332332223222332332223332332223
3233222332332332223233233222332332332223
3223323322232232233233222322322332332223
3333233222332332223233333233222332332223
3333233222332332223223333233222332332223
2333233222332332223232333233222332332223
2333233222332332223222333233222332332223
3233233222332332223233233233222332332223
3233233222332332223223233233222332332223
2233233222332332223232233233222332332223
2233233222332332223222233233222332332223
3323233222332332223233323233222332332223
3323233222332332223223323233222332332223
2323233222332332223232323233222332332223
2323233222332332223222323233222332332223
3223233222332332223233223233222332332223
3223233222332332223223223233222332332223
2223233222332332223232223233222332332223
2223233222332332223222223233222332332223
2323322233232332223232323322233232332223
3232323322232232323233222322323232332223
3233222332232332223223233222332232332223
2322323322232323223233222323232232332223
3222323322232232223233222322322232332223
2222323322232322223233222323222232332223
3223322233322332223233223322233322332223
3233223322232232332233222322323322332223
3322332223322332223233322332223322332223
3322332223322332223223322332223322332223
2322332223322332223232322332223322332223
2322332223322332223222322332223322332223
2233222332322332223232233222332322332223
3333333333222332223233333333333222332223
3333333333222332223223333333333222332223
2333333333222332223232333333333222332223
2333333333222332223222333333333222332223
3233333333222332223233233333333222332223
3233333333222332223223233333333222332223
2233333333222332223232233333333222332223
2233333333222332223222233333333222332223
3323333333222332223233323333333222332223
3323333333222332223223323333333222332223
2323333333222332223232323333333222332223
2323333333222332223222323333333222332223
3223333333222332223233223333333222332223
3223333333222332223223223333333222332223
2223333333222332223232223333333222332223
2223333333222332223222223333333222332223
3332333333222332223233332333333222332223
3332333333222332223223332333333222332223
2332333333222332223232332333333222332223
2332333333222332223222332333333222332223
3232333333222332223233232333333222332223
3232333333222332223223232333333222332223
2232333333222332223232232333333222332223
2232333333222332223222232333333222332223
3322333333222332223233322333333222332223
3322333333222332223223322333333222332223
2322333333222332223232322333333222332223
2322333333222332223222322333333222332223
3222333333222332223233222333333222332223
3222333333222332223223222333333222332223
2222333333222332223232222333333222332223
2222333333222332223222222333333222332223
3333233333222332223233333233333222332223
3333233333222332223223333233333222332223
2333233333222332223232333233333222332223
2333233333222332223222333233333222332223
3233233333222332223233233233333222332223
3233233333222332223223233233333222332223
2233233333222332223232233233333222332223
2233233333222332223222233233333222332223
3323233333222332223233323233333222332223
3323233333222332223223323233333222332223
2323233333222332223232323233333222332223
2323233333222332223222323233333222332223
3223233333222332223233223233333222332223
3223233333222332223223223233333222332223
2223233333222332223232223233333222332223
2223233333222332223222223233333222332223
3332233333222332223233332233333222332223
3332233333222332223223332233333222332223
2332233333222332223232332233333222332223
2332233333222332223222332233333222332223
3232233333222332223233232233333222332223
3232233333222332223223232233333222332223
2232233333222332223232232233333222332223
2232233333222332223222232233333222332223
3322233333222332223233322233333222332223
3322233333222332223223322233333222332223
2322233333222332223232322233333222332223
2322233333222332223222322233333222332223
3222233333222332223233222233333222332223
3222233333222332223223222233333222332223
2222233333222332223232222233333222332223
2222233333222332223222222233333222332223
3333323333222332223233333323333222332223
3333323333222332223223333323333222332223
2333323333222332223232333323333222332223
2333323333222332223222333323333222332223
3233323333222332223233233323333222332223
3233323333222332223223233323333222332223
2233323333222332223232233323333222332223
2233323333222332223222233323333222332223
3323323333222332223233323323333222332223
3323323333222332223223323323333222332223
2323323333222332223232323323333222332223
2323323333222332223222323323333222332223
3223323333222332223233223323333222332223
3223323333222332223223223323333222332223
2223323333222332223232223323333222332223
2223323333222332223222223323333222332223
3332323333222332223233332323333222332223
3332323333222332223223332323333222332223
2332323333222332223232332323333222332223
2332323333222332223222332323333222332223
3232323333222332223233232323333222332223
3232323333222332223223232323333222332223
2232323333222332223232232323333222332223
2232323333222332223222232323333222332223
3322323333222332223233322323333222332223
3322323333222332223223322323333222332223
2322323333222332223232322323333222332223
2322323333222332223222322323333222332223
3222323333222332223233222323333222332223
3222323333222332223223222323333222332223
2222323333222332223232222323333222332223
2222323333222332223222222323333222332223
3333223333222332223233333223333222332223
3333223333222332223223333223333222332223
2333223333222332223232333223333222332223
2333223333222332223222333223333222332223
3233223333222332223233233223333222332223
3233223333222332223223233223333222332223
2233223333222332223232233223333222332223
2233223333222332223222233223333222332223
3323223333222332223233323223333222332223
3323223333222332223223323223333222332223
2323223333222332223232323223333222332223
2323223333222332223222323223333222332223
3223223333222332223233223223333222332223
3223223333222332223223223223333222332223
2223223333222332223232223223333222332223
2223223333222332223222223223333222332223
3332223333222332223233332223333222332223
3332223333222332223223332223333222332223
2332223333222332223232332223333222332223
2332223333222332223222332223333222332223
3232223333222332223233232223333222332223
3232223333222332223223232223333222332223
2232223333222332223232232223333222332223
2232223333222332223222232223333222332223
3322223333222332223233322223333222332223
3322223333222332223223322223333222332223
2322223333222332223232322223333222332223
2322223333222332223222322223333222332223
3222223333222332223233222223333222332223
3222223333222332223223222223333222332223
2222223333222332223232222223333222332223
2222223333222332223222222223333222332223
3333332333222332223233333332333222332223
3333332333222332223223333332333222332223
2333332333222332223232333332333222332223
2333332333222332223222333332333222332223
3233332333222332223233233332333222332223
3233332333222332223223233332333222332223
2233332333222332223232233332333222332223
2233332333222332223222233332333222332223
3323332333222332223233323332333222332223
3323332333222332223223323332333222332223
2323332333222332223232323332333222332223
2323332333222332223222323332333222332223
3223332333222332223233223332333222332223
3223332333222332223223223332333222332223
2223332333222332223232223332333222332223
2223332333222332223222223332333222332223
3332332333222332223233332332333222332223
3332332333222332223223332332333222332223
2332332333222332223232332332333222332223
2332332333222332223222332332333222332223
3232332333222332223233232332333222332223
3232332333222332223223232332333222332223
2232332333222332223232232332333222332223
2232332333222332223222232332333222332223
3322332333222332223233322332333222332223
3322332333222332223223322332333222332223
2322332333222332223232322332333222332223
2322332333222332223222322332333222332223
3222332333222332223233222332333222332223
3222332333222332223223222332333222332223
2222332333222332223232222332333222332223
2222332333222332223222222332333222332223
3333232333222332223233333232333222332223
3333232333222332223223333232333222332223
2333232333222332223232333232333222332223
2333232333222332223222333232333222332223
3233232333222332223233233232333222332223
3233232333222332223223233232333222332223
2233232333222332223232233232333222332223
2233232333222332223222233232333222332223
3323232333222332223233323232333222332223
3323232333222332223223323232333222332223
2323232333222332223232323232333222332223
2323232333222332223222323232333222332223
3223232333222332223233223232333222332223
3223232333222332223223223232333222332223
2223232333222332223232223232333222332223
2223232333222332223222223232333222332223
3332232333222332223233332232333222332223
3332232333222332223223332232333222332223
2332232333222332223232332232333222332223
2332232333222332223222332232333222332223
3232232333222332223233232232333222332223
3232232333222332223223232232333222332223
2232232333222332223232232232333222332223
2232232333222332223222232232333222332223
3322232333222332223233322232333222332223
3322232333222332223223322232333222332223
2322232333222332223232322232333222332223
2322232333222332223222322232333222332223
3222232333222332223233222232333222332223
3222232333222332223223222232333222332223
2222232333222332223232222232333222332223
2222232333222332223222222232333222332223
3333322333222332223233333322333222332223
3333322333222332223223333322333222332223
2333322333222332223232333322333222332223
2333322333222332223222333322333222332223
3233322333222332223233233322333222332223
3233322333222332223223233322333222332223
2233322333222332223232233322333222332223
2233322333222332223222233322333222332223
3323322333222332223233323322333222332223
3323322333222332223223323322333222332223
2323322333222332223232323322333222332223
2323322333222332223222323322333222332223
3223322333222332223233223322333222332223
3223322333222332223223223322333222332223
2223322333222332223232223322333222332223
2223322333222332223222223322333222332223
3332322333222332223233332322333222332223
3332322333222332223223332322333222332223
2332322333222332223232332322333222332223
2332322333222332223222332322333222332223
3232322333222332223233232322333222332223
3232322333222332223223232322333222332223
2232322333222332223232232322333222332223
2232322333222332223222232322333222332223
3322322333222332223233322322333222332223
3322322333222332223223322322333222332223
2322322333222332223232322322333222332223
2322322333222332223222322322333222332223
3222322333222332223233222322333222332223
3222322333222332223223222322333222332223
2222322333222332223232222322333222332223
2222322333222332223222222322333222332223
3333222333222332223233333222333222332223
3333222333222332223223333222333222332223
2333222333222332223232333222333222332223
2333222333222332223222333222333222332223
3233222333222332223233233222333222332223
3233222333222332223223233222333222332223
2233222333222332223232233222333222332223
2233222333222332223222233222333222332223
3323222333222332223233323222333222332223
3323222333222332223223323222333222332223
2323222333222332223232323222333222332223
2323222333222332223222323222333222332223
3223222333222332223233223222333222332223
3223222333222332223223223222333222332223
2223222333222332223232223222333222332223
2223222333222332223222223222333222332223
3332222333222332223233332222333222332223
3332222333222332223223332222333222332223
2332222333222332223232332222333222332223
2332222333222332223222332222333222332223
3232222333222332223233232222333222332223
3232222333222332223223232222333222332223
2232222333222332223232232222333222332223
2232222333222332223222232222333222332223
3322222333222332223233322222333222332223
3322222333222332223223322222333222332223
2322222333222332223232322222333222332223
2322222333222332223222322222333222332223
3222222333222332223233222222333222332223
3222222333222332223223222222333222332223
2222222333222332223232222222333222332223
2222222333222332223222222222333222332223
3333333233222332223233333333233222332223
3333333233222332223223333333233222332223
2333333233222332223232333333233222332223
2333333233222332223222333333233222332223
3233333233222332223233233333233222332223
3233333233222332223223233333233222332223
2233333233222332223232233333233222332223
2233333233222332223222233333233222332223
3323333233222332223233323333233222332223
3323333233222332223223323333233222332223
2323333233222332223232323333233222332223
2323333233222332223222323333233222332223
3223333233222332223233223333233222332223
3223333233222332223223223333233222332223
2223333233222332223232223333233222332223
2223333233222332223222223333233222332223
3332333233222332223233332333233222332223
3332333233222332223223332333233222332223
2332333233222332223232332333233222332223
2332333233222332223222332333233222332223
3232333233222332223233232333233222332223
3232333233222332223223232333233222332223
2232333233222332223232232333233222332223
2232333233222332223222232333233222332223
3322333233222332223233322333233222332223
3322333233222332223223322333233222332223
2322333233222332223232322333233222332223
2322333233222332223222322333233222332223
3222333233222332223233222333233222332223
3222333233222332223223222333233222332223
2222333233222332223232222333233222332223
2222333233222332223222222333233222332223
3333233233222332223233333233233222332223
3333233233222332223223333233233222332223
2333233233222332223232333233233222332223
2333233233222332223222333233233222332223
3233233233222332223233233233233222332223
3233233233222332223223233233233222332223
2233233233222332223232233233233222332223
2233233233222332223222233233233222332223
3323233233222332223233323233233222332223
3323233233222332223223323233233222332223
2323233233222332223232323233233222332223
2323233233222332223222323233233222332223
3223233233222332223233223233233222332223
3223233233222332223223223233233222332223
2223233233222332223232223233233222332223
2223233233222332223222223233233222332223
3332233233222332223233332233233222332223
3332233233222332223223332233233222332223
2332233233222332223232332233233222332223
2332233233222332223222332233233222332223
3232233233222332223233232233233222332223
3232233233222332223223232233233222332223
2232233233222332223232232233233222332223
2232233233222332223222232233233222332223
3322233233222332223233322233233222332223
3322233233222332223223322233233222332223
2322233233222332223232322233233222332223
2322233233222332223222322233233222332223
3222233233222332223233222233233222332223
3222233233222332223223222233233222332223
2222233233222332223232222233233222332223
2222233233222332223222222233233222332223
3333323233222332223233333323233222332223
3333323233222332223223333323233222332223
2333323233222332223232333323233222332223
2333323233222332223222333323233222332223
3233323233222332223233233323233222332223
3233323233222332223223233323233222332223
2233323233222332223232233323233222332223
2233323233222332223222233323233222332223
3323323233222332223233323323233222332223
3323323233222332223223323323233222332223
2323323233222332223232323323233222332223
2323323233222332223222323323233222332223
3223323233222332223233223323233222332223
3223323233222332223223223323233222332223
2223323233222332223232223323233222332223
2223323233222332223222223323233222332223
3332323233222332223233332323233222332223
3332323233222332223223332323233222332223
2332323233222332223232332323233222332223
2332323233222332223222332323233222332223
3232323233222332223233232323233222332223
3232323233222332223223232323233222332223
2232323233222332223232232323233222332223
2232323233222332223222232323233222332223
3322323233222332223233322323233222332223
3322323233222332223223322323233222332223
2322323233222332223232322323233222332223
2322323233222332223222322323233222332223
3222323233222332223233222323233222332223
3222323233222332223223222323233222332223
2222323233222332223232222323233222332223
2222323233222332223222222323233222332223
3333223233222332223233333223233222332223
3333223233222332223223333223233222332223
2333223233222332223232333223233222332223
2333223233222332223222333223233222332223
3233223233222332223233233223233222332223
3233223233222332223223233223233222332223
2233223233222332223232233223233222332223
2233223233222332223222233223233222332223
3323223233222332223233323223233222332223
3323223233222332223223323223233222332223
2323223233222332223232323223233222332223
2323223233222332223222323223233222332223
3223223233222332223233223223233222332223
3223223233222332223223223223233222332223
2223223233222332223232223223233222332223
2223223233222332223222223223233222332223
3332223233222332223233332223233222332223
3332223233222332223223332223233222332223
2332223233222332223232332223233222332223
2332223233222332223222332223233222332223
3232223233222332223233232223233222332223
3232223233222332223223232223233222332223
2232223233222332223232232223233222332223
2232223233222332223222232223233222332223
3322223233222332223233322223233222332223
3322223233222332223223322223233222332223
2322223233222332223232322223233222332223
2322223233222332223222322223233222332223
3222223233222332223233222223233222332223
3222223233222332223223222223233222332223
2222223233222332223232222223233222332223
2222223233222332223222222223233222332223
3333332233222332223233333332233222332223
3333332233222332223223333332233222332223
2333332233222332223232333332233222332223
2333332233222332223222333332233222332223
3233332233222332223233233332233222332223
3233332233222332223223233332233222332223
2233332233222332223232233332233222332223
2233332233222332223222233332233222332223
3323332233222332223233323332233222332223
3323332233222332223223323332233222332223
2323332233222332223232323332233222332223
2323332233222332223222323332233222332223
3223332233222332223233223332233222332223
3223332233222332223223223332233222332223
2223332233222332223232223332233222332223
2223332233222332223222223332233222332223
3332332233222332223233332332233222332223
3332332233222332223223332332233222332223
2332332233222332223232332332233222332223
2332332233222332223222332332233222332223
3232332233222332223233232332233222332223
3232332233222332223223232332233222332223
2232332233222332223232232332233222332223
2232332233222332223222232332233222332223
3322332233222332223233322332233222332223
3322332233222332223223322332233222332223
2322332233222332223232322332233222332223
2322332233222332223222322332233222332223
3222332233222332223233222332233222332223
3222332233222332223223222332233222332223
2222332233222332223232222332233222332223
2222332233222332223222222332233222332223
3333232233222332223233333232233222332223
3333232233222332223223333232233222332223
2333232233222332223232333232233222332223
2333232233222332223222333232233222332223
3233232233222332223233233232233222332223
3233232233222332223223233232233222332223
2233232233222332223232233232233222332223
2233232233222332223222233232233222332223
3323232233222332223233323232233222332223
3323232233222332223223323232233222332223
2323232233222332223232323232233222332223
2323232233222332223222323232233222332223
3223232233222332223233223232233222332223
3223232233222332223223223232233222332223
2223232233222332223232223232233222332223
2223232233222332223222223232233222332223
3332232233222332223233332232233222332223
3332232233222332223223332232233222332223
2332232233222332223232332232233222332223
2332232233222332223222332232233222332223
3232232233222332223233232232233222332223
3232232233222332223223232232233222332223
2232232233222332223232232232233222332223
2232232233222332223222232232233222332223
3322232233222332223233322232233222332223
3322232233222332223223322232233222332223
2322232233222332223232322232233222332223
2322232233222332223222322232233222332223
3222232233222332223233222232233222332223
3222232233222332223223222232233222332223
2222232233222332223232222232233222332223
2222232233222332223222222232233222332223
3333222233222332223233333222233222332223
3333222233222332223223333222233222332223
2333222233222332223232333222233222332223
2333222233222332223222333222233222332223
3233222233222332223233233222233222332223
3233222233222332223223233222233222332223
2233222233222332223232233222233222332223
2233222233222332223222233222233222332223
3323222233222332223233323222233222332223
3323222233222332223223323222233222332223
2323222233222332223232323222233222332223
2323222233222332223222323222233222332223
3223222233222332223233223222233222332223
3223222233222332223223223222233222332223
2223222233222332223232223222233222332223
2223222233222332223222223222233222332223
3332222233222332223233332222233222332223
3332222233222332223223332222233222332223
2332222233222332223232332222233222332223
2332222233222332223222332222233222332223
3232222233222332223233232222233222332223
3232222233222332223223232222233222332223
2232222233222332223232232222233222332223
2232222233222332223222232222233222332223
3322222233222332223233322222233222332223
3322222233222332223223322222233222332223
2322222233222332223232322222233222332223
2322222233222332223222322222233222332223
3222222233222332223233222222233222332223
3222222233222332223223222222233222332223
2222222233222332223232222222233222332223
2222222233222332223222222222233222332223
3333333323222332223233333333323222332223
3333333323222332223223333333323222332223
2333333323222332223232333333323222332223
2333333323222332223222333333323222332223
3233333323222332223233233333323222332223
3233333323222332223223233333323222332223
2233333323222332223232233333323222332223
2233333323222332223222233333323222332223
3323333323222332223233323333323222332223
3323333323222332223223323333323222332223
2323333323222332223232323333323222332223
2323333323222332223222323333323222332223
3223333323222332223233223333323222332223
3223333323222332223223223333323222332223
2223333323222332223232223333323222332223
2223333323222332223222223333323222332223
3332333323222332223233332333323222332223
3332333323222332223223332333323222332223
2332333323222332223232332333323222332223
2332333323222332223222332333323222332223
3232333323222332223233232333323222332223
3232333323222332223223232333323222332223
2232333323222332223232232333323222332223
2232333323222332223222232333323222332223
3322333323222332223233322333323222332223
3322333323222332223223322333323222332223
2322333323222332223232322333323222332223
2322333323222332223222322333323222332223
3222333323222332223233222333323222332223
3222333323222332223223222333323222332223
2222333323222332223232222333323222332223
2222333323222332223222222333323222332223
3333233323222332223233333233323222332223
3333233323222332223223333233323222332223
2333233323222332223232333233323222332223
2333233323222332223222333233323222332223
3233233323222332223233233233323222332223
3233233323222332223223233233323222332223
2233233323222332223232233233323222332223
2233233323222332223222233233323222332223
3323233323222332223233323233323222332223
3323233323222332223223323233323222332223
2323233323222332223232323233323222332223
2323233323222332223222323233323222332223
3223233323222332223233223233323222332223
3223233323222332223223223233323222332223
2223233323222332223232223233323222332223
2223233323222332223222223233323222332223
3332233323222332223233332233323222332223
3332233323222332223223332233323222332223
2332233323222332223232332233323222332223
2332233323222332223222332233323222332223
3232233323222332223233232233323222332223
3232233323222332223223232233323222332223
2232233323222332223232232233323222332223
2232233323222332223222232233323222332223
3322233323222332223233322233323222332223
3322233323222332223223322233323222332223
2322233323222332223232322233323222332223
2322233323222332223222322233323222332223
3222233323222332223233222233323222332223
3222233323222332223223222233323222332223
2222233323222332223232222233323222332223
2222233323222332223222222233323222332223
3333323323222332223233333323323222332223
3333323323222332223223333323323222332223
2333323323222332223232333323323222332223
2333323323222332223222333323323222332223
3233323323222332223233233323323222332223
3233323323222332223223233323323222332223
2233323323222332223232233323323222332223
2233323323222332223222233323323222332223
3323323323222332223233323323323222332223
3323323323222332223223323323323222332223
2323323323222332223232323323323222332223
2323323323222332223222323323323222332223
3223323323222332223233223323323222332223
3223323323222332223223223323323222332223
2223323323222332223232223323323222332223
2223323323222332223222223323323222332223
3332323323222332223233332323323222332223
3332323323222332223223332323323222332223
2332323323222332223232332323323222332223
2332323323222332223222332323323222332223
3232323323222332223233232323323222332223
3232323323222332223223232323323222332223
2232323323222332223232232323323222332223
2232323323222332223222232323323222332223
3322323323222332223233322323323222332223
3322323323222332223223322323323222332223
2322323323222332223232322323323222332223
2322323323222332223222322323323222332223
3222323323222332223233222323323222332223
3222323323222332223223222323323222332223
2222323323222332223232222323323222332223
2222323323222332223222222323323222332223
3333223323222332223233333223323222332223
3333223323222332223223333223323222332223
2333223323222332223232333223323222332223
2333223323222332223222333223323222332223
3233223323222332223233233223323222332223
3233223323222332223223233223323222332223
2233223323222332223232233223323222332223
2233223323222332223222233223323222332223
3323223323222332223233323223323222332223
3323223323222332223223323223323222332223
2323223323222332223232323223323222332223
2323223323222332223222323223323222332223
3223223323222332223233223223323222332223
3223223323222332223223223223323222332223
2223223323222332223232223223323222332223
2223223323222332223222223223323222332223
3332223323222332223233332223323222332223
3332223323222332223223332223323222332223
2332223323222332223232332223323222332223
2332223323222332223222332223323222332223
3232223323222332223233232223323222332223
3232223323222332223223232223323222332223
2232223323222332223232232223323222332223
2232223323222332223222232223323222332223
3322223323222332223233322223323222332223
3322223323222332223223322223323222332223
2322223323222332223232322223323222332223
2322223323222332223222322223323222332223
3222223323222332223233222223323222332223
3222223323222332223223222223323222332223
2222223323222332223232222223323222332223
2222223323222332223222222223323222332223
3333332323222332223233333332323222332223
3333332323222332223223333332323222332223
2333332323222332223232333332323222332223
2333332323222332223222333332323222332223
3233332323222332223233233332323222332223
3233332323222332223223233332323222332223
2233332323222332223232233332323222332223
2233332323222332223222233332323222332223
3323332323222332223233323332323222332223
3323332323222332223223323332323222332223
2323332323222332223232323332323222332223
2323332323222332223222323332323222332223
3223332323222332223233223332323222332223
3223332323222332223223223332323222332223
2223332323222332223232223332323222332223
2223332323222332223222223332323222332223
3332332323222332223233332332323222332223
3332332323222332223223332332323222332223
2332332323222332223232332332323222332223
2332332323222332223222332332323222332223
3232332323222332223233232332323222332223
3232332323222332223223232332323222332223
2232332323222332223232232332323222332223
2232332323222332223222232332323222332223
3322332323222332223233322332323222332223
3322332323222332223223322332323222332223
2322332323222332223232322332323222332223
2322332323222332223222322332323222332223
3222332323222332223233222332323222332223
3222332323222332223223222332323222332223
2222332323222332223232222332323222332223
2222332323222332223222222332323222332223
3333232323222332223233333232323222332223
3333232323222332223223333232323222332223
2333232323222332223232333232323222332223
2333232323222332223222333232323222332223
3233232323222332223233233232323222332223
3233232323222332223223233232323222332223
2233232323222332223232233232323222332223
2233232323222332223222233232323222332223
3323232323222332223233323232323222332223
3323232323222332223223323232323222332223
2323232323222332223232323232323222332223
2323232323222332223222323232323222332223
3223232323222332223233223232323222332223
3223232323222332223223223232323222332223
2223232323222332223232223232323222332223
2223232323222332223222223232323222332223
3332232323222332223233332232323222332223
3332232323222332223223332232323222332223
2332232323222332223232332232323222332223
2332232323222332223222332232323222332223
3232232323222332223233232232323222332223
3232232323222332223223232232323222332223
2232232323222332223232232232323222332223
2232232323222332223222232232323222332223
3322232323222332223233322232323222332223
3322232323222332223223322232323222332223
2322232323222332223232322232323222332223
2322232323222332223222322232323222332223
3222232323222332223233222232323222332223
3222232323222332223223222232323222332223
2222232323222332223232222232323222332223
2222232323222332223222222232323222332223
3333322323222332223233333322323222332223
3333322323222332223223333322323222332223
2333322323222332223232333322323222332223
2333322323222332223222333322323222332223
3233322323222332223233233322323222332223
3233322323222332223223233322323222332223
2233322323222332223232233322323222332223
2233322323222332223222233322323222332223
3323322323222332223233323322323222332223
3323322323222332223223323322323222332223
2323322323222332223232323322323222332223
2323322323222332223222323322323222332223
3223322323222332223233223322323222332223
3223322323222332223223223322323222332223
2223322323222332223232223322323222332223
2223322323222332223222223322323222332223
3332322323222332223233332322323222332223
3332322323222332223223332322323222332223
2332322323222332223232332322323222332223
2332322323222332223222332322323222332223
3232322323222332223233232322323222332223
3232322323222332223223232322323222332223
2232322323222332223232232322323222332223
2232322323222332223222232322323222332223
3322322323222332223233322322323222332223
3322322323222332223223322322323222332223
2322322323222332223232322322323222332223
2322322323222332223222322322323222332223
3222322323222332223233222322323222332223
3232223322232232322233222322323222332223
3222322323222332223223222322323222332223
2222322323222332223232222322323222332223
2222322323222332223222222322323222332223
3333222323222332223233333222323222332223
3333222323222332223223333222323222332223
2333222323222332223232333222323222332223
2333222323222332223222333222323222332223
3233222323222332223233233222323222332223
3233222323222332223223233222323222332223
2233222323222332223232233222323222332223
2233222323222332223222233222323222332223
3323222323222332223233323222323222332223
3323222323222332223223323222323222332223
2323222323222332223232323222323222332223
2323222323222332223222323222323222332223
3223222323222332223233223222323222332223
3223222323222332223223223222323222332223
2223222323222332223232223222323222332223
2223222323222332223222223222323222332223
3332222323222332223233332222323222332223
3332222323222332223223332222323222332223
2332222323222332223232332222323222332223
2332222323222332223222332222323222332223
3232222323222332223233232222323222332223
3232222323222332223223232222323222332223
2232222323222332223232232222323222332223
2232222323222332223222232222323222332223
3322222323222332223233322222323222332223
3322222323222332223223322222323222332223
2322222323222332223232322222323222332223
2322222323222332223222322222323222332223
3222222323222332223233222222323222332223
3222222323222332223223222222323222332223
2222222323222332223232222222323222332223
2222222323222332223222222222323222332223
3333333223222332223233333333223222332223
3333333223222332223223333333223222332223
2333333223222332223232333333223222332223
2333333223222332223222333333223222332223
3233333223222332223233233333223222332223
3233333223222332223223233333223222332223
2233333223222332223232233333223222332223
2233333223222332223222233333223222332223
3323333223222332223233323333223222332223
3323333223222332223223323333223222332223
2323333223222332223232323333223222332223
2323333223222332223222323333223222332223
3223333223222332223233223333223222332223
3223333223222332223223223333223222332223
2223333223222332223232223333223222332223
2223333223222332223222223333223222332223
3332333223222332223233332333223222332223
3332333223222332223223332333223222332223
2332333223222332223232332333223222332223
2332333223222332223222332333223222332223
3232333223222332223233232333223222332223
3232333223222332223223232333223222332223
2232333223222332223232232333223222332223
2232333223222332223222232333223222332223
3322333223222332223233322333223222332223
3322333223222332223223322333223222332223
2322333223222332223232322333223222332223
2322333223222332223222322333223222332223
3222333223222332223233222333223222332223
3222333223222332223223222333223222332223
2222333223222332223232222333223222332223
2222333223222332223222222333223222332223
3333233223222332223233333233223222332223
3333233223222332223223333233223222332223
2333233223222332223232333233223222332223
2333233223222332223222333233223222332223
3233233223222332223233233233223222332223
3233233223222332223223233233223222332223
2233233223222332223232233233223222332223
2233233223222332223222233233223222332223
3323233223222332223233323233223222332223
3323233223222332223223323233223222332223
2323233223222332223232323233223222332223
2323233223222332223222323233223222332223
3223233223222332223233223233223222332223
3223233223222332223223223233223222332223
2223233223222332223232223233223222332223
2223233223222332223222223233223222332223
3332233223222332223233332233223222332223
3332233223222332223223332233223222332223
2332233223222332223232332233223222332223
2332233223222332223222332233223222332223
3232233223222332223233232233223222332223
3232233223222332223223232233223222332223
2232233223222332223232232233223222332223
2232233223222332223222232233223222332223
3322233223222332223233322233223222332223
3322233223222332223223322233223222332223
2322233223222332223232322233223222332223
2322233223222332223222322233223222332223
3222233223222332223233222233223222332223
3222233223222332223223222233223222332223
2222233223222332223232222233223222332223
2222233223222332223222222233223222332223
3333323223222332223233333323223222332223
3333323223222332223223333323223222332223
2333323223222332223232333323223222332223
2333323223222332223222333323223222332223
3233323223222332223233233323223222332223
3233323223222332223223233323223222332223
2233323223222332223232233323223222332223
2233323223222332223222233323223222332223
3323323223222332223233323323223222332223
3323323223222332223223323323223222332223
2323323223222332223232323323223222332223
2323323223222332223222323323223222332223
3223323223222332223233223323223222332223
3223323223222332223223223323223222332223
2223323223222332223232223323223222332223
2223323223222332223222223323223222332223
3332323223222332223233332323223222332223
3332323223222332223223332323223222332223
2332323223222332223232332323223222332223
2332323223222332223222332323223222332223
3232323223222332223233232323223222332223
3232323223222332223223232323223222332223
2232323223222332223232232323223222332223
2232323223222332223222232323223222332223
3322323223222332223233322323223222332223
3322323223222332223223322323223222332223
2322323223222332223232322323223222332223
2322323223222332223222322323223222332223
3222323223222332223233222323223222332223
3222323223222332223223222323223222332223
2222323223222332223232222323223222332223
2222323223222332223222222323223222332223
3333223223222332223233333223223222332223
3333223223222332223223333223223222332223
2333223223222332223232333223223222332223
2333223223222332223222333223223222332223
3233223223222332223233233223223222332223
3233223223222332223223233223223222332223
2233223223222332223232233223223222332223
2233223223222332223222233223223222332223
3323223223222332223233323223223222332223
3323223223222332223223323223223222332223
2323223223222332223232323223223222332223
2323223223222332223222323223223222332223
3223223223222332223233223223223222332223
3223223223222332223223223223223222332223
2223223223222332223232223223223222332223
2223223223222332223222223223223222332223
3332223223222332223233332223223222332223
3332223223222332223223332223223222332223
2332223223222332223232332223223222332223
3232223223222332223233232223223222332223
3232223223222332223223232223223222332223
2232223223222332223232232223223222332223
2232223223222332223222232223223222332223
3322223223222332223233322223223222332223
3322223223222332223223322223223222332223
2322223223222332223232322223223222332223
2322223223222332223222322223223222332223
3222223223222332223233222223223222332223
3222223223222332223223222223223222332223
2222223223222332223232222223223222332223
2222223223222332223222222223223222332223
3333332223222332223233333332223222332223
3333332223222332223223333332223222332223
2333332223222332223232333332223222332223
2333332223222332223222333332223222332223
3233332223222332223233233332223222332223
3233332223222332223223233332223222332223
2233332223222332223232233332223222332223
2233332223222332223222233332223222332223
3323332223222332223233323332223222332223
3323332223222332223223323332223222332223
2323332223222332223232323332223222332223
2323332223222332223222323332223222332223
3223332223222332223233223332223222332223
3223332223222332223223223332223222332223
2223332223222332223232223332223222332223
2223332223222332223222223332223222332223
3332332223222332223233332332223222332223
3332332223222332223223332332223222332223
2332332223222332223232332332223222332223
2332332223222332223222332332223222332223
3232332223222332223233232332223222332223
3232332223222332223223232332223222332223
2232332223222332223232232332223222332223
2232332223222332223222232332223222332223
3333232223222332223233333232223222332223
3333232223222332223223333232223222332223
2333232223222332223232333232223222332223
2333232223222332223222333232223222332223
3233232223222332223233233232223222332223
3233232223222332223223233232223222332223
2233232223222332223232233232223222332223
2233232223222332223222233232223222332223
3323232223222332223233323232223222332223
3323232223222332223223323232223222332223
2323232223222332223232323232223222332223
2323232223222332223222323232223222332223
3223232223222332223233223232223222332223
3223232223222332223223223232223222332223
2223232223222332223232223232223222332223
2223232223222332223222223232223222332223
3332232223222332223233332232223222332223
3332232223222332223223332232223222332223
2332232223222332223232332232223222332223
2332232223222332223222332232223222332223
3232232223222332223233232232223222332223
3232232223222332223223232232223222332223
2232232223222332223232232232223222332223
2232232223222332223222232232223222332223
3322232223222332223233322232223222332223
3322232223222332223223322232223222332223
2322232223222332223232322232223222332223
2322232223222332223222322232223222332223
3222232223222332223233222232223222332223
3222232223222332223223222232223222332223
2222232223222332223232222232223222332223
2222232223222332223222222232223222332223
3333322223222332223233333322223222332223
3333322223222332223223333322223222332223
2333322223222332223232333322223222332223
2333322223222332223222333322223222332223
3233322223222332223233233322223222332223
3233322223222332223223233322223222332223
2233322223222332223232233322223222332223
2233322223222332223222233322223222332223
3323322223222332223233323322223222332223
3323322223222332223223323322223222332223
2323322223222332223232323322223222332223
2323322223222332223222323322223222332223
3223322223222332223233223322223222332223
3223322223222332223223223322223222332223
2223322223222332223232223322223222332223
2223322223222332223222223322223222332223
3332322223222332223233332322223222332223
3332322223222332223223332322223222332223
2332322223222332223232332322223222332223
2332322223222332223222332322223222332223
3232322223222332223233232322223222332223
3232322223222332223223232322223222332223
2232322223222332223232232322223222332223
2232322223222332223222232322223222332223
3322322223222332223233322322223222332223
3322322223222332223223322322223222332223
2322322223222332223232322322223222332223
2322322223222332223222322322223222332223
3222322223222332223233222322223222332223
3222322223222332223223222322223222332223
2222322223222332223232222322223222332223
2222322223222332223222222322223222332223
3333222223222332223233333222223222332223
3333222223222332223223333222223222332223
2333222223222332223232333222223222332223
2333222223222332223222333222223222332223
3233222223222332223233233222223222332223
3233222223222332223223233222223222332223
2233222223222332223232233222223222332223
2233222223222332223222233222223222332223
3323222223222332223233323222223222332223
3323222223222332223223323222223222332223
2323222223222332223232323222223222332223
2323222223222332223222323222223222332223
3223222223222332223233223222223222332223
3223222223222332223223223222223222332223
2223222223222332223232223222223222332223
2223222223222332223222223222223222332223
3332222223222332223233332222223222332223
3332222223222332223223332222223222332223
2332222223222332223232332222223222332223
2332222223222332223222332222223222332223
3232222223222332223233232222223222332223
3232222223222332223223232222223222332223
2232222223222332223232232222223222332223
2232222223222332223222232222223222332223
3322222223222332223233322222223222332223
3322222223222332223223322222223222332223
2322222223222332223232322222223222332223
2322222223222332223222322222223222332223
3222222223222332223233222222223222332223
3222222223222332223223222222223222332223
2222222223222332223232222222223222332223
2222222223222332223222222222223222332223
2233222332222332223222233222332222332223
3222223322232232222233222322322222332223
3333332322232233333323222322333333232223
3332322233333232223233332322233333232223
2333332322232223333323222322233333232223
3233332322232232333323222322323333232223
3333232223333232223233333232223333232223
3333232223333232223223333232223333232223
2333232223333232223232333232223333232223
2333232223333232223222333232223333232223
2233332322232222333323222322223333232223
3323332322232233233323222322332333232223
3323222332333232223233323222332333232223
2323332322232223233323222322232333232223
3223332322232232233323222322322333232223
3333323222333232223233333323222333232223
3333323222333232223223333323222333232223
2333323222333232223232333323222333232223
2333323222333232223222333323222333232223
3233323222333232223233233323222333232223
3233323222333232223223233323222333232223
2233323222333232223232233323222333232223
2233323222333232223222233323222333232223
3323323222333232223233323323222333232223
3323323222333232223223323323222333232223
2323323222333232223232323323222333232223
2323323222333232223222323323222333232223
3223323222333232223233223323222333232223
3223323222333232223223223323222333232223
2223323222333232223232223323222333232223
2223323222333232223222223323222333232223
2223332322232222233323222322222333232223
3332332322232233323323222322333233232223
2332322233233232223232332322233233232223
2332332322232223323323222322233233232223
3232332322232232323323222322323233232223
2232332322232222323323222322223233232223
3322332322232233223323222322332233232223
3323222332233232223223323222332233232223
2322332322232223223323222322232233232223
3333332322233232223233333332322233232223
3333332322233232223223333332322233232223
2333332322233232223232333332322233232223
2333332322233232223222333332322233232223
3233332322233232223233233332322233232223
3233332322233232223223233332322233232223
2233332322233232223232233332322233232223
2233332322233232223222233332322233232223
3323332322233232223233323332322233232223
3323332322233232223223323332322233232223
2323332322233232223232323332322233232223
2323332322233232223222323332322233232223
3223332322233232223233223332322233232223
3223332322233232223223223332322233232223
2223332322233232223232223332322233232223
2223332322233232223222223332322233232223
3332332322233232223233332332322233232223
3332332322233232223223332332322233232223
2332332322233232223232332332322233232223
2332332322233232223222332332322233232223
3232332322233232223233232332322233232223
3232332322233232223223232332322233232223
2232332322233232223232232332322233232223
2232332322233232223222232332322233232223
3322332322233232223233322332322233232223
3322332322233232223223322332322233232223
2322332322233232223232322332322233232223
2322332322233232223222322332322233232223
3222332322233232223233222332322233232223
3222332322233232223223222332322233232223
2222332322233232223232222332322233232223
2222332322233232223222222332322233232223
3333232322233232223233333232322233232223
3333232322233232223223333232322233232223
2333232322233232223232333232322233232223
2333232322233232223222333232322233232223
3233232322233232223233233232322233232223
3233232322233232223223233232322233232223
2233232322233232223232233232322233232223
2233232322233232223222233232322233232223
3323232322233232223233323232322233232223
3323232322233232223223323232322233232223
2323232322233232223232323232322233232223
2323232322233232223222323232322233232223
3223232322233232223233223232322233232223
3223232322233232223223223232322233232223
2223232322233232223232223232322233232223
2223232322233232223222223232322233232223
3332232322233232223233332232322233232223
3332232322233232223223332232322233232223
2332232322233232223232332232322233232223
2332232322233232223222332232322233232223
3232232322233232223233232232322233232223
3232232322233232223223232232322233232223
2232232322233232223232232232322233232223
2232232322233232223222232232322233232223
3322232322233232223233322232322233232223
3322232322233232223223322232322233232223
2322232322233232223232322232322233232223
2322232322233232223222322232322233232223
3222232322233232223233222232322233232223
3222232322233232223223222232322233232223
2222232322233232223232222232322233232223
2222232322233232223222222232322233232223
3222332322232232223323222322322233232223
2222332322232222223323222322222233232223
3333232322232233332323222322333323232223
3232322233323232223233232322233323232223
2333232322232223332323222322233323232223
3233232322232232332323222322323323232223
3323232223323232223233323232223323232223
3323232223323232223223323232223323232223
2323232223323232223232323232223323232223
2323232223323232223222323232223323232223
2233232322232222332323222322223323232223
3323232322232233232323222322332323232223
2323222332323232223232323222332323232223
2323232322232223232323222322232323232223
3223232322232232232323222322322323232223
2322233222323232223232322233222323232223
2223232322232222232323222322222323232223
3332232322232233322323222322333223232223
2232322233223232223232232322233223232223
2332232322232223322323222322233223232223
3232232322232232322323222322323223232223
2232232322232222322323222322223223232223
3322232322232233222323222322332223232223
2322322232223232223222322322232223232223
2322232322232223222323222322232223232223
3222232322232232222323222322322223232223
2222232322232222222323222322222223232223
3333322322232233333223222322333332232223
2333322322232223333223222322233332232223
3233322322232232333223222322323332232223
2233322322232222333223222322223332232223
3323322322232233233223222322332332232223
2323322322232223233223222322232332232223
3223322322232232233223222322322332232223
2223322322232222233223222322222332232223
3332322322232233323223222322333232232223
2332322322232223323223222322233232232223
3232322322232232323223222322323232232223
2232322322232222323223222322223232232223
3322322322232233223223222322332232232223
2322322322232223223223222322232232232223
2323222322232232223222323222322232232223
2222322322232222223223222322222232232223
3333222322232233332223222322333322232223
3233222322232232332223222322323322232223
3323222322232233232223222322332322232223
3222322232322232223223222322232322232223
2223222322233322232223222333222322232223
2223222322233222232223222332222322232223
3332222322232233322223222322333222232223
3232222322232232322223222322323222232223
3322222322232233222223222322332222232223
3222222322232232222223222322322222232223
3333222233333322223233333222233333322223
3233333222232232333332222322323333322223
3333322223333322223233333322223333322223
3333322223333322223223333322223333322223
2333322223333322223232333322223333322223
2333322223333322223222333322223333322223
3332222332333322223233332222332333322223
3223333222232232233332222322322333322223
3333332222333322223233333332222333322223
3333332222333322223223333332222333322223
2333332222333322223232333332222333322223
2333332222333322223222333332222333322223
3233332222333322223233233332222333322223
3233332222333322223223233332222333322223
2233332222333322223232233332222333322223
2233332222333322223222233332222333322223
3323332222333322223233323332222333322223
3323332222333322223223323332222333322223
2323332222333322223232323332222333322223
2323332222333322223222323332222333322223
3223332222333322223233223332222333322223
3223332222333322223223223332222333322223
2223332222333322223232223332222333322223
2223332222333322223222223332222333322223
2333222233233322223232333222233233322223
3232333222232232323332222322323233322223
3332222332233322223223332222332233322223
3222333222232232223332222322322233322223
3333333222233322223233333333222233322223
3333333222233322223223333333222233322223
2333333222233322223232333333222233322223
2333333222233322223222333333222233322223
3233333222233322223233233333222233322223
3233333222233322223223233333222233322223
2233333222233322223232233333222233322223
2233333222233322223222233333222233322223
3323333222233322223233323333222233322223
3323333222233322223223323333222233322223
2323333222233322223232323333222233322223
2323333222233322223222323333222233322223
3223333222233322223233223333222233322223
3223333222233322223223223333222233322223
2223333222233322223232223333222233322223
2223333222233322223222223333222233322223
3332333222233322223233332333222233322223
3332333222233322223223332333222233322223
2332333222233322223232332333222233322223
2332333222233322223222332333222233322223
3232333222233322223233232333222233322223
3232333222233322223223232333222233322223
2232333222233322223232232333222233322223
2232333222233322223222232333222233322223
3322333222233322223233322333222233322223
3322333222233322223223322333222233322223
2322333222233322223232322333222233322223
2322333222233322223222322333222233322223
3222333222233322223233222333222233322223
3222333222233322223223222333222233322223
2222333222233322223232222333222233322223
2222333222233322223222222333222233322223
3333233222233322223233333233222233322223
3333233222233322223223333233222233322223
2333233222233322223232333233222233322223
2333233222233322223222333233222233322223
3233233222233322223233233233222233322223
3233233222233322223223233233222233322223
2233233222233322223232233233222233322223
2233233222233322223222233233222233322223
3323233222233322223233323233222233322223
3323233222233322223223323233222233322223
2323233222233322223232323233222233322223
2323233222233322223222323233222233322223
3223233222233322223233223233222233322223
3223233222233322223223223233222233322223
2223233222233322223232223233222233322223
2223233222233322223222223233222233322223
3332233222233322223233332233222233322223
3332233222233322223223332233222233322223
2332233222233322223232332233222233322223
2332233222233322223222332233222233322223
3232233222233322223233232233222233322223
3232233222233322223223232233222233322223
2232233222233322223232232233222233322223
2232233222233322223222232233222233322223
3322233222233322223233322233222233322223
3322233222233322223223322233222233322223
2322233222233322223232322233222233322223
2322233222233322223222322233222233322223
3222233222233322223233222233222233322223
3222233222233322223223222233222233322223
2222233222233322223232222233222233322223
2222233222233322223222222233222233322223
3233222233323322223233233222233323322223
3233233222232232332332222322323323322223
3222232223222332332222322232223323322223
3323322223323322223233323322223323322223
3323322223323322223223323322223323322223
2323322223323322223232323322223323322223
2323322223323322223222323322223323322223
2332222332323322223232332222332323322223
3223233222232232232332222322322323322223
2233222233223322223232233222233223322223
3232233222232232322332222322323223322223
2332222332223322223222332222332223322223
3333333322223322223233333333322223322223
3333333322223322223223333333322223322223
2333333322223322223232333333322223322223
2333333322223322223222333333322223322223
3233333322223322223233233333322223322223
3233333322223322223223233333322223322223
2233333322223322223232233333322223322223
2233333322223322223222233333322223322223
3323333322223322223233323333322223322223
3323333322223322223223323333322223322223
2323333322223322223232323333322223322223
2323333322223322223222323333322223322223
3223333322223322223233223333322223322223
3223333322223322223223223333322223322223
2223333322223322223232223333322223322223
2223333322223322223222223333322223322223
3332333322223322223233332333322223322223
3332333322223322223223332333322223322223
2332333322223322223232332333322223322223
2332333322223322223222332333322223322223
3232333322223322223233232333322223322223
3232333322223322223223232333322223322223
2232333322223322223232232333322223322223
2232333322223322223222232333322223322223
3322333322223322223233322333322223322223
3322333322223322223223322333322223322223
2322333322223322223232322333322223322223
2322333322223322223222322333322223322223
3222333322223322223233222333322223322223
3222333322223322223223222333322223322223
2222333322223322223232222333322223322223
2222333322223322223222222333322223322223
3333233322223322223233333233322223322223
3333233322223322223223333233322223322223
2333233322223322223232333233322223322223
2333233322223322223222333233322223322223
3233233322223322223233233233322223322223
3233233322223322223223233233322223322223
2233233322223322223232233233322223322223
2233233322223322223222233233322223322223
3323233322223322223233323233322223322223
3323233322223322223223323233322223322223
2323233322223322223232323233322223322223
2323233322223322223222323233322223322223
3223233322223322223233223233322223322223
3223233322223322223223223233322223322223
2223233322223322223232223233322223322223
2223233322223322223222223233322223322223
3332233322223322223233332233322223322223
3332233322223322223223332233322223322223
2332233322223322223232332233322223322223
2332233322223322223222332233322223322223
3232233322223322223233232233322223322223
3232233322223322223223232233322223322223
2232233322223322223232232233322223322223
2232233322223322223222232233322223322223
3322233322223322223233322233322223322223
3322233322223322223223322233322223322223
2322233322223322223232322233322223322223
2322233322223322223222322233322223322223
3222233322223322223233222233322223322223
3222233322223322223223222233322223322223
2222233322223322223232222233322223322223
2222233322223322223222222233322223322223
3333323322223322223233333323322223322223
3333323322223322223223333323322223322223
2333323322223322223232333323322223322223
2333323322223322223222333323322223322223
3233323322223322223233233323322223322223
3233323322223322223223233323322223322223
2233323322223322223232233323322223322223
2233323322223322223222233323322223322223
3323323322223322223233323323322223322223
3323323322223322223223323323322223322223
2323323322223322223232323323322223322223
2323323322223322223222323323322223322223
3223323322223322223233223323322223322223
3223323322223322223223223323322223322223
2223323322223322223232223323322223322223
2223323322223322223222223323322223322223
3332323322223322223233332323322223322223
3332323322223322223223332323322223322223
2332323322223322223232332323322223322223
2332323322223322223222332323322223322223
3232323322223322223233232323322223322223
3232323322223322223223232323322223322223
2232323322223322223232232323322223322223
2232323322223322223222232323322223322223
3322323322223322223233322323322223322223
3322323322223322223223322323322223322223
2322323322223322223232322323322223322223
2322323322223322223222322323322223322223
3222323322223322223233222323322223322223
3222323322223322223223222323322223322223
2222323322223322223232222323322223322223
2222323322223322223222222323322223322223
3333223322223322223233333223322223322223
3333223322223322223223333223322223322223
2333223322223322223232333223322223322223
2333223322223322223222333223322223322223
3233223322223322223233233223322223322223
3233223322223322223223233223322223322223
2233223322223322223232233223322223322223
2233223322223322223222233223322223322223
3323223322223322223233323223322223322223
3323223322223322223223323223322223322223
2323223322223322223232323223322223322223
2323223322223322223222323223322223322223
3223223322223322223233223223322223322223
3223223322223322223223223223322223322223
2223223322223322223232223223322223322223
2223223322223322223222223223322223322223
3332223322223322223233332223322223322223
3332223322223322223223332223322223322223
2332223322223322223232332223322223322223
2332223322223322223222332223322223322223
3232223322223322223233232223322223322223
3232223322223322223223232223322223322223
2232223322223322223232232223322223322223
2232223322223322223222232223322223322223
3222223322223322223233222223322223322223
3222223322223322223223222223322223322223
2222223322223322223232222223322223322223
2222223322223322223222222223322223322223
3333332322223322223233333332322223322223
3333332322223322223223333332322223322223
2333332322223322223232333332322223322223
2333332322223322223222333332322223322223
3233332322223322223233233332322223322223
3233332322223322223223233332322223322223
2233332322223322223232233332322223322223
2233332322223322223222233332322223322223
3323332322223322223233323332322223322223
3323332322223322223223323332322223322223
2323332322223322223232323332322223322223
2323332322223322223222323332322223322223
3223332322223322223233223332322223322223
3223332322223322223223223332322223322223
2223332322223322223232223332322223322223
2223332322223322223222223332322223322223
3332332322223322223233332332322223322223
3332332322223322223223332332322223322223
2332332322223322223232332332322223322223
2332332322223322223222332332322223322223
3232332322223322223233232332322223322223
3232332322223322223223232332322223322223
2232332322223322223232232332322223322223
2232332322223322223222232332322223322223
3322332322223322223233322332322223322223
3322332322223322223223322332322223322223
2322332322223322223232322332322223322223
2322332322223322223222322332322223322223
3222332322223322223233222332322223322223
3222332322223322223223222332322223322223
2222332322223322223232222332322223322223
2222332322223322223222222332322223322223
3333232322223322223233333232322223322223
3333232322223322223223333232322223322223
2333232322223322223232333232322223322223
2333232322223322223222333232322223322223
3233232322223322223233233232322223322223
3233232322223322223223233232322223322223
2233232322223322223232233232322223322223
2233232322223322223222233232322223322223
3323232322223322223233323232322223322223
3323232322223322223223323232322223322223
2323232322223322223232323232322223322223
2323232322223322223222323232322223322223
3223232322223322223233223232322223322223
3223232322223322223223223232322223322223
2223232322223322223232223232322223322223
2223232322223322223222223232322223322223
3332232322223322223233332232322223322223
3332232322223322223223332232322223322223
2332232322223322223232332232322223322223
2332232322223322223222332232322223322223
3232232322223322223233232232322223322223
3232232322223322223223232232322223322223
2232232322223322223232232232322223322223
2232232322223322223222232232322223322223
3322232322223322223233322232322223322223
3322232322223322223223322232322223322223
2322232322223322223232322232322223322223
2322232322223322223222322232322223322223
3222232322223322223233222232322223322223
3222232322223322223223222232322223322223
2222232322223322223232222232322223322223
2222232322223322223222222232322223322223
3333322322223322223233333322322223322223
3333322322223322223223333322322223322223
2333322322223322223232333322322223322223
2333322322223322223222333322322223322223
3233322322223322223233233322322223322223
3233322322223322223223233322322223322223
2233322322223322223232233322322223322223
2233322322223322223222233322322223322223
3323322322223322223233323322322223322223
3323322322223322223223323322322223322223
2323322322223322223232323322322223322223
2323322322223322223222323322322223322223
3223322322223322223233223322322223322223
3223322322223322223223223322322223322223
2223322322223322223232223322322223322223
2223322322223322223222223322322223322223
3332322322223322223233332322322223322223
3332322322223322223223332322322223322223
2332322322223322223232332322322223322223
2332322322223322223222332322322223322223
3232322322223322223233232322322223322223
3232322322223322223223232322322223322223
2232322322223322223232232322322223322223
2232322322223322223222232322322223322223
3322322322223322223233322322322223322223
3322322322223322223223322322322223322223
2322322322223322223232322322322223322223
2322322322223322223222322322322223322223
3222322322223322223233222322322223322223
3222322322223322223223222322322223322223
3222233222232232222332222322322223322223
2222322322223322223232222322322223322223
2222322322223322223222222322322223322223
3333222322223322223233333222322223322223
3333222322223322223223333222322223322223
2333222322223322223232333222322223322223
2333222322223322223222333222322223322223
3233222322223322223233233222322223322223
3233222322223322223223233222322223322223
2233222322223322223232233222322223322223
2233222322223322223222233222322223322223
3323222322223322223233323222322223322223
3323222322223322223223323222322223322223
2323222322223322223232323222322223322223
2323222322223322223222323222322223322223
3223222322223322223233223222322223322223
3223222322223322223223223222322223322223
2223222322223322223232223222322223322223
2223222322223322223222223222322223322223
3332222322223322223233332222322223322223
3332222322223322223223332222322223322223
2332222322223322223232332222322223322223
3232222322223322223233232222322223322223
3232222322223322223223232222322223322223
2232222322223322223232232222322223322223
2232222322223322223222232222322223322223
3322222322223322223233322222322223322223
3322222322223322223223322222322223322223
2322222322223322223232322222322223322223
2322222322223322223222322222322223322223
3222222322223322223233222222322223322223
3222222322223322223223222222322223322223
2222222322223322223232222222322223322223
2222222322223322223222222222322223322223
3323222233332322223233323222233332322223
3233323222232232333232222322323332322223
3332322223332322223233332322223332322223
3332322223332322223223332322223332322223
2332322223332322223232332322223332322223
2332322223332322223222332322223332322223
3232222332332322223233232222332332322223
3223323222232232233232222322322332322223
3333232222332322223233333232222332322223
3333232222332322223223333232222332322223
2333232222332322223232333232222332322223
2333232222332322223222333232222332322223
3233232222332322223233233232222332322223
3233232222332322223223233232222332322223
2233232222332322223232233232222332322223
2233232222332322223222233232222332322223
3323232222332322223233323232222332322223
3323232222332322223223323232222332322223
2323232222332322223232323232222332322223
2323232222332322223222323232222332322223
3223232222332322223233223232222332322223
3223232222332322223223223232222332322223
2223232222332322223232223232222332322223
2223232222332322223222223232222332322223
2323222233232322223232323222233232322223
3232323222232232323232222322323232322223
3232222332232322223223232222332232322223
3222323222232232223232222322322232322223
3223222233322322223233223222233322322223
3233223222232232332232222322323322322223
3322322223322322223233322322223322322223
3322322223322322223223322322223322322223
2322322223322322223232322322223322322223
2322322223322322223222322322223322322223
2232222332322322223232232222332322322223
3223223222232232232232222322322322322223
2223222322233222322223222322233222322223
3232223222232232322232222322323222322223
3332232222322223223222333332232222322223
3332232222322223223222323332232222322223
2332232222322223223222332332232222322223
2332232222322223223222322332232222322223
3232232222322223223222333232232222322223
3232232222322223223222323232232222322223
2232232222322223223222332232232222322223
2232232222322223223222322232232222322223
2232222323222322223222232322232222322223
3222223222232232222232222322322222322223
3332222233333222223233332222233333222223
3233332222232232333322222322323333222223
3333222223333222223233333222223333222223
3333222223333222223223333222223333222223
2333222223333222223232333222223333222223
2333222223333222223222333222223333222223
3322222332333222223233322222332333222223
3223332222232232233322222322322333222223
3333322222333222223233333322222333222223
3333322222333222223223333322222333222223
2333322222333222223232333322222333222223
2333322222333222223222333322222333222223
3233322222333222223233233322222333222223
3233322222333222223223233322222333222223
2233322222333222223232233322222333222223
2233322222333222223222233322222333222223
3323322222333222223233323322222333222223
3323322222333222223223323322222333222223
2323322222333222223232323322222333222223
2323322222333222223222323322222333222223
3223322222333222223233223322222333222223
3223322222333222223223223322222333222223
2223322222333222223232223322222333222223
2223322222333222223222223322222333222223
2332222233233222223232332222233233222223
3232332222232232323322222322323233222223
3322222332233222223223322222332233222223
3222332222232232223322222322322233222223
3333332222233222223233333332222233222223
3333332222233222223223333332222233222223
2333332222233222223232333332222233222223
2333332222233222223222333332222233222223
3233332222233222223233233332222233222223
3233332222233222223223233332222233222223
2233332222233222223232233332222233222223
2233332222233222223222233332222233222223
3323332222233222223233323332222233222223
3323332222233222223223323332222233222223
2323332222233222223232323332222233222223
2323332222233222223222323332222233222223
3223332222233222223233223332222233222223
3223332222233222223223223332222233222223
2223332222233222223232223332222233222223
2223332222233222223222223332222233222223
3332332222233222223233332332222233222223
3332332222233222223223332332222233222223
2332332222233222223232332332222233222223
2332332222233222223222332332222233222223
3232332222233222223233232332222233222223
3232332222233222223223232332222233222223
2232332222233222223232232332222233222223
2232332222233222223222232332222233222223
3322332222233222223233322332222233222223
3322332222233222223223322332222233222223
2322332222233222223232322332222233222223
2322332222233222223222322332222233222223
3222332222233222223233222332222233222223
3222332222233222223223222332222233222223
2222332222233222223232222332222233222223
2222332222233222223222222332222233222223
3333232222233222223233333232222233222223
3333232222233222223223333232222233222223
2333232222233222223232333232222233222223
2333232222233222223222333232222233222223
3233232222233222223233233232222233222223
3233232222233222223223233232222233222223
2233232222233222223232233232222233222223
2233232222233222223222233232222233222223
3323232222233222223233323232222233222223
3323232222233222223223323232222233222223
2323232222233222223232323232222233222223
2323232222233222223222323232222233222223
3223232222233222223233223232222233222223
3223232222233222223223223232222233222223
2223232222233222223232223232222233222223
2223232222233222223222223232222233222223
3332232222233222223233332232222233222223
3332232222233222223223332232222233222223
2332232222233222223232332232222233222223
2332232222233222223222332232222233222223
3232232222233222223233232232222233222223
3232232222233222223223232232222233222223
2232232222233222223232232232222233222223
2232232222233222223222232232222233222223
3322232222233222223233322232222233222223
3322232222233222223223322232222233222223
2322232222233222223232322232222233222223
2322232222233222223222322232222233222223
3222232222233222223233222232222233222223
3222232222233222223223222232222233222223
2222232222233222223232222232222233222223
2222232222233222223222222232222233222223
3232222233323222223233232222233323222223
3233232222232232332322222322323323222223
2222232223222332322222322232223323222223
3323222223323222223233323222223323222223
3323222223323222223223323222223323222223
2323222223323222223232323222223323222223
2323222223323222223222323222223323222223
2322222332323222223232322222332323222223
3223232222232232232322222322322323222223
2232222233223222223232232222233223222223
3232232222232232322322222322323223222223
2322222332223222223222322222332223222223
3222232222232232222322222322322223222223
2223222223222223223222332223222223222223
3322222233332222223233322222233332222223
3233322222232232333222222322323332222223
3332222223332222223233332222223332222223
3332222223332222223223332222223332222223
2332222223332222223232332222223332222223
2332222223332222223222332222223332222223
3222222332332222223233222222332332222223
3223322222232232233222222322322332222223
3333222222332222223233333222222332222223
3333222222332222223223333222222332222223
2333222222332222223232333222222332222223
2333222222332222223222333222222332222223
3233222222332222223233233222222332222223
3233222222332222223223233222222332222223
2233222222332222223232233222222332222223
2233222222332222223222233222222332222223
3323222222332222223233323222222332222223
3323222222332222223223323222222332222223
2323222222332222223232323222222332222223
2323222222332222223222323222222332222223
3223222222332222223233223222222332222223
3223222222332222223223223222222332222223
2223222222332222223232223222222332222223
2223222222332222223222223222222332222223
2322222233232222223232322222233232222223
3232322222232232323222222322323232222223
3222222332232222223223222222332232222223
3222322222232232223222222322322232222223
3222222233322222223233222222233322222223
3233222222232232332222222322323322222223
3322222223322222223233322222223322222223
3322222223322222223223322222223322222223
2322222223322222223232322222223322222223
2322222223322222223222322222223322222223
2222222332322222223232222222332322222223
3223222222232232232222222322322322222223
2222222233222222223232222222233222222223
3232222222232232322222222322323222222223
2222222332222222223222222222332222222223
3222222222232232222222222322322222222223
