*1:0:2 1
*2:2:2 2 2 3 1 
3:1:2 2 2 3 1 
*4:4:2 3 2 3 2 2 2 3 1 
5:4:2 2 3 2 3 2 2 2 3 1 
*6:8:2 2 2 3 2 2 2 3 2 2 2 3 3 2 1 
7:7:2 2 2 3 2 2 2 3 2 2 2 3 3 2 1 
*8:58:2 3 2 2 2 3 2 3 2 2 2 3 2 2 2 3 2 2 3 2 2 2 3 2 2 2 3 2 3 2 2 2 3 2 2 2 3 2 2 3 2 2 2 3 2 2 2 3 2 3 2 2 2 3 2 2 2 3 2 2 3 2 2 3 3 2 1 
*9:59:2 2 3 2 2 2 3 2 3 2 2 2 3 2 2 2 3 2 2 3 2 2 2 3 2 2 2 3 2 3 2 2 2 3 2 2 2 3 2 2 3 2 2 2 3 2 2 2 3 2 3 2 2 2 3 2 2 2 3 2 2 3 2 3 2 2 2 3 1 
*10:60:2 3 2 3 2 2 2 3 2 2 2 3 2 2 3 2 2 2 3 2 2 2 3 2 3 2 2 2 3 2 2 2 3 2 2 3 2 2 2 3 2 2 2 3 2 3 2 2 2 3 2 2 2 3 2 2 3 2 2 2 3 2 2 3 2 2 2 3 3 2 1 
*11:112:2 2 3 2 3 2 2 2 3 2 2 2 3 2 2 3 2 2 2 3 2 2 2 3 2 3 2 2 2 3 2 2 2 3 2 2 3 2 2 2 3 2 2 2 3 2 3 2 2 2 3 2 2 2 3 2 2 3 2 2 2 3 2 3 2 2 2 3 2 2 2 3 2 2 3 2 2 2 3 2 2 2 3 2 3 2 2 2 3 2 2 2 3 2 2 3 2 2 2 3 2 2 2 3 2 3 2 2 2 3 2 2 2 3 2 2 3 2 3 2 2 2 3 1 
12:111:2 2 3 2 3 2 2 2 3 2 2 2 3 2 2 3 2 2 2 3 2 2 2 3 2 3 2 2 2 3 2 2 2 3 2 2 3 2 2 2 3 2 2 2 3 2 3 2 2 2 3 2 2 2 3 2 2 3 2 2 2 3 2 3 2 2 2 3 2 2 2 3 2 2 3 2 2 2 3 2 2 2 3 2 3 2 2 2 3 2 2 2 3 2 2 3 2 2 2 3 2 2 2 3 2 3 2 2 2 3 2 2 2 3 2 2 3 2 3 2 2 2 3 1 
13:112:2 3 2 2 3 2 3 2 2 2 3 2 2 2 3 2 2 3 2 2 2 3 2 2 2 3 2 3 2 2 2 3 2 2 2 3 2 2 3 2 2 2 3 2 2 2 3 2 3 2 2 2 3 2 2 2 3 2 2 3 2 2 2 3 2 3 2 2 2 3 2 2 2 3 2 2 3 2 2 2 3 2 2 2 3 2 3 2 2 2 3 2 2 2 3 2 2 3 2 2 2 3 2 2 2 3 2 3 2 2 2 3 2 2 2 3 2 2 3 2 3 2 2 2 3 1 
*14:118:2 2 3 2 3 2 2 2 3 2 2 3 2 3 2 2 2 3 2 2 2 3 2 2 3 2 2 2 3 2 2 2 3 2 3 2 2 2 3 2 2 2 3 2 2 3 2 2 2 3 2 2 2 3 2 3 2 2 2 3 2 2 2 3 2 2 3 2 2 2 3 2 3 2 2 2 3 2 2 2 3 2 2 3 2 2 2 3 2 2 2 3 2 3 2 2 2 3 2 2 2 3 2 2 3 2 2 2 3 2 2 2 3 2 3 2 2 2 3 2 2 2 3 2 2 3 2 3 2 2 2 3 1 
15:118:2 2 2 3 2 3 2 2 2 3 2 2 3 2 3 2 2 2 3 2 2 2 3 2 2 3 2 2 2 3 2 2 2 3 2 3 2 2 2 3 2 2 2 3 2 2 3 2 2 2 3 2 2 2 3 2 3 2 2 2 3 2 2 2 3 2 2 3 2 2 2 3 2 3 2 2 2 3 2 2 2 3 2 2 3 2 2 2 3 2 2 2 3 2 3 2 2 2 3 2 2 2 3 2 2 3 2 2 2 3 2 2 2 3 2 3 2 2 2 3 2 2 2 3 2 2 3 2 3 2 2 2 3 1 
16:118:2 3 2 2 3 2 3 2 2 2 3 2 2 3 2 3 2 2 2 3 2 2 2 3 2 2 3 2 2 2 3 2 2 2 3 2 3 2 2 2 3 2 2 2 3 2 2 3 2 2 2 3 2 2 2 3 2 3 2 2 2 3 2 2 2 3 2 2 3 2 2 2 3 2 3 2 2 2 3 2 2 2 3 2 2 3 2 2 2 3 2 2 2 3 2 3 2 2 2 3 2 2 2 3 2 2 3 2 2 2 3 2 2 2 3 2 3 2 2 2 3 2 2 2 3 2 2 3 2 3 2 2 2 3 1 
17:118:2 3 2 2 2 3 2 3 2 2 2 3 2 2 3 2 3 2 2 2 3 2 2 2 3 2 2 3 2 2 2 3 2 2 2 3 2 3 2 2 2 3 2 2 2 3 2 2 3 2 2 2 3 2 2 2 3 2 3 2 2 2 3 2 2 2 3 2 2 3 2 2 2 3 2 3 2 2 2 3 2 2 2 3 2 2 3 2 2 2 3 2 2 2 3 2 3 2 2 2 3 2 2 2 3 2 2 3 2 2 2 3 2 2 2 3 2 3 2 2 2 3 2 2 2 3 2 2 3 2 3 2 2 2 3 1 
18:118:2 3 2 3 2 2 3 2 3 2 2 2 3 2 2 3 2 3 2 2 2 3 2 2 2 3 2 2 3 2 2 2 3 2 2 2 3 2 3 2 2 2 3 2 2 2 3 2 2 3 2 2 2 3 2 2 2 3 2 3 2 2 2 3 2 2 2 3 2 2 3 2 2 2 3 2 3 2 2 2 3 2 2 2 3 2 2 3 2 2 2 3 2 2 2 3 2 3 2 2 2 3 2 2 2 3 2 2 3 2 2 2 3 2 2 2 3 2 3 2 2 2 3 2 2 2 3 2 2 3 2 3 2 2 2 3 1 
*19:119:2 2 3 2 2 3 2 3 2 2 2 3 2 2 3 2 2 3 2 3 2 2 2 3 2 2 2 3 2 2 3 2 2 2 3 2 2 2 3 2 3 2 2 2 3 2 2 2 3 2 2 3 2 2 2 3 2 2 2 3 2 3 2 2 2 3 2 2 2 3 2 2 3 2 2 2 3 2 3 2 2 2 3 2 2 2 3 2 2 3 2 2 2 3 2 2 2 3 2 3 2 2 2 3 2 2 2 3 2 2 3 2 2 2 3 2 2 2 3 2 3 2 2 2 3 2 2 2 3 2 2 3 2 3 2 2 2 3 1 
20:119:2 2 2 3 2 2 3 2 3 2 2 2 3 2 2 3 2 2 3 2 3 2 2 2 3 2 2 2 3 2 2 3 2 2 2 3 2 2 2 3 2 3 2 2 2 3 2 2 2 3 2 2 3 2 2 2 3 2 2 2 3 2 3 2 2 2 3 2 2 2 3 2 2 3 2 2 2 3 2 3 2 2 2 3 2 2 2 3 2 2 3 2 2 2 3 2 2 2 3 2 3 2 2 2 3 2 2 2 3 2 2 3 2 2 2 3 2 2 2 3 2 3 2 2 2 3 2 2 2 3 2 2 3 2 3 2 2 2 3 1 
21:119:2 3 2 2 3 2 2 3 2 3 2 2 2 3 2 2 3 2 2 3 2 3 2 2 2 3 2 2 2 3 2 2 3 2 2 2 3 2 2 2 3 2 3 2 2 2 3 2 2 2 3 2 2 3 2 2 2 3 2 2 2 3 2 3 2 2 2 3 2 2 2 3 2 2 3 2 2 2 3 2 3 2 2 2 3 2 2 2 3 2 2 3 2 2 2 3 2 2 2 3 2 3 2 2 2 3 2 2 2 3 2 2 3 2 2 2 3 2 2 2 3 2 3 2 2 2 3 2 2 2 3 2 2 3 2 3 2 2 2 3 1 
*22:120:2 3 2 2 3 2 2 3 2 3 2 2 2 3 2 3 2 2 3 2 2 3 2 3 2 2 2 3 2 2 2 3 2 2 3 2 2 2 3 2 2 2 3 2 3 2 2 2 3 2 2 2 3 2 2 3 2 2 2 3 2 2 2 3 2 3 2 2 2 3 2 2 2 3 2 2 3 2 2 2 3 2 3 2 2 2 3 2 2 2 3 2 2 3 2 2 2 3 2 2 2 3 2 3 2 2 2 3 2 2 2 3 2 2 3 2 2 2 3 2 2 2 3 2 3 2 2 2 3 2 2 2 3 2 2 3 2 3 2 2 2 3 1 
23:120:2 2 3 2 2 3 2 2 3 2 3 2 2 2 3 2 3 2 2 3 2 2 3 2 3 2 2 2 3 2 2 2 3 2 2 3 2 2 2 3 2 2 2 3 2 3 2 2 2 3 2 2 2 3 2 2 3 2 2 2 3 2 2 2 3 2 3 2 2 2 3 2 2 2 3 2 2 3 2 2 2 3 2 3 2 2 2 3 2 2 2 3 2 2 3 2 2 2 3 2 2 2 3 2 3 2 2 2 3 2 2 2 3 2 2 3 2 2 2 3 2 2 2 3 2 3 2 2 2 3 2 2 2 3 2 2 3 2 3 2 2 2 3 1 
24:120:2 3 2 3 2 2 3 2 2 3 2 3 2 2 2 3 2 3 2 2 3 2 2 3 2 3 2 2 2 3 2 2 2 3 2 2 3 2 2 2 3 2 2 2 3 2 3 2 2 2 3 2 2 2 3 2 2 3 2 2 2 3 2 2 2 3 2 3 2 2 2 3 2 2 2 3 2 2 3 2 2 2 3 2 3 2 2 2 3 2 2 2 3 2 2 3 2 2 2 3 2 2 2 3 2 3 2 2 2 3 2 2 2 3 2 2 3 2 2 2 3 2 2 2 3 2 3 2 2 2 3 2 2 2 3 2 2 3 2 3 2 2 2 3 1 
25:120:2 2 3 2 3 2 2 3 2 2 3 2 3 2 2 2 3 2 3 2 2 3 2 2 3 2 3 2 2 2 3 2 2 2 3 2 2 3 2 2 2 3 2 2 2 3 2 3 2 2 2 3 2 2 2 3 2 2 3 2 2 2 3 2 2 2 3 2 3 2 2 2 3 2 2 2 3 2 2 3 2 2 2 3 2 3 2 2 2 3 2 2 2 3 2 2 3 2 2 2 3 2 2 2 3 2 3 2 2 2 3 2 2 2 3 2 2 3 2 2 2 3 2 2 2 3 2 3 2 2 2 3 2 2 2 3 2 2 3 2 3 2 2 2 3 1 
26:120:2 3 2 3 2 3 2 2 3 2 2 3 2 3 2 2 2 3 2 3 2 2 3 2 2 3 2 3 2 2 2 3 2 2 2 3 2 2 3 2 2 2 3 2 2 2 3 2 3 2 2 2 3 2 2 2 3 2 2 3 2 2 2 3 2 2 2 3 2 3 2 2 2 3 2 2 2 3 2 2 3 2 2 2 3 2 3 2 2 2 3 2 2 2 3 2 2 3 2 2 2 3 2 2 2 3 2 3 2 2 2 3 2 2 2 3 2 2 3 2 2 2 3 2 2 2 3 2 3 2 2 2 3 2 2 2 3 2 2 3 2 3 2 2 2 3 1 
27:120:2 3 2 2 3 2 3 2 2 3 2 2 3 2 3 2 2 2 3 2 3 2 2 3 2 2 3 2 3 2 2 2 3 2 2 2 3 2 2 3 2 2 2 3 2 2 2 3 2 3 2 2 2 3 2 2 2 3 2 2 3 2 2 2 3 2 2 2 3 2 3 2 2 2 3 2 2 2 3 2 2 3 2 2 2 3 2 3 2 2 2 3 2 2 2 3 2 2 3 2 2 2 3 2 2 2 3 2 3 2 2 2 3 2 2 2 3 2 2 3 2 2 2 3 2 2 2 3 2 3 2 2 2 3 2 2 2 3 2 2 3 2 3 2 2 2 3 1 
28:120:2 3 2 3 2 3 2 2 3 2 2 3 2 3 2 2 2 3 2 3 2 3 2 2 3 2 2 3 2 3 2 2 2 3 2 2 2 3 2 2 3 2 2 2 3 2 2 2 3 2 3 2 2 2 3 2 2 2 3 2 2 3 2 2 2 3 2 2 2 3 2 3 2 2 2 3 2 2 2 3 2 2 3 2 2 2 3 2 3 2 2 2 3 2 2 2 3 2 2 3 2 2 2 3 2 2 2 3 2 3 2 2 2 3 2 2 2 3 2 2 3 2 2 2 3 2 2 2 3 2 3 2 2 2 3 2 2 2 3 2 2 3 2 3 2 2 2 3 1 
29:120:2 3 2 3 2 2 3 2 3 2 2 3 2 2 3 2 3 2 2 2 3 2 3 2 2 3 2 2 3 2 3 2 2 2 3 2 2 2 3 2 2 3 2 2 2 3 2 2 2 3 2 3 2 2 2 3 2 2 2 3 2 2 3 2 2 2 3 2 2 2 3 2 3 2 2 2 3 2 2 2 3 2 2 3 2 2 2 3 2 3 2 2 2 3 2 2 2 3 2 2 3 2 2 2 3 2 2 2 3 2 3 2 2 2 3 2 2 2 3 2 2 3 2 2 2 3 2 2 2 3 2 3 2 2 2 3 2 2 2 3 2 2 3 2 3 2 2 2 3 1 
30:120:2 3 2 3 2 3 2 2 2 3 2 2 3 2 2 3 2 3 2 2 2 3 2 3 2 2 3 2 2 3 2 3 2 2 2 3 2 2 2 3 2 2 3 2 2 2 3 2 2 2 3 2 3 2 2 2 3 2 2 2 3 2 2 3 2 2 2 3 2 2 2 3 2 3 2 2 2 3 2 2 2 3 2 2 3 2 2 2 3 2 3 2 2 2 3 2 2 2 3 2 2 3 2 2 2 3 2 2 2 3 2 3 2 2 2 3 2 2 2 3 2 2 3 2 2 2 3 2 2 2 3 2 3 2 2 2 3 2 2 2 3 2 2 3 2 3 2 2 2 3 1 
31:120:2 3 2 3 2 3 2 2 3 2 3 2 2 3 2 2 3 2 3 2 2 2 3 2 3 2 2 3 2 2 3 2 3 2 2 2 3 2 2 2 3 2 2 3 2 2 2 3 2 2 2 3 2 3 2 2 2 3 2 2 2 3 2 2 3 2 2 2 3 2 2 2 3 2 3 2 2 2 3 2 2 2 3 2 2 3 2 2 2 3 2 3 2 2 2 3 2 2 2 3 2 2 3 2 2 2 3 2 2 2 3 2 3 2 2 2 3 2 2 2 3 2 2 3 2 2 2 3 2 2 2 3 2 3 2 2 2 3 2 2 2 3 2 2 3 2 3 2 2 2 3 1 
32:120:2 3 2 3 2 3 2 2 2 3 2 3 2 2 3 2 2 3 2 3 2 2 2 3 2 3 2 2 3 2 2 3 2 3 2 2 2 3 2 2 2 3 2 2 3 2 2 2 3 2 2 2 3 2 3 2 2 2 3 2 2 2 3 2 2 3 2 2 2 3 2 2 2 3 2 3 2 2 2 3 2 2 2 3 2 2 3 2 2 2 3 2 3 2 2 2 3 2 2 2 3 2 2 3 2 2 2 3 2 2 2 3 2 3 2 2 2 3 2 2 2 3 2 2 3 2 2 2 3 2 2 2 3 2 3 2 2 2 3 2 2 2 3 2 2 3 2 3 2 2 2 3 1 
33:120:2 3 2 3 2 3 2 2 3 2 3 2 3 2 2 3 2 2 3 2 3 2 2 2 3 2 3 2 2 3 2 2 3 2 3 2 2 2 3 2 2 2 3 2 2 3 2 2 2 3 2 2 2 3 2 3 2 2 2 3 2 2 2 3 2 2 3 2 2 2 3 2 2 2 3 2 3 2 2 2 3 2 2 2 3 2 2 3 2 2 2 3 2 3 2 2 2 3 2 2 2 3 2 2 3 2 2 2 3 2 2 2 3 2 3 2 2 2 3 2 2 2 3 2 2 3 2 2 2 3 2 2 2 3 2 3 2 2 2 3 2 2 2 3 2 2 3 2 3 2 2 2 3 1 
34:120:2 3 2 3 2 3 2 2 3 2 3 2 2 3 2 2 3 2 3 2 2 2 3 2 2 3 2 3 2 2 3 2 2 3 2 3 2 2 2 3 2 2 2 3 2 2 3 2 2 2 3 2 2 2 3 2 3 2 2 2 3 2 2 2 3 2 2 3 2 2 2 3 2 2 2 3 2 3 2 2 2 3 2 2 2 3 2 2 3 2 2 2 3 2 3 2 2 2 3 2 2 2 3 2 2 3 2 2 2 3 2 2 2 3 2 3 2 2 2 3 2 2 2 3 2 2 3 2 2 2 3 2 2 2 3 2 3 2 2 2 3 2 2 2 3 2 2 3 2 3 2 2 2 3 1 
35:120:2 3 2 3 2 3 2 2 3 2 3 2 3 2 2 3 2 2 3 2 3 2 2 2 3 2 3 2 3 2 2 3 2 2 3 2 3 2 2 2 3 2 2 2 3 2 2 3 2 2 2 3 2 2 2 3 2 3 2 2 2 3 2 2 2 3 2 2 3 2 2 2 3 2 2 2 3 2 3 2 2 2 3 2 2 2 3 2 2 3 2 2 2 3 2 3 2 2 2 3 2 2 2 3 2 2 3 2 2 2 3 2 2 2 3 2 3 2 2 2 3 2 2 2 3 2 2 3 2 2 2 3 2 2 2 3 2 3 2 2 2 3 2 2 2 3 2 2 3 2 3 2 2 2 3 1 
36:120:2 3 2 3 2 3 2 2 3 2 3 2 2 3 2 3 2 2 3 2 2 3 2 3 2 2 2 3 2 3 2 2 3 2 2 3 2 3 2 2 2 3 2 2 2 3 2 2 3 2 2 2 3 2 2 2 3 2 3 2 2 2 3 2 2 2 3 2 2 3 2 2 2 3 2 2 2 3 2 3 2 2 2 3 2 2 2 3 2 2 3 2 2 2 3 2 3 2 2 2 3 2 2 2 3 2 2 3 2 2 2 3 2 2 2 3 2 3 2 2 2 3 2 2 2 3 2 2 3 2 2 2 3 2 2 2 3 2 3 2 2 2 3 2 2 2 3 2 2 3 2 3 2 2 2 3 1 
37:120:2 3 2 3 2 3 2 2 3 2 3 2 3 2 2 2 3 2 2 3 2 2 3 2 3 2 2 2 3 2 3 2 2 3 2 2 3 2 3 2 2 2 3 2 2 2 3 2 2 3 2 2 2 3 2 2 2 3 2 3 2 2 2 3 2 2 2 3 2 2 3 2 2 2 3 2 2 2 3 2 3 2 2 2 3 2 2 2 3 2 2 3 2 2 2 3 2 3 2 2 2 3 2 2 2 3 2 2 3 2 2 2 3 2 2 2 3 2 3 2 2 2 3 2 2 2 3 2 2 3 2 2 2 3 2 2 2 3 2 3 2 2 2 3 2 2 2 3 2 2 3 2 3 2 2 2 3 1 
38:120:2 3 2 3 2 3 2 2 3 2 3 2 3 2 2 3 2 3 2 2 3 2 2 3 2 3 2 2 2 3 2 3 2 2 3 2 2 3 2 3 2 2 2 3 2 2 2 3 2 2 3 2 2 2 3 2 2 2 3 2 3 2 2 2 3 2 2 2 3 2 2 3 2 2 2 3 2 2 2 3 2 3 2 2 2 3 2 2 2 3 2 2 3 2 2 2 3 2 3 2 2 2 3 2 2 2 3 2 2 3 2 2 2 3 2 2 2 3 2 3 2 2 2 3 2 2 2 3 2 2 3 2 2 2 3 2 2 2 3 2 3 2 2 2 3 2 2 2 3 2 2 3 2 3 2 2 2 3 1 
39:120:2 3 2 3 2 3 2 2 3 2 3 2 3 2 2 2 3 2 3 2 2 3 2 2 3 2 3 2 2 2 3 2 3 2 2 3 2 2 3 2 3 2 2 2 3 2 2 2 3 2 2 3 2 2 2 3 2 2 2 3 2 3 2 2 2 3 2 2 2 3 2 2 3 2 2 2 3 2 2 2 3 2 3 2 2 2 3 2 2 2 3 2 2 3 2 2 2 3 2 3 2 2 2 3 2 2 2 3 2 2 3 2 2 2 3 2 2 2 3 2 3 2 2 2 3 2 2 2 3 2 2 3 2 2 2 3 2 2 2 3 2 3 2 2 2 3 2 2 2 3 2 2 3 2 3 2 2 2 3 1 
40:120:2 3 2 3 2 3 2 2 3 2 3 2 3 2 2 3 2 3 2 3 2 2 3 2 2 3 2 3 2 2 2 3 2 3 2 2 3 2 2 3 2 3 2 2 2 3 2 2 2 3 2 2 3 2 2 2 3 2 2 2 3 2 3 2 2 2 3 2 2 2 3 2 2 3 2 2 2 3 2 2 2 3 2 3 2 2 2 3 2 2 2 3 2 2 3 2 2 2 3 2 3 2 2 2 3 2 2 2 3 2 2 3 2 2 2 3 2 2 2 3 2 3 2 2 2 3 2 2 2 3 2 2 3 2 2 2 3 2 2 2 3 2 3 2 2 2 3 2 2 2 3 2 2 3 2 3 2 2 2 3 1 
41:120:2 3 2 3 2 3 2 2 3 2 3 2 3 2 2 3 2 3 2 2 3 2 2 3 2 3 2 2 2 3 2 2 3 2 3 2 2 3 2 2 3 2 3 2 2 2 3 2 2 2 3 2 2 3 2 2 2 3 2 2 2 3 2 3 2 2 2 3 2 2 2 3 2 2 3 2 2 2 3 2 2 2 3 2 3 2 2 2 3 2 2 2 3 2 2 3 2 2 2 3 2 3 2 2 2 3 2 2 2 3 2 2 3 2 2 2 3 2 2 2 3 2 3 2 2 2 3 2 2 2 3 2 2 3 2 2 2 3 2 2 2 3 2 3 2 2 2 3 2 2 2 3 2 2 3 2 3 2 2 2 3 1 
42:120:2 3 2 3 2 3 2 2 3 2 3 2 3 2 2 3 2 3 2 3 2 2 3 2 2 3 2 3 2 2 2 3 2 3 2 3 2 2 3 2 2 3 2 3 2 2 2 3 2 2 2 3 2 2 3 2 2 2 3 2 2 2 3 2 3 2 2 2 3 2 2 2 3 2 2 3 2 2 2 3 2 2 2 3 2 3 2 2 2 3 2 2 2 3 2 2 3 2 2 2 3 2 3 2 2 2 3 2 2 2 3 2 2 3 2 2 2 3 2 2 2 3 2 3 2 2 2 3 2 2 2 3 2 2 3 2 2 2 3 2 2 2 3 2 3 2 2 2 3 2 2 2 3 2 2 3 2 3 2 2 2 3 1 
43:120:2 3 2 3 2 3 2 2 3 2 3 2 3 2 2 3 2 3 2 2 3 2 3 2 2 3 2 2 3 2 3 2 2 2 3 2 3 2 2 3 2 2 3 2 3 2 2 2 3 2 2 2 3 2 2 3 2 2 2 3 2 2 2 3 2 3 2 2 2 3 2 2 2 3 2 2 3 2 2 2 3 2 2 2 3 2 3 2 2 2 3 2 2 2 3 2 2 3 2 2 2 3 2 3 2 2 2 3 2 2 2 3 2 2 3 2 2 2 3 2 2 2 3 2 3 2 2 2 3 2 2 2 3 2 2 3 2 2 2 3 2 2 2 3 2 3 2 2 2 3 2 2 2 3 2 2 3 2 3 2 2 2 3 1 
44:120:2 3 2 3 2 3 2 2 3 2 3 2 3 2 2 3 2 3 2 3 2 2 2 3 2 2 3 2 2 3 2 3 2 2 2 3 2 3 2 2 3 2 2 3 2 3 2 2 2 3 2 2 2 3 2 2 3 2 2 2 3 2 2 2 3 2 3 2 2 2 3 2 2 2 3 2 2 3 2 2 2 3 2 2 2 3 2 3 2 2 2 3 2 2 2 3 2 2 3 2 2 2 3 2 3 2 2 2 3 2 2 2 3 2 2 3 2 2 2 3 2 2 2 3 2 3 2 2 2 3 2 2 2 3 2 2 3 2 2 2 3 2 2 2 3 2 3 2 2 2 3 2 2 2 3 2 2 3 2 3 2 2 2 3 1 
45:120:2 3 2 3 2 3 2 2 3 2 3 2 3 2 2 3 2 3 2 3 2 2 3 2 3 2 2 3 2 2 3 2 3 2 2 2 3 2 3 2 2 3 2 2 3 2 3 2 2 2 3 2 2 2 3 2 2 3 2 2 2 3 2 2 2 3 2 3 2 2 2 3 2 2 2 3 2 2 3 2 2 2 3 2 2 2 3 2 3 2 2 2 3 2 2 2 3 2 2 3 2 2 2 3 2 3 2 2 2 3 2 2 2 3 2 2 3 2 2 2 3 2 2 2 3 2 3 2 2 2 3 2 2 2 3 2 2 3 2 2 2 3 2 2 2 3 2 3 2 2 2 3 2 2 2 3 2 2 3 2 3 2 2 2 3 1 
46:120:2 3 2 3 2 3 2 2 3 2 3 2 3 2 2 3 2 3 2 3 2 2 2 3 2 3 2 2 3 2 2 3 2 3 2 2 2 3 2 3 2 2 3 2 2 3 2 3 2 2 2 3 2 2 2 3 2 2 3 2 2 2 3 2 2 2 3 2 3 2 2 2 3 2 2 2 3 2 2 3 2 2 2 3 2 2 2 3 2 3 2 2 2 3 2 2 2 3 2 2 3 2 2 2 3 2 3 2 2 2 3 2 2 2 3 2 2 3 2 2 2 3 2 2 2 3 2 3 2 2 2 3 2 2 2 3 2 2 3 2 2 2 3 2 2 2 3 2 3 2 2 2 3 2 2 2 3 2 2 3 2 3 2 2 2 3 1 
47:120:2 3 2 3 2 3 2 2 3 2 3 2 3 2 2 3 2 3 2 3 2 2 3 2 3 2 2 3 2 2 3 2 3 2 2 2 3 2 3 2 3 2 2 3 2 2 3 2 3 2 2 2 3 2 2 2 3 2 2 3 2 2 2 3 2 2 2 3 2 3 2 2 2 3 2 2 2 3 2 2 3 2 2 2 3 2 2 2 3 2 3 2 2 2 3 2 2 2 3 2 2 3 2 2 2 3 2 3 2 2 2 3 2 2 2 3 2 2 3 2 2 2 3 2 2 2 3 2 3 2 2 2 3 2 2 2 3 2 2 3 2 2 2 3 2 2 2 3 2 3 2 2 2 3 2 2 2 3 2 2 3 2 3 2 2 2 3 1 
*48:131:2 2 3 2 2 3 2 3 2 2 2 3 2 2 2 3 2 2 3 2 2 2 3 2 2 3 2 3 2 2 2 3 2 2 2 3 2 2 3 2 2 2 3 2 2 3 2 3 2 2 2 3 2 2 2 3 2 2 3 2 3 2 2 2 3 2 2 2 3 2 2 3 2 2 2 3 2 2 2 3 2 3 2 2 2 3 2 2 2 3 2 2 3 2 2 2 3 2 2 2 3 2 3 2 2 2 3 2 2 2 3 2 2 3 2 2 2 3 2 3 2 2 2 3 2 2 2 3 2 2 3 2 2 2 3 2 2 2 3 2 3 2 2 2 3 2 2 2 3 2 2 3 2 2 2 3 2 2 2 3 2 3 2 2 2 3 2 2 2 3 2 2 3 2 3 2 2 2 3 1 
