2222222223222222222223222222222223
2222222223232222222223232222222223
2222222232222222222232222222222232
2222222232232222222232232222222232
2222222233222222222233222222222233
2222222322232222222232223222222223
2222222322233222222232223322222223
2222222332222222222332222222222332
2222223222322222223222322222223222
2222223222323222222322232322222232
2222223222332222223222332222223222
2222223232222222223232222222223232
2222223322222223322222223322222223
2222223332222222223332222222223332
2222223332222223332222223332222223
2222232223223222223222322322222322
2222232223232222232223232222232223
2222232233222222232233222222232233
2222232322222232322222232322222232
2222232322232222223232223222222323
2222232323322222232323322222232323
2222232332222222232332222222232332
2222232332222232332222232332222232
2222233222322222223322232222222332
2222233222323222223322232322222332
2222233223222222233223222222233223
2222233232222222233232222222233232
2222233322222233322222233322222233
2222233332222222233332222222233332
2222233332222233332222233332222233
2222322223222222322223222222322223
2222322223232222322223232222322223
2222322232232222322232232222322232
2222322233222222322233222222322233
2222322322222322322222322322222322
2222322322232222232232223222223223
2222322322233222232232223322223223
2222322323222222322323222222322323
2222322332222322332222322332222322
2222323222322222323222322222323222
2222323222323222232322232322223232
2222323223222222323223222222323223
2222323322222323322222323322222323
2222323322232222232332223222223233
2222323332222222323332222222323332
2222323332222323332222323332222323
2222332223222222233222322222223322
2222332223222222332223222222332223
2222332223223222233222322322223322
2222332223232222332223232222332223
2222332233222222332233222222332233
2222332322222332322222332322222332
2222332322232222233232223222223323
2222332332222222332332222222332332
2222332332222332332222332332222332
2222333222322222233322232222223332
2222333222322222333222322222333222
2222333222323222233322232322223332
2222333223222222333223222222333223
2222333232222222333232222222333232
2222333332222222333332222222333332
2223222223232223222223232223222223
2223222232222223222232222223222232
2223222232232223222232232223222232
2223222233222223222233222223222233
2223222322223222322223222322223222
2223222322233222223222322233222223
2223222322322232322232223223222323
2223222322323222322232232322232223
2223222323222322322232223232223223
2223222323223222322232322322232223
2223222323232223222323232223222323
2223222332222223222332222223222332
2223222332223222332223222332223222
2223223222322223223222322223223222
2223223222323222322322232322232232
2223223222332223223222332223223222
2223223322223223322223223322223223
2223223322233222322332223322232233
2223223332222223223332222223223332
2223223332223223332223223332223223
2223232223222222323222322222232322
2223232223223222323222322322232322
2223232232232223232232232223232232
2223232233222223232233222223232233
2223232322223232322223232322223232
2223232332222223232332222223232332
2223232332223232332223232332223232
2223233222322222323322232222232332
2223233222322223233222322223233222
2223233222332223233222332223233222
2223233223222223233223222223233223
2223233232222223233232222223233232
2223233322223233322223233322223233
2223233332222223233332222223233332
2223233332223233332223233332223233
2223322223222223322223222223322223
2223322223232223322223232223322223
2223322232222223322232222223322232
2223322232223222233222322232222332
2223322232232223322232232223322232
2223322233222223322233222223322233
2223322233232223322233232223322233
2223322322223322322223322322223322
2223322322232222332232223222233223
2223322322233222332232223322233223
2223322332223322332223322332223322
2223323222322223323222322223323222
2223323222323222332322232322233232
2223323223222223323223222223323223
2223323322223323322223323322223323
2223323322232222332332223222233233
2223323332222223323332222223323332
2223323332223323332223323332223323
2223332223222222333222322222233322
2223332223222223332223222223332223
2223332223223222333222322322233322
2223332223232223332223232223332223
2223332233222223332233222223332233
2223332322223332322223332322223332
2223332322232222333232223222233323
2223332332222223332332222223332332
2223332332223332332223332332223332
2223333222322222333322232222233332
2223333222322223333222322223333222
2223333222323222333322232322233332
2223333223222223333223222223333223
2223333232222223333232222223333232
2223333332222223333332222223333332
2232222223222232222223222232222223
2232222223232232222223232232222223
2232222232232232222232232232222232
2232222233222232222233222232222233
2232222322232223222232223222322223
2232222322233223222232223322322223
2232222332222232222332222232222332
2232223222323232232223222323232232
2232223222323322322232223233223222
2232223222332222232223222332222232
2232223222332222322232223322223222
2232223222332232223222332232223222
2232223223222322232322232223223222
2232223223232232223223232232223223
2232223232222232223232222232223232
2232223232223222322322232223232223
2232223232232232223232232232223232
2232223322232223322232223322232223
2232223332222232223332222232223332
2232223332232223332232223332232223
2232232223222323222322232232223222
2232232223232232232223232232232223
2232232232322232232232322232232232
2232232233222232232233222232232233
2232232322232223223232223222322323
2232232322232232322232232322232232
2232232322232322322323222323223223
2232232323322232232323322232232323
2232232332222232232332222232232332
2232232332232232332232232332232232
2232233222322223223322232222322332
2232233222323223223322232322322332
2232233223222232233223222232233223
2232233232222232233232222232233232
2232233322232233322232233322232233
2232233332222232233332222232233332
2232233332232233332232233332232233
2232322223222232322223222232322223
2232322223232232322223232232322223
2232322232222232322232222232322232
2232322232223222323222322232223232
2232322232223223222322232322232223
2232322232223322323222322233223232
2232322232232232322232232232322232
2232322233222232322233222232322233
2232322322232223232232223222323223
2232322322232322322232322322232322
2232322322233223232232223322323223
2232322323222232322323222232322323
2232322332232322332232322332232322
2232323222322232323222322232323222
2232323223222232323223222232323223
2232323322232223232332223222323233
2232323322232323322232323322232323
2232323332222232323332222232323332
2232323332232323332232323332232323
2232332223222223233222322222323322
2232332223222232332223222232332223
2232332223223223233222322322323322
2232332233222232332233222232332233
2232332322232223233232223222323323
2232332322232332322232332322232332
2232332332222232332332222232332332
2232332332232332332232332332232332
2232333222322223233322232222323332
2232333222322232333222322232333222
2232333222323223233322232322323332
2232333223222232333223222232333223
2232333232222232333232222232333232
2232333332222232333332222232333332
2233222223222233222223222233222223
2233222223232233222223232233222223
2233222232222233222232222233222232
2233222232232233222232232233222232
2233222322232223322232223222332223
2233222322232232233222322232232233
2233222322232322332223222323223322
2233222322233222322233222322233222
2233222322233223322232223322332223
2233222332222233222332222233222332
2233222332233222332233222332233222
2233223222322233223222322233223222
2233223222323223322322232322332232
2233223222332233223222332233223222
2233223223232233223223232233223223
2233223232222233223232222233223232
2233223233222233223233222233223233
2233223322233223322233223322233223
2233223332233223332233223332233223
2233232223222223323222322222332322
2233232223223223323222322322332322
2233232223232233232223232233232223
2233232322233232322233232322233232
2233232323322233232323322233232323
2233232332222233232332222233232332
2233232332233232332233232332233232
2233233222322223323322232222332332
2233233222322233233222322233233222
2233233222323223323322232322332332
2233233223222233233223222233233223
2233233232222233233232222233233232
2233233322233233322233233322233233
2233233332222233233332222233233332
2233233332233233332233233332233233
2233322223222233322223222233322223
2233322223232233322223232233322223
2233322232222233322232222233322232
2233322232223222333222322232223332
2233322232223322333222322233223332
2233322232232233322232232233322232
2233322233222233322233222233322233
2233322322232223332232223222333223
2233322322233223332232223322333223
2233322322233322322233322322233322
2233322332233322332233322332233322
2233323222322233323222322233323222
2233323222323223332322232322333232
2233323223222233323223222233323223
2233323322232223332332223222333233
2233323322233323322233323322233323
2233323332222233323332222233323332
2233323332233323332233323332233323
2233332223222223333222322222333322
2233332223222233332223222233332223
2233332223223223333222322322333322
2233332223232233332223232233332223
2233332233222233332233222233332233
2233332322232223333232223222333323
2233332322233332322233332322233332
2233332332222233332332222233332332
2233332332233332332233332332233332
2233333222322223333322232222333332
2233333222322233333222322233333222
2233333222323223333322232322333332
2233333223222233333223222233333223
2233333232222233333232222233333232
2233333332222233333332222233333332
2322222223222322222223222322222223
2322222223232322222223232322222223
2322222232222322222232222322222232
2322222232232322222232232322222232
2322222233222322222233222322222233
2322222322232232222232223223222223
2322222322233232222232223323222223
2322222332222322222332222322222332
2322223222322322223222322322223222
2322223222323232222322232323222232
2322223222332322223222332322223222
2322223232222322223232222322223232
2322223322322223322322223322322223
2322223332222322223332222322223332
2322223332322223332322223332322223
2322232223223223232223222322322323
2322232223223232322232223223232322
2322232223223323222322232233232223
2322232223232223222322322232223232
2322232223232232223222323223222322
2322232223232322232223232322232223
2322232223322223222322233222232223
2322232223322232223222332223222322
2322232232222322232232222322232232
2322232233222322232233222322232233
2322232322232232223232223223222323
2322232322233232223232223323222323
2322232322322232322322232322322232
2322232323322322232323322322232323
2322232332222322232332222322232332
2322232332322232332322232332322232
2322233222322232223322232223222332
2322233222323232223322232323222332
2322233223222322233223222322233223
2322233232222322233232222322233232
2322233322322233322322233322322233
2322233332222322233332222322233332
2322233332322233332322233332322233
2322322223222322322223222322322223
2322322223232322322223232322322223
2322322232223323223222322233232232
2322322232232322322232232322322232
2322322233222322322233222322322233
2322322323222322322323222322322323
2322322332322322332322322332322322
2322323222322322323222322322323222
2322323222323232232322232323223232
2322323223222322323223222322323223
2322323322232232232332223223223233
2322323322322323322322323322322323
2322323332222322323332222322323332
2322323332322323332322323332322323
2322332223222232233222322223223322
2322332223222322332223222322332223
2322332223223232233222322323223322
2322332223232322332223232322332223
2322332233222322332233222322332233
2322332322232232233232223223223323
2322332322322332322322332322322332
2322332332222322332332222322332332
2322332332322332332322332332322332
2322333222322232233322232223223332
2322333222322322333222322322333222
2322333222323232233322232323223332
2322333223222322333223222322333223
2322333232222322333232222322333232
2322333332222322333332222322333332
2323222223222323222223222323222223
2323222223232323222223232323222223
2323222232222323222232222323222232
2323222232232323222232232323222232
2323222233222323222233222323222233
2323222322232223232223222322232322
2323222322232232322232223223232223
2323222322232323232223222323232322
2323222322233232322232223323232223
2323222322323222322323222322323222
2323222323232323222323232323222323
2323222332222323222332222323222332
2323222332323222332323222332323222
2323223222322323223222322323223222
2323223222323232322322232323232232
2323223222332323223222332323223222
2323223322323223322323223322323223
2323223323222323223323222323223323
2323223332222323223332222323223332
2323223332323223332323223332323223
2323232223222232323222322223232322
2323232223223232323222322323232322
2323232223232323232223232323232223
2323232233222323232233222323232233
2323232332222323232332222323232332
2323233222322223232332223222232323
2323233222322232323322232223232332
2323233222322323233222322323233222
2323233222323232323322232323232332
2323233223222323233223222323233223
2323233232222323233232222323233232
2323233322323233322323233322323233
2323233332222323233332222323233332
2323233332323233332323233332323233
2323322223222323322223222323322223
2323322223232323322223232323322223
2323322232222323322232222323322232
2323322232223223233222322232232332
2323322232223323233222322233232332
2323322232232323322232232323322232
2323322233222323322233222323322233
2323322322232232332232223223233223
2323322322233232332232223323233223
2323322322323322322323322322323322
2323322332323322332323322332323322
2323323222322323323222322323323222
2323323222323232332322232323233232
2323323223222323323223222323323223
2323323322232232332332223223233233
2323323322323323322323323322323323
2323323332222323323332222323323332
2323323332323323332323323332323323
2323332223222232333222322223233322
2323332223222323332223222323332223
2323332223223232333222322323233322
2323332223232323332223232323332223
2323332233222323332233222323332233
2323332322232232333232223223233323
2323332322323332322323332322323332
2323332332222323332332222323332332
2323332332323332332323332332323332
2323333222322232333322232223233332
2323333222322323333222322323333222
2323333222323232333322232323233332
2323333223222323333223222323333223
2323333232222323333232222323333232
2323333332222323333332222323333332
2332222223222332222223222332222223
2332222223232332222223232332222223
2332222232222332222232222332222232
2332222232232332222232232332222232
2332222233222332222233222332222233
2332222322232233222232223223322223
2332222322233233222232223323322223
2332223222322323322232223223233222
2332223222322332223222322332223222
2332223222323233222322232323322232
2332223222332332223222332332223222
2332223232222332223232222332223232
2332223233232332223233232332223233
2332223322232233222332223223322233
2332223322332223322332223322332223
2332223332222332223332222332223332
2332223332332223332332223332332223
2332232223223233223222322323322322
2332232223232332232223232332232223
2332232233222332232233222332232233
2332232322232233223232223223322323
2332232322332232322332232322332232
2332232323322332232323322332232323
2332232332332232332332232332332232
2332233222322233223322232223322332
2332233222323233223322232323322332
2332233223222332233223222332233223
2332233232222332233232222332233232
2332233322332233322332233322332233
2332233332222332233332222332233332
2332233332332233332332233332332233
2332322223222332322223222332322223
2332322223232332322223232332322223
2332322232222332322232222332322232
2332322232223223323222322232233232
2332322232223323323222322233233232
2332322232232332322232232332322232
2332322322232233232232223223323223
2332322322233233232232223323323223
2332322322332322322332322322332322
2332322323222332322323222332322323
2332322332332322332332322332332322
2332323222322332323222322332323222
2332323223222332323223222332323223
2332323233222233232323322223323232
2332323322232233232332223223323233
2332323322332323322332323322332323
2332323332222332323332222332323332
2332323332332323332332323332332323
2332332223222233233222322223323322
2332332223222332332223222332332223
2332332223223233233222322323323322
2332332223232332332223232332332223
2332332233222332332233222332332233
2332332322232233233232223223323323
2332332322332332322332332322332332
2332333222322233233322232223323332
2332333222322332333222322332333222
2332333222323233233322232323323332
2332333223222332333223222332333223
2332333232222332333232222332333232
2332333332222332333332222332333332
2333222223222333222223222333222223
2333222223232333222223232333222223
2333222232222333222232222333222232
2333222232232333222232232333222232
2333222233222333222233222333222233
2333222322232233322232223223332223
2333222322232323332223222323233322
2333222322233233322232223323332223
2333222322333222322333222322333222
2333222332222333222332222333222332
2333222332333222332333222332333222
2333223222322333223222322333223222
2333223222323233322322232323332232
2333223222332333223222332333223222
2333223223232333223223232333223223
2333223232222333223232222333223232
2333223322333223322333223322333223
2333223332333223332333223332333223
2333232223222233323222322223332322
2333232223223233323222322323332322
2333232223232333232223232333232223
2333232233222333232233222333232233
2333232322333232322333232322333232
2333232323322333232323322333232323
2333232332222333232332222333232332
2333232332333232332333232332333232
2333233222322233323322232223332332
2333233222322333233222322333233222
2333233222323233323322232323332332
2333233223222333233223222333233223
2333233232222333233232222333233232
2333233322333233322333233322333233
2333233332222333233332222333233332
2333233332333233332333233332333233
2333322223222333322223222333322223
2333322223232333322223232333322223
2333322232222333322232222333322232
2333322232223223333222322232233332
2333322232223323333222322233233332
2333322232232333322232232333322232
2333322233222333322233222333322233
2333322322232233332232223223333223
2333322322233233332232223323333223
2333322322333322322333322322333322
2333322332333322332333322332333322
2333323222322333323222322333323222
2333323222323233332322232323333232
2333323223222333323223222333323223
2333323322232233332332223223333233
2333323322333323322333323322333323
2333323332222333323332222333323332
2333323332333323332333323332333323
2333332223222233333222322223333322
2333332223222333332223222333332223
2333332223223233333222322323333322
2333332223232333332223232333332223
2333332233222333332233222333332233
2333332322232233333232223223333323
2333332322333332322333332322333332
2333332332222333332332222333332332
2333332332333332332333332332333332
2333333222322233333322232223333332
2333333222322333333222322333333222
2333333222323233333322232323333332
2333333223222333333223222333333223
2333333232222333333232222333333232
2333333332222333333332222333333332
3222222223233222222223233222222223
3222222232233222222232233222222232
3222222233223222222233223222222233
3222222322232322222232223232222223
3222222322233322222232223332222223
3222222323223222222323223222222323
3222222332223222222332223222222332
3222223222323222223222323222223222
3222223222333222223222333222223222
3222223232223222223232223222223232
3222223233223222223233223222223233
3222223323222223323222223323222223
3222223332223222223332223222223332
3222223333222223333222223333222223
3222232232223222232232223222232232
3222232233223222232233223222232233
3222232322232322223232223232222323
3222232323222232323222232323222232
3222232323323222232323323222232323
3222232332223222232332223222232332
3222232333222232333222232333222232
3222233222323322223322232332222332
3222233232223222233232223222233232
3222233233223222233233223222233233
3222233323222233323222233323222233
3222233332223222233332223222233332
3222233333222233333222233333222233
3222322223233222322223233222322223
3222322232232223222323222322232232
3222322232232322232223223232223222
3222322232322322232223232232223222
3222322233222322232223322232223222
3222322233223222322233223222322233
3222322322232223232223222322322232
3222322322232322232232223232223223
3222322322233322232232223332223223
3222322323222322323222322323222322
3222322323223222322323223222322323
3222322332223222322332223222322332
3222322332233222322332233222322332
3222322333222322333222322333222322
3222323222322232232223222323222322
3222323222323322232322232332223232
3222323222333222323222333222323222
3222323233223222323233223222323233
3222323322232322232332223232223233
3222323322233322232332223332223233
3222323323222323323222323323222323
3222323332223222323332223222323332
3222323333222323333222323333222323
3222332223222322233222322232223322
3222332223223322233222322332223322
3222332223233222332223233222332223
3222332232223222332232223222332232
3222332233223222332233223222332233
3222332323222332323222332323222332
3222332332223222332332223222332332
3222332333222332333222332333222332
3222333222323222333222323222333222
3222333222323322233322232332223332
3222333232223222333232223222333232
3222333233223222333233223222333233
3222333332223222333332223222333332
3223222223233223222223233223222223
3223222232233223222232233223222232
3223222233223223222233223223222233
3223222322232322322232223232232223
3223222322232323223222322232323223
3223222322232333223222322232333223
3223222322233322322232223332232223
3223222323223222323223222323223222
3223222323223223222323223223222323
3223222323233223222323233223222323
3223222332223223222332223223222332
3223222333223222333223222333223222
3223223222323223223222323223223222
3223223222333223223222333223223222
3223223223323223223223323223223223
3223223233223223223233223223223233
3223223323223223223323223223223323
3223223323223223323223223323223223
3223223332223223223332223223223332
3223223333223223333223223333223223
3223232223223322323222322332232322
3223232223233223232223233223232223
3223232233223223232233223223232233
3223232323223232323223232323223232
3223232332223223232332223223232332
3223232333223232333223232333223232
3223233222323223233222323223233222
3223233222323322323322232332232332
3223233232223223233232223223233232
3223233233223223233233223223233233
3223233323223233323223233323223233
3223233332223223233332223223233332
3223233333223233333223233333223233
3223322223233223322223233223322223
3223322232223232233222322232322332
3223322232223332233222322233322332
3223322232233223322232233223322232
3223322233223223322233223223322233
3223322322232322332232223232233223
3223322322233322332232223332233223
3223322323223223322323223223322323
3223322323223322323223322323223322
3223322332223223322332223223322332
3223322333223322333223322333223322
3223323222323223323222323223323222
3223323222323322332322232332233232
3223323223223223323223223223323223
3223323233223223323233223223323233
3223323322232322332332223232233233
3223323323223323323223323323223323
3223323332223223323332223223323332
3223323333223323333223323333223323
3223332223223322333222322332233322
3223332223233223332223233223332223
3223332233223223332233223223332233
3223332322232322333232223232233323
3223332323223332323223332323223332
3223332332223223332332223223332332
3223332333223332333223332333223332
3223333222323223333222323223333222
3223333222323322333322232332233332
3223333232223223333232223223333232
3223333233223223333233223223333233
3223333332223223333332223223333332
3232222223233232222223233232222223
3232222232233232222232233232222232
3232222233223232222233223232222233
3232222322232323222232223232322223
3232222322233323222232223332322223
3232222323223232222323223232222323
3232222332223232222332223232222332
3232223222322333232223222322333232
3232223222323232223222323232223222
3232223222323323222322232332322232
3232223222333232223222333232223222
3232223232233232223232233232223232
3232223233223232223233223232223233
3232223323232223323232223323232223
3232223332223232223332223232223332
3232223333232223333232223333232223
3232232223223323223222322332322322
3232232223233232232223233232232223
3232232232323232232232323232232232
3232232233223232232233223232232233
3232232322232323223232223232322323
3232232323232232323232232323232232
3232232323323232232323323232232323
3232232332223232232332223232232332
3232232333232232333232232333232232
3232233222323323223322232332322332
3232233223223232233223223232233223
3232233233223232233233223232233233
3232233323232233323232233323232233
3232233332223232233332223232233332
3232233333232233333232233333232233
3232322223233232322223233232322223
3232322232233232322232233232322232
3232322233223232322233223232322233
3232322322232323232232223232323223
3232322322233323232232223332323223
3232322323223232322323223232322323
3232322323232322323232322323232322
3232322332223232322332223232322332
3232322333232322333232322333232322
3232323222323232323222323232323222
3232323233223232323233223232323233
3232323322232323232332223232323233
3232323322232332323233222323323232
3232323332223232323332223232323332
3232323333232323333232323333232323
3232332223223323233222322332323322
3232332223233232332223233232332223
3232332233223232332233223232332233
3232332322232323233232223232323323
3232332323232332323232332323232332
3232332332223232332332223232332332
3232332333232332333232332333232332
3232333222323232333222323232333222
3232333222323323233322232332323332
3232333232223232333232223232333232
3232333233223232333233223232333233
3232333332223232333332223232333332
3233222223233233222223233233222223
3233222232233233222232233233222232
3233222233223233222233223233222233
3233222322232323322232223232332223
3233222322233323322232223332332223
3233222323223233222323223233222323
3233222323233222323233222323233222
3233222332223233222332223233222332
3233222333233222333233222333233222
3233223222323233223222323233223222
3233223222323323322322232332332232
3233223222333233223222333233223222
3233223232223233223232223233223232
3233223323223233223323223233223323
3233223323233223323233223323233223
3233223332223233223332223233223332
3233223333233223333233223333233223
3233232223223323323222322332332322
3233232223233233232223233233232223
3233232233223233232233223233232233
3233232323233232323233232323233232
3233232323322323323232332232332323
3233232323323233232323323233232323
3233232332223233232332223233232332
3233232333233232333233232333233232
3233233222323233233222323233233222
3233233232223233233232223233233232
3233233323233233323233233323233233
3233233332223233233332223233233332
3233233333233233333233233333233233
3233322223233233322223233233322223
3233322232223232333222322232323332
3233322232223332333222322233323332
3233322232233233322232233233322232
3233322233223233322233223233322233
3233322322232323332232223232333223
3233322322233323332232223332333223
3233322323223233322323223233322323
3233322323233322323233322323233322
3233322332223233322332223233322332
3233322333233322333233322333233322
3233323222323233323222323233323222
3233323222323323332322232332333232
3233323233223233323233223233323233
3233323322232323332332223232333233
3233323323233323323233323323233323
3233323332223233323332223233323332
3233323333233323333233323333233323
3233332223223323333222322332333322
3233332223233233332223233233332223
3233332233223233332233223233332233
3233332322232323333232223232333323
3233332323233332323233332323233332
3233332332223233332332223233332332
3233332333233332333233332333233332
3233333222323233333222323233333222
3233333222323323333322232332333332
3233333232223233333232223233333232
3233333233223233333233223233333233
3233333332223233333332223233333332
3322222223223322222223223322222223
3322222223233322222223233322222223
3322222232223322222232223322222232
3322222232233322222232233322222232
3322222233223322222233223322222233
3322222322232332222232223233222223
3322222322233332222232223333222223
3322222323223322222323223322222323
3322222332223322222332223322222332
3322223222323322223222323322223222
3322223222333322223222333322223222
3322223223223322223223223322223223
3322223232223322223232223322223232
3322223233223322223233223322223233
3322223323223322223323223322223323
3322223323322223323322223323322223
3322223332223322223332223322223332
3322223333322223333322223333322223
3322232223222332332223222322233233
3322232232223322232232223322232232
3322232233223322232233223322232233
3322232322232332223232223233222323
3322232322233332223232223333222323
3322232323322232323322232323322232
3322232323323322232323323322232323
3322232332223322232332223322232332
3322232333322232333322232333322232
3322233222322332223322232233222332
3322233222323322233222323322233222
3322233222323332223322232333222332
3322233223223322233223223322233223
3322233232223322233232223322233232
3322233233223322233233223322233233
3322233323223322233323223322233323
3322233323322233323322233323322233
3322233332223322233332223322233332
3322233333322233333322233333322233
3322322223223322322223223322322223
3322322223233322322223233322322223
3322322232223233223222322232332232
3322322232223333223222322233332232
3322322232233322322232233322322232
3322322233223322322233223322322233
3322322322332332232232233233223223
3322322323223322322323223322322323
3322322323322322323322322323322322
3322322332223322322332223322322332
3322322333322322333322322333322322
3322323222323322323222323322323222
3322323222323332232322232333223232
3322323223223322323223223322323223
3322323233223322323233223322323233
3322323322232332232332223233223233
3322323323223322323323223322323323
3322323323322323323322323323322323
3322323332223322323332223322323332
3322323333322323333322323333322323
3322332223222332233222322233223322
3322332223223322332223223322332223
3322332223223332233222322333223322
3322332223233322332223233322332223
3322332233233322332233233322332233
3322332322232332233232223233223323
3322332323322332323322332323322332
3322332332223322332332223322332332
3322332333322332333322332333322332
3322333222322332233322232233223332
3322333222323322333222323322333222
3322333222323332233322232333223332
3322333223223322333223223322333223
3322333232223322333232223322333232
3322333233223322333233223322333233
3322333323223322333323223322333323
3322333332223322333332223322333332
3323222223223323222223223323222223
3323222223233323222223233323222223
3323222232223323222232223323222232
3323222232233323222232233323222232
3323222233223323222233223323222233
3323222322232332322232223233232223
3323222322232333232223222323332322
3323222322233332322232223333232223
3323222323223323222323223323222323
3323222323233323222323233323222323
3323222323323222323323222323323222
3323222332223323222332223323222332
3323222333323222333323222333323222
3323223222323323223222323323223222
3323223222323332322322232333232232
3323223222333323223222333323223222
3323223232223323223232223323223232
3323223233223323223233223323223233
3323223323323223323323223323323223
3323223332223323223332223323223332
3323223333323223333323223333323223
3323232223222332323222322233232322
3323232223223332323222322333232322
3323232223233323232223233323232223
3323232233223323232233223323232233
3323232323323232323323232323323232
3323232332223233232323322232332323
3323232332223323232332223323232332
3323232333323232333323232333323232
3323233222322332323322232233232332
3323233222323323233222323323233222
3323233222323332323322232333232332
3323233223223323233223223323233223
3323233232223323233232223323233232
3323233233223323233233223323233233
3323233323223323233323223323233323
3323233323323233323323233323323233
3323233332223323233332223323233332
3323233333323233333323233333323233
3323322223223323322223223323322223
3323322223233323322223233323322223
3323322232223233233222322232332332
3323322232223323322232223323322232
3323322232223333233222322233332332
3323322232233323322232233323322232
3323322233223323322233223323322233
3323322322232332332232223233233223
3323322322233332332232223333233223
3323322323223323322323223323322323
3323322323323322323323322323323322
3323322332223323322332223323322332
3323322333323322333323322333323322
3323323222323323323222323323323222
3323323222323332332322232333233232
3323323223223323323223223323323223
3323323233223323323233223323323233
3323323332223323323332223323323332
3323323333323323333323323333323323
3323332223222332333222322233233322
3323332223223323332223223323332223
3323332223223332333222322333233322
3323332223233323332223233323332223
3323332233223323332233223323332233
3323332322232332333232223233233323
3323332323323332323323332323323332
3323332332223323332332223323332332
3323332333323332333323332333323332
3323333222322332333322232233233332
3323333222323323333222323323333222
3323333222323332333322232333233332
3323333223223323333223223323333223
3323333232223323333232223323333232
3323333233223323333233223323333233
3323333323223323333323223323333323
3323333332223323333332223323333332
3332222223223332222223223332222223
3332222223233332222223233332222223
3332222232223332222232223332222232
3332222232233332222232233332222232
3332222233223332222233223332222233
3332222322232333222232223233322223
3332222322233333222232223333322223
3332222323223332222323223332222323
3332222332223332222332223332222332
3332223222323332223222323332223222
3332223222333332223222333332223222
3332223223223332223223223332223223
3332223232223332223232223332223232
3332223233223332223233223332223233
3332223323223332223323223332223323
3332223323332223323332223323332223
3332223333332223333332223333332223
3332232223223333223222322333322322
3332232223233332232223233332232223
3332232233223332232233223332232233
3332232322232333223232223233322323
3332232323323332232323323332232323
3332232323332232323332232323332232
3332232332223332232332223332232332
3332232333332232333332232333332232
3332233222322333223322232233322332
3332233222323333223322232333322332
3332233223223332233223223332233223
3332233232223332233232223332233232
3332233233223332233233223332233233
3332233323223332233323223332233323
3332233323332233323332233323332233
3332233332223332233332223332233332
3332233333332233333332233333332233
3332322223223332322223223332322223
3332322223233332322223233332322223
3332322232223233323222322232333232
3332322232223332322232223332322232
3332322232223333323222322233333232
3332322232233332322232233332322232
3332322233223332322233223332322233
3332322322232333232232223233323223
3332322322233333232232223333323223
3332322323223332322323223332322323
3332322323332322323332322323332322
3332322332223332322332223332322332
3332322333332322333332322333332322
3332323222323332323222323332323222
3332323223223332323223223332323223
3332323233222333232323322233323232
3332323233223332323233223332323233
3332323322232333232332223233323233
3332323323332323323332323323332323
3332323332223332323332223332323332
3332323333332323333332323333332323
3332332223222333233222322233323322
3332332223223332332223223332332223
3332332223223333233222322333323322
3332332223233332332223233332332223
3332332233223332332233223332332233
3332332322232333233232223233323323
3332332323332332323332332323332332
3332332333332332333332332333332332
3332333222322333233322232233323332
3332333222323332333222323332333222
3332333222323333233322232333323332
3332333223223332333223223332333223
3332333232223332333232223332333232
3332333233223332333233223332333233
3332333323223332333323223332333323
3332333332223332333332223332333332
3333222223223333222223223333222223
3333222223233333222223233333222223
3333222232223333222232223333222232
3333222232233333222232233333222232
3333222233223333222233223333222233
3333222322232333322232223233332223
3333222322233333322232223333332223
3333222323223333222323223333222323
3333222323333222323333222323333222
3333222332223333222332223333222332
3333222333333222333333222333333222
3333223222323333223222323333223222
3333223222323333322322232333332232
3333223222333333223222333333223222
3333223223223333223223223333223223
3333223232223333223232223333223232
3333223233223333223233223333223233
3333223323223333223323223333223323
3333223323333223323333223323333223
3333223332223333223332223333223332
3333223333333223333333223333333223
3333232223222333323222322233332322
3333232223223333323222322333332322
3333232223233333232223233333232223
3333232233223333232233223333232233
3333232323322333323232332233332323
3333232323323333232323323333232323
3333232323333232323333232323333232
3333232332223333232332223333232332
3333232333333232333333232333333232
3333233222322333323322232233332332
3333233222323333233222323333233222
3333233222323333323322232333332332
3333233223223333233223223333233223
3333233232223333233232223333233232
3333233323223333233323223333233323
3333233323333233323333233323333233
3333233332223333233332223333233332
3333233333333233333333233333333233
3333322223223333322223223333322223
3333322223233333322223233333322223
3333322232223233333222322232333332
3333322232223333322232223333322232
3333322232223333333222322233333332
3333322232233333322232233333322232
3333322233223333322233223333322233
3333322322232333332232223233333223
3333322322233333332232223333333223
3333322323223333322323223333322323
3333322323333322323333322323333322
3333322332223333322332223333322332
3333322333333322333333322333333322
3333323222323333323222323333323222
3333323222323333332322232333333232
3333323223223333323223223333323223
3333323233223333323233223333323233
3333323322232333332332223233333233
3333323323223333323323223333323323
3333323323333323323333323323333323
3333323332223333323332223333323332
3333323333333323333333323333333323
3333332223222333333222322233333322
3333332223223333332223223333332223
3333332223223333333222322333333322
3333332223233333332223233333332223
3333332233223333332233223333332233
3333332322232333333232223233333323
3333332323333332323333332323333332
3333332332223333332332223333332332
3333332333333332333333332333333332
3333333222322333333322232233333332
3333333222323333333222323333333222
3333333222323333333322232333333332
3333333223223333333223223333333223
3333333232223333333232223333333232
3333333233223333333233223333333233
3333333323223333333323223333333323
3333333332223333333332223333333332
