2222232222222322222223
2222232322222323222223
2222322222223222222232
2222322322223223222232
2222332222223322222233
2223222322223222322223
2223222323222322232322
2223222332223222332223
2223232322232323222323
2223322222233222222332
2223322223322223322223
2223332223332223332223
2232223223222322232322
2232223232223222322322
2232223232232223232232
2232223322322233223222
2232232223222323222322
2232322222323222223232
2232322232223223222322
2232322232322232322232
2232332232332232332232
2233322222333222223332
2233322233322233322233
2233332233332233332233
2322232223232223222322
2322232232322232232322
2322232323222323232223
2322323223223232232232
2322332223223322232233
2322332322332322332322
2323222322323222322323
2323233223232332232323
2323322223233222232332
2323322323322323322323
2323332323332323332323
2332223222332223222332
2332223232332223232332
2332232223322322233223
2332322223323222233232
2332322332322332322332
2333322223333222233332
3222232332222323322223
3222322232232223222323
3222322232322232223232
3222322233322232223332
3222322322232223232223
3222322332223223322232
3222323222322232232223
3222323222323222323222
3222332232223322322233
3222333222333222333222
3223222323223222323223
3223222333223222333223
3223232232232322322323
3223322232233222322332
3223323223323223323223
3223333223333223333223
3232223232322232323222
3232223233232223233232
3232332232323322323233
3232333232333232333232
3233222323233222323233
3233322232333222323332
3233323233323233323233
3233333233333233333233
3322232223322232223322
3322232233222322332223
3322232233322232233322
3322232333222323332223
3322323322323322323322
3322333322333322333322
3323222323323222323323
3323322233233222332332
3323333323333323333323
3332223223332223223332
3332223233322232333222
3332223233332223233332
3332232233322322333223
3332322233323222333232
3332323332323332323332
3332332233323322333233
3332333332333332333332
3333232233332322333323
3333322233333222333332
