2222222322222222232222222223
2222222323222222232322222223
2222223222222222322222222232
2222223223222222322322222232
2222223322222222332222222233
2222232223222222322232222223
2222232223322222322233222223
2222233222222223322222222332
2222322232222232223222223222
2222322232322223222323222232
2222322233222232223322223222
2222323222222232322222223232
2222333222222233322222223332
2223222322323222322232232322
2223222323222322232322232223
2223222323223222322232322322
2223223223222322322322232232
2223223322222322332222232233
2223232223222232322232222323
2223232223322232322233222323
2223232332222323233222232323
2223233222222323322222232332
2223322232222233222322222332
2223322232322233222323222332
2223322322222332232222233223
2223323222222332322222233232
2223333222222333322222233332
2232222323223222232322322223
2232223222332232223222332232
2232223223222322232322232223
2232223223223222322322322232
2232223232223222322322232223
2232223322223222332222322233
2232232223222322322232223223
2232232223222323222322232232
2232232322223223232222322323
2232322232223223222322232322
2232322232223232223222323222
2232322232232232322232232232
2232322232322323222323223232
2232322322223232232222323223
2232332223222323322232223233
2232333222223233322222323332
2232333222323332223233322232
2232333322323333223233332232
2233222322222332223222223322
2233222322223322232222332223
2233222322232223322232223222
2233222323223322232322332223
2233223322223322332222332233
2233232223222332322232223323
2233233222223323322222332332
2233322232222333222322223332
2233322232223332223222333222
2233322232322333222323223332
2233322322223332232222333223
2233323222223332322222333232
2233333222223333322222333332
2322222322232222232223222223
2322222323232222232323222223
2322223223232222322323222232
2322223322232222332223222233
2322232223223222322232232223
2322232223232223222322322232
2322232223232232223222323223
2322232223232322232223232322
2322232223322232223222332223
2322232223323222322233232223
2322232323232223232323222323
2322233222232223322223222332
2322233222322232223322232223
2322322232232232223223223222
2322322232323223222323232232
2322322233232232223323223222
2322333222232233322223223332
2322333223223332232233322322
2322333323223333232233332322
2323222322223232223222232322
2323222322323232223223232322
2323222323232322232323232223
2323223322232322332223232233
2323233222232323322223232332
2323322232223233222322232332
2323322232232323322232232323
2323322232232332223223233222
2323322232323233222323232332
2323322322232332232223233223
2323323222232332322223233232
2323333222232333322223233332
2332222322233222232223322223
2332222323233222232323322223
2332223222233222322223322232
2332223222322332223222322332
2332223222323233222322232323
2332223222332332223222332332
2332223223233222322323322232
2332232223223322322232233223
2332232223323322322233233223
2332322232233232223223323222
2332322232323323222323233232
2332322322233232232223323223
2332332223223323322232233233
2332333222233233322223323332
2332333223323332233233322332
2332333323323333233233332332
2333222322223332223222233322
2333222322233322232223332223
2333222322323332223223233322
2333222323233322232323332223
2333223322233322332223332233
2333232223223332322232233323
2333233222233323322223332332
2333322232223333222322233332
2333322232233332223223333222
2333322232323333222323233332
2333322322233332232223333223
2333323222233332322223333232
2333333222233333322223333332
3222222323322222232332222223
3222223223322222322332222232
3222223322322222332232222233
3222232223232222322232322223
3222232223332222322233322223
3222232322322223232232222323
3222233222322223322232222332
3222322232232223222323222322
3222322232232322232223223232
3222322232322232223232223222
3222322232322322232223232232
3222322233222322232223322232
3222322233322232223332223222
3222322322232223232223222322
3222323222322232232223222323
3222323222322232322232223232
3222323322322232332232223233
3222323323322232332332223233
3222332223222322233222322232
3222333222322233322232223332
3222333232223332322233323222
3222333332223333322233333222
3223222322332232223223322322
3223222323322322232332232223
3223223232322322323232232232
3223223322322322332232232233
3223232223232232322232322323
3223232332322323233232232323
3223233222322323322232232332
3223322232232233222322322332
3223322232332233222323322332
3223322322322332232232233223
3223323222322332322232233232
3223323322322332332232233233
3223333222322333322232233332
3232222323323222232332322223
3232223222333232223222333232
3232223223323222322332322232
3232223322323222332232322233
3232232223232322322232323223
3232232223332322322233323223
3232233222323223322232322332
3232322232323232223232323222
3232323322323232332232323233
3232332223232323322232323233
3232333222323233322232323332
3232333232323332323233323232
3232333332323333323233333232
3233222322332332223223323322
3233222323323322232332332223
3233223322323322332232332233
3233232223232332322232323323
3233233222323323322232332332
3233322232323332223232333222
3233322232332333222323323332
3233323222323332322232333232
3233323322323332332232333233
3233333222323333322232333332
3322222322332222232233222223
3322222323332222232333222223
3322223222332222322233222232
3322223223332222322333222232
3322223322332222332233222233
3322232223233222322232332223
3322232223333222322233332223
3322232322332223232233222323
3322322232332232223233223222
3322322232333223222323332232
3322322233332232223333223222
3322322322332232232233223223
3322323222332232322233223232
3322323322332232332233223233
3322332322332233232233223323
3322333222332233322233223332
3322333233223332332233323322
3322333333223333332233333322
3323222322233232223222332322
3323222322333232223223332322
3323222323332322232333232223
3323223322332322332233232233
3323232332233232323322332323
3323232332332323233233232323
3323233222332323322233232332
3323322232233233222322332332
3323322232332332223233233222
3323322232333233222323332332
3323322322332332232233233223
3323323222332332322233233232
3323332322332333232233233323
3323333222332333322233233332
3332222322333222232233322223
3332222323333222232333322223
3332223222323332223222323332
3332223222333222322233322232
3332223222333332223222333332
3332223223333222322333322232
3332223322333222332233322233
3332232223233322322232333223
3332232223333322322233333223
3332232322333223232233322323
3332233222333223322233322332
3332322232333232223233323222
3332322232333323222323333232
3332322322333232232233323223
3332323322333232332233323233
3332332223233323322232333233
3332332322333233232233323323
3332333222333233322233323332
3332333333323333333233333332
3333222322233332223222333322
3333222322333322232233332223
3333222322333332223223333322
3333222323333322232333332223
3333223322333322332233332233
3333232223233332322232333323
3333233222333323322233332332
3333322232233333222322333332
3333322232333332223233333222
3333322232333333222323333332
3333322322333332232233333223
3333323222333332322233333232
3333323322333332332233333233
3333332322333333232233333323
3333333222333333322233333332
