22222232222222322222223
22222322222223222222232
22222323222223232222232
22223222222232222222322
22223222223222223222223
22223223222232232222322
22223232222232322222323
22223322222233222222332
22223322223322223322223
22232222232222232222232
22232223222232223222232
22232223232223222323222
22232223322232223322232
22232232222322322223223
22232322232322232322232
22232323222323232223232
22232332222323322223233
22233222222332222223322
22233222233222233222233
22233232222332322223323
22233322222333222223332
22233322233322233322233
22322222322222322222322
22322232232223222323222
22322232322232223223222
22322232322322232322322
22322233223222332232223
22322322232223232223222
22323222223232222232322
22323222322232232223222
22323222323222323222323
22323322323322323322323
22332223222322233222322
22332232223322322233223
22332322332322332322332
22332332223323322233233
22332333223323332233233
22333222223332222233322
22333222333222333222333
22333232223332322233323
22333322223333222233332
22333322333322333322333
23222223222223222223222
23222232232222322322223
23222322232232223222322
23222322232322232223223
23222322323222322323222
23222323222323222323222
23222323232223232322232
23223232232232322322323
23223322232233222322332
23223323223323223323223
23232223223232223223232
23232223232223232223232
23232232232322322323223
23232332232323322323233
23233222232332222323322
23233223233223233223233
23233232232332322323323
23233322232333222323332
23233323233323233323233
23322232222332223222233
23322232223322232223322
23322232232332223223233
23322232323322232323322
23322322233223222332232
23322323322323322323322
23322333233223332332233
23323222233232222332322
23323223323223323223323
23323232233232322332323
23332223223332223223332
23332232233322322333223
23332323332323332323332
23332332233323322333233
23333222233332222333322
23333232233332322333323
23333322233333222333332
32222232322222323222223
32222323322223233222232
32222332322223323222233
32223222322322232223232
32223222323222322232322
32223222333222322233322
32223223222322232322232
32223223322232233222322
32223232223222322322232
32223232223232223232223
32223232322232323222323
32223322322233223222332
32223332223332223332223
32232223232232223232232
32232223332232223332232
32232232322322323223223
32232233322322333223223
32232322322323223223232
32232332232332232332232
32232332322323323223233
32233222322332223223322
32233232233232233232233
32233322322333223223332
32233332233332233332233
32322232233232223223323
32322232323222323232223
32322232332322232332322
32322332322332322332322
32322332323223323232233
32323222323232223232322
32323322232323322232323
32323322323233223232332
32323332323332323332323
32332223232332223232332
32332232323322323233223
32332232332232332232332
32332332323323323233233
32332333323323333233233
32333222323332223233322
32333232333232333232333
32333322323333223233332
32333332333332333332333
33222232332222323322223
33222322233222322233222
33222322332223223322232
33222322333222322333222
33222323332223233322232
33222332332223323322233
33222333222333222333222
33223232332232323322323
33223233223233223233223
33223333223333223333223
33232223233232223233232
33232232332322323323223
33232233232233232233232
33232332332323323323233
33232333232333232333232
33233222332332223323322
33233322332333223323332
33233333233333233333233
33322232233322232233322
33322232333222323332223
33322232333322232333322
33322322333223223332232
33322332333223323332233
33322333322333322333322
33323222333232223332322
33323232333232323332323
33323233323233323233323
33323322333233223332332
33323333323333323333323
33332223233332223233332
33332232333322323333223
33332322333323223333232
33332332333323323333233
33332333332333332333332
33332333333323333333233
33333222333332223333322
33333232333332323333323
33333322333333223333332
