222222322222222232222222223
222222322322222232232222223
222223222222322222232222223
222223322222222332222222233
222223322222332222233222223
222232222223222222322222232
222232223222223222322222322
222232223232222322232322223
222232223322223222332222322
222232322222223232222222323
222232322223232222323222232
222233222223322222332222233
222233322223332222333222233
222322222232222223222222322
222322232232322232223223232
222322232322232223232223222
222322232322322232223232232
222322322232232223223222322
222322322322232232232223223
222323222232322223232222323
222323322222232332222223233
222323322232332223233222323
222332223222223322232222233
222332223232223322232322233
222332322222233232222223323
222332322233232223323222332
222333222233322223332222333
222333322233332223333222333
223222222322222232222223222
223222322233223222322233223
223222322322232223232223222
223222322322232232223223222
223222322322322232232232223
223222323222322232232223222
223223222322232232223222322
223223222322232322232223223
223223222322322232232223223
223223322322332232233223223
223232222323222232322223232
223232223222322322232223232
223232223222323222322232322
223232223232232322232322323
223232322323232232323223232
223233222323322232332223233
223233322323332232333223233
223322232222233222322222332
223322232222332223222233222
223322232223222332223222322
223322232322332223232233222
223322322332232233223223322
223323222332322233232223323
223323322222332332222233233
223323322332332233233223323
223332223222333222322233322
223332322222333232222233323
223332322333232233323223332
232222322323222232232322223
232223222322322232223223222
232223222323222322232232223
232223222332223222322233222
232223222332322232223323222
232223223222322322232232223
232223322223222332222322233
232223322232223222332223222
232223323222332322233232223
232232223223222322322232232
232232223232322322232323223
232232223323223222332322322
232232323223232322323232232
232233223223322322332232233
232233323223332322333232233
232322232222323222322223232
232322232323232223232323222
232322323232232323223232322
232323223232322323232232323
232323322223232332222323233
232323323232332323233232323
232332223222323322232223233
232332223223233222322323322
232332223232323322232323233
232332223233222323322232332
232332322223233232222323323
232332323233232323323232332
232333223233322323332232333
232333323233332323333232333
233222322223322232222332223
233222322232233222322232233
233222322233233222322233233
233222322323322232232332223
233222323322232332223233222
233223223322322332232233223
233223323322332332233233223
233232223223323222322332322
233232223232332322232323323
233232223323222332322233232
233232323323232332323233232
233233223323322332332233233
233233323323332332333233233
233322232222333222322223332
233322232223332223222333222
233322232232333222322323332
233322232323332223232333222
233322323332232333223233322
233323223332322333232233323
233323322223332332222333233
233323323332332333233233323
233332223223333222322333322
233332322223333232222333323
233332323333232333323233332
322222322332222232233222223
322223232222323222232322223
322223322232222332223222233
322223332222333222233322223
322232223223222322232322232
322232223223232223222322323
322232223232223222323222322
322232223232232223222323223
322232223322232223222332223
322232223332223222333222322
322232232223222323222322232
322232232223223222322322232
322232322232223223222322232
322232322232223232223222323
322232332223233222323322232
322233222322232223322232223
322233232223323222332322233
322233332223333222333322233
322322232232223223222322322
322322232233223222322332232
322322232332232223233223222
322322323232232232323223223
322322332232232233223223223
322322332232233223223322322
322323232232323223232322323
322323322232232332223223233
322323332232333223233322323
322332223223223322232232233
322332223233223322232332233
322332322232233232223223323
322332332233233223323322332
322333232233323223332322333
322333332233333223333322333
323222322233323222322233323
323222322332322232233232223
323222332322233232223323222
323223232322323232232323223
323223322232322332223232233
323223332322333232233323223
323232223232323222323232322
323232232323223232322323232
323232332323233232323323232
323233232323323232332323233
323233332323333232333323233
323322232233233222322332332
323322232332332223233233222
323322332332233233223323322
323323232332323233232323323
323323322232332332223233233
323323332332333233233323323
323332223232333222323233322
323332322232333232223233323
323332332333233233323323332
332222322233222232223322223
332222322333222232233322223
332223222323322232223233222
332223222333322232223333222
332223233222323322232332223
332223333222333322233332223
332232223233223222323322322
332232223233322322232333223
332232223333223222333322322
332232233223223322322332232
332232322233223232223322323
332232333223233322323332232
332233233223323322332332233
332233333223333322333332233
332322232223323222322233232
332322232233323222322333232
332322232333232223233323222
332322333232233323223332322
332323233232323323232332323
332323233233232323323323232
332323322233232332223323233
332323333232333323233332323
332332223223323322232233233
332332223233233222323323322
332332223233323322232333233
332332233233223323322332332
332332322233233232223323323
332332333233233323323332332
332333233233323323332332333
332333333233333323333332333
333222322233322232223332223
333222322333322232233332223
333222333322233332223333222
333223233322323332232333223
333223322233322332223332233
333223333322333332233333223
333232223233323222323332322
333232223233332322232333323
333232233323223332322333232
333232333323233332323333232
333233233323323332332333233
333233333323333332333333233
333322232223333222322233332
333322232233332223223333222
333322232233333222322333332
333322232333332223233333222
333322333332233333223333322
333323233332323333232333323
333323322233332332223333233
333323333332333333233333323
333332223233333222323333322
333332322233333232223333323
333332333333233333323333332
