22223222223222223
22232222232222232
22232232223223222
22232322232322232
22322222322222322
22322232232223222
22322232322232223
22322322232223232
22323222322232232
22323222323222323
22332222332222332
22332223322233222
22333223332233322
23222322232322232
23222322322232232
23233223233223233
23322223322223322
23323223323223323
23332223332223332
23332233322333223
23333233332333323
32223222322322232
32223223222322232
32223223322232233
32223232223222322
32223232223232223
32223233222323322
32233232233232233
32322232322232322
32323323232332323
32332232332232332
32332323323233232
32333323333233332
33222323322232332
33223233223233223
33232233232233232
33233333233333233
33322233322233322
33323233323233323
33332233332233332
