222232222222322222223
222232232222322322223
222322232322232223232
222322233222322233222
222332222223322222233
222333222333222333222
223222322322232223232
223222323222322232232
223222323223222323223
223222332232223322322
223223222322232322232
223232222232322222323
223232223222322322232
223332223332223332223
223333223333223333223
232223222323222322232
232223223232223223232
232223232322232323222
232232322322323223223
232332222323322223233
232332232332232332232
232333232333232333232
233222322233222322233
233222323233222323233
233232222332322223323
322232223223222322232
322232223232223222323
322232232223222323222
322232233222322332223
322232322232223223222
322323223223232232232
322332223223322232233
322332322332322332322
322333322333322333322
323222323232223232322
323222323323222323323
323233223232332232323
323322232323322232323
323332323332323332323
323333323333323333323
332223222332223222332
332223223322232233222
332223223332223223332
332223233322232333222
332332223323322233233
332333332333332333332
333222323332223233322
333232223332322233323
