22222222223222222222223222222222223
22222222232222222222232222222222232
22222222232322222222232322222222232
22222222322222222222322222222222322
22222222322322222222322322222222322
22222222323222222222323222222222323
22222222332222222222332222222222332
22222223222222223222222223222222223
22222223222322222222322232222222232
22222223222332222222322233222222232
22222223223222222223223222222223223
22222223233222222223233222222223233
22222223322222222223322222222223322
22222223322222223322222223322222223
22222223323222222223323222222223323
22222223332222222223332222222223332
22222232222222232222222232222222232
22222232223222222232223222222232223
22222232223223222222322232232222223
22222232223232222223222323222222322
22222232223322222232223322222232223
22222232322222222232322222222232322
22222232322222232322222232322222232
22222233222222233222222233222222233
22222233223222222233223222222233223
22222233233222222233233222222233233
22222233233322222233233322222233233
22222233322222222233322222222233322
22222233322222233322222233322222233
22222233323222222233323222222233323
22222233332222222233332222222233332
22222322222222322222222322222222322
22222322223222222322223222222322223
22222322223322222322223322222322223
22222322232232222232223223222223222
22222322232322222322232322222322232
22222322322222322322222322322222322
22222322323222222322323222222322323
22222322332222222322332222222322332
22222323222222323222222323222222323
22222323222322222232322232222223232
22222323223222222323223222222323223
22222323233222222323233222222323233
22222323322222222323322222222323322
22222323322222323322222323322222323
22222323323222222323323222222323323
22222323332222222323332222222323332
22222332223222222223322232222222233
22222332223222222233222322222223322
22222332223223222223322232232222233
22222332223232222233222323222223322
22222332232222222332232222222332232
22222332233322222332233322222332233
22222332322222222332322222222332322
22222332322222332322222332322222332
22222332323222222332323222222332323
22222333222222333222222333222222333
22222333222322222233322232222223332
22222333223222222333223222222333223
22222333233222222333233222222333233
22222333233322222333233322222333233
22222333322222222333322222222333322
22222333322222333322222333322222333
22222333323222222333323222222333323
22222333332222222333332222222333332
22223222222223222222223222222223222
22223222223322223222223322223222223
22223222232222223222232222223222232
22223222232322223222232322223222232
22223222322223222322223222322223222
22223222322322223222322322223222322
22223222323222223222323222223222323
22223222323322223222323322223222323
22223222332222223222332222223222332
22223223222223223222223223222223223
22223223222322222322322232222232232
22223223222332222322322233222232232
22223223232222223223232222223223232
22223223233222223223233222223223233
22223223322223223322223223322223223
22223223323222223223323222223223323
22223223332222223223332222223223332
22223232222223232222223232222223232
22223232223222222232322232222222323
22223232223222223232223222223232223
22223232223223222232322232232222323
22223232223232222323222323222232322
22223232232222223232232222223232232
22223232322222223232322222223232322
22223232322223232322223232322223232
22223232332222222323233222222232323
22223233222223233222223233222223233
22223233222322222323322232222232332
22223233223222223233223222223233223
22223233233222223233233222223233233
22223233233322223233233322223233233
22223233322222223233322222223233322
22223233322223233322223233322223233
22223233323222223233323222223233323
22223233332222223233332222223233332
22223322223222223322223222223322223
22223322232222222332223222222233222
22223322232222223322232222223322232
22223322232232222332223223222233222
22223322232322223322232322223322232
22223322233322223322233322223322233
22223322322223322322223322322223322
22223322323222223322323222223322323
22223322332222223322332222223322332
22223323222223323222223323222223323
22223323222322222332322232222233232
22223323223222223323223222223323223
22223323233222223323233222223323233
22223323322222223323322222223323322
22223323322223323322223323322223323
22223323323222223323323222223323323
22223332223222222333222322222233322
22223332223222223332223222223332223
22223332223232222333222323222233322
22223332232222223332232222223332232
22223332322222223332322222223332322
22223332322223332322223332322223332
22223332323222223332323222223332323
22223333222322222333322232222233332
22223333223222223333223222223333223
22223333233222223333233222223333233
22223333233322223333233322223333233
22223333322222223333322222223333322
22223333323222223333323222223333323
22223333332222223333332222223333332
22232222223222232222223222232222223
22232222232322232222232322232222232
22232222322222232222322222232222322
22232222322322223222232232222322223
22232222322322232222322322232222322
22232222323222232222323222232222323
22232222332222232222332222232222332
22232223222232223222232223222232223
22232223222332222232223222332222232
22232223223222232223223222232223223
22232223223222323222322232232223232
22232223223232223222322323222322232
22232223223322232223223322232223223
22232223232223223222322232322232232
22232223232232223222323223222322232
22232223232322232223232322232223232
22232223233222232223233222232223233
22232223322222232223322222232223322
22232223322232223322232223322232223
22232223323222232223323222232223323
22232223332222232223332222232223332
22232232222232232222232232222232232
22232232223222232232223222232232223
22232232223232223223222323222322322
22232232223322232232223322232232223
22232232322232232322232232322232232
22232233222232233222232233222232233
22232233222332223223322233222322332
22232233223222232233223222232233223
22232233233222232233233222232233233
22232233233322232233233322232233233
22232233322222232233322222232233322
22232233322232233322232233322232233
22232233323222232233323222232233323
22232233332222232233332222232233332
22232322223222232322223222232322223
22232322232222223232223222222323222
22232322232232223232223223222323222
22232322322232322322232322322232322
22232322322322232322322322232322322
22232322323222232322323222232322323
22232322332222232322332222232322332
22232323222232323222232323222232323
22232323223222232323223222232323223
22232323233222232323233222232323233
22232323322222232323322222232323322
22232323322232323322232323322232323
22232323323222232323323222232323323
22232323332222232323332222232323332
22232332222232332222232332222232332
22232332223222222323322232222223233
22232332223222223233222322222323322
22232332223222232332223222232332223
22232332223223222323322232232223233
22232332223322232332223322232332223
22232332232222232332232222232332232
22232332233322232332233322232332233
22232332322222232332322222232332322
22232332322232332322232332322232332
22232333222232333222232333222232333
22232333222322223233322232222323332
22232333223222232333223222232333223
22232333233222232333233222232333233
22232333233322232333233322232333233
22232333322222232333322222232333322
22232333322232333322232333322232333
22232333323222232333323222232333323
22232333332222232333332222232333332
22233222223222233222223222233222223
22233222232222233222232222233222232
22233222232322233222232322233222232
22233222233322233222233322233222233
22233222322222233222322222233222322
22233222322232222332223222322223322
22233222322232322233222322232322233
22233222322233222322233222322233222
22233222322322233222322322233222322
22233222323222233222323222233222323
22233222332222233222332222233222332
22233222332322233222332322233222332
22233223222233223222233223222233223
22233223222322223322322232222332232
22233223222332223322322233222332232
22233223223222233223223222233223223
22233223223322233223223322233223223
22233223233222233223233222233223233
22233223322233223322233223322233223
22233223323222233223323222233223323
22233223332222233223332222233223332
22233232222233232222233232222233232
22233232223222222332322232222223323
22233232223222233232223222233232223
22233232223223222332322232232223323
22233232223232223323222323222332322
22233232232222233232232222233232232
22233232233222233232233222233232233
22233232322222233232322222233232322
22233232322233232322233232322233232
22233232323322223323232332222332323
22233233222233233222233233222233233
22233233222322223323322232222332332
22233233223222233233223222233233223
22233233322222233233322222233233322
22233233322233233322233233322233233
22233233323222233233323222233233323
22233233332222233233332222233233332
22233322223222233322223222233322223
22233322232222223332223222222333222
22233322232222233322232222233322232
22233322232232223332223223222333222
22233322232322233322232322233322232
22233322322233322322233322322233322
22233322323222233322323222233322323
22233322332222233322332222233322332
22233323222233323222233323222233323
22233323222322223332322232222333232
22233323223222233323223222233323223
22233323233222233323233222233323233
22233323322222233323322222233323322
22233323322233323322233323322233323
22233332223222223333222322222333322
22233332223222233332223222233332223
22233332223232223333222323222333322
22233332232222233332232222233332232
22233332322222233332322222233332322
22233332322233332322233332322233332
22233332323222233332323222233332323
22233333222322223333322232222333332
22233333223222233333223222233333223
22233333233222233333233222233333233
22233333233322233333233322233333233
22233333322222233333322222233333322
22233333323222233333323222233333323
22233333332222233333332222233333332
22322222223222322222223222322222223
22322222232222322222232222322222232
22322222232322322222232322322222232
22322222322322322222322322322222322
22322222323222322222323222322222323
22322222332222322222332222322222332
22322223222322223222322223222322223
22322223222322232222322232223222232
22322223222332232222322233223222232
22322223223222322223223222322223223
22322223233222322223233222322223233
22322223322222322223322222322223322
22322223322322223322322223322322223
22322223323222322223323222322223323
22322223332222322223332222322223332
22322232222322232222322232222322232
22322232223232322322232223232322322
22322232223233223222322232332232223
22322232223322222322232223322222322
22322232223322223222322233222232223
22322232223322322232223322322232223
22322232232223222323222322232232223
22322232232322322232232322322232232
22322232322222322232322222322232322
22322232322232223223222322232322232
22322232322322232322322232322322232
22322232322322322232322322322232322
22322233222322233222322233222322233
22322233223222322233223222322233223
22322233223322322233223322322233223
22322233233222322233233222322233233
22322233233322322233233322322233233
22322233322222322233322222322233322
22322233322322233322322233322322233
22322233323222322233323222322233323
22322233332222322233332222322233332
22322322222322322222322322222322322
22322322223222322322223222322322223
22322322232223232223222322322232223
22322322232232232232223223223223222
22322322232322322322232322322322232
22322322323222322322323222322322323
22322322332222322322332222322322332
22322323222322232232322232223223232
22322323222322323222322323222322323
22322323222323223223232223232232232
22322323223222322323223222322323223
22322323233222322323233222322323233
22322323322222322323322222322323322
22322323322322323322322323322322323
22322323323222322323323222322323323
22322323332222322323332222322323332
22322332223222223223322232222232233
22322332223222232233222322223223322
22322332223232232233222323223223322
22322332232222322332232222322332232
22322332233322322332233322322332233
22322332322222322332322222322332322
22322332322322332322322332322322332
22322332323222322332323222322332323
22322333222322232233322232223223332
22322333222322333222322333222322333
22322333223222322333223222322333223
22322333233222322333233222322333233
22322333233322322333233322322333233
22322333322222322333322222322333322
22322333322322333322322333322322333
22322333323222322333323222322333323
22322333332222322333332222322333332
22323222223222323222223222323222223
22323222232222323222232222323222232
22323222232322323222232322323222232
22323222322222323222322222323222322
22323222322232223232223222322232322
22323222322232232223222323222322232
22323222322232322323222322232322323
22323222322233223232223222332232322
22323222322322323222322322323222322
22323222322323222322323222322323222
22323222323322323222323322323222323
22323222332222323222332222323222332
22323223222322232322322232223232232
22323223222323223222323223222323223
22323223222332232322322233223232232
22323223223222323223223222323223223
22323223223322323223223322323223223
22323223232222323223232222323223232
22323223233222323223233222323223233
22323223322323223322323223322323223
22323223323222323223323222323223323
22323223332222323223332222323223332
22323232222323232222323232222323232
22323232223222323232223222323232223
22323232223232232323222323223232322
22323232232222323232232222323232232
22323232322222323232322222323232322
22323232322323232322323232322323232
22323233222322223232332223222232323
22323233222322232323322232223232332
22323233222323223232332223232232323
22323233222323233222323233222323233
22323233223222323233223222323233223
22323233233222323233233222323233233
22323233233322323233233322323233233
22323233322222323233322222323233322
22323233322323233322323233322323233
22323233323222323233323222323233323
22323233332222323233332222323233332
22323322223222323322223222323322223
22323322232222232332223222223233222
22323322232222323322232222323322232
22323322232232232332223223223233222
22323322322323322322323322322323322
22323322332222323322332222323322332
22323323222322232332322232223233232
22323323222323323222323323222323323
22323323223222323323223222323323223
22323323233222323323233222323323233
22323323233322323323233322323323233
22323323322222323323322222323323322
22323323322323323322323323322323323
22323332223222232333222322223233322
22323332223222323332223222323332223
22323332223232232333222323223233322
22323332232222323332232222323332232
22323332322222323332322222323332322
22323332322323332322323332322323332
22323332323222323332323222323332323
22323333222322232333322232223233332
22323333223222323333223222323333223
22323333233222323333233222323333233
22323333233322323333233322323333233
22323333322222323333322222323333322
22323333323222323333323222323333323
22323333332222323333332222323333332
22332222223222332222223222332222223
22332222232222332222232222332222232
22332222232322332222232322332222232
22332222322222332222322222332222322
22332222322322332222322322332222322
22332222323222332222323222332222323
22332223222322233222322232223322232
22332223222322322332223222322322332
22332223222323223322232223232233222
22332223222332223222332223222332223
22332223222332233222322233223322232
22332223223222332223223222332223223
22332223233222332223233222332223233
22332223322222332223322222332223322
22332223322332223322332223322332223
22332223323222332223323222332223323
22332223332222332223332222332223332
22332232222332232222332232222332232
22332232223222332232223222332232223
22332232223223223322322232232233223
22332232223232233223222323223322322
22332232223322332232223322332232223
22332232232322332232232322332232232
22332232322222332232322222332232322
22332232322332232322332232322332232
22332232332222332232332222332232332
22332233222332233222332233222332233
22332233223222332233223222332233223
22332233233222332233233222332233233
22332233233322332233233322332233233
22332233322332233322332233322332233
22332233323222332233323222332233323
22332233332222332233332222332233332
22332322223222332322223222332322223
22332322232222233232223222223323222
22332322232232233232223223223323222
22332322232322332322232322332322232
22332322233222332322233222332322233
22332322322332322322332322322332322
22332322323222332322323222332322323
22332323222332323222332323222332323
22332323223222332323223222332323223
22332323233222332323233222332323233
22332323322222332323322222332323322
22332323322332323322332323322332323
22332323323222332323323222332323323
22332323332222332323332222332323332
22332332222332332222332332222332332
22332332223222223323322232222233233
22332332223222233233222322223323322
22332332223222332332223222332332223
22332332223223223323322232232233233
22332332223232233233222323223323322
22332332232222332332232222332332232
22332332233322332332233322332332233
22332332322222332332322222332332322
22332332322332332322332332322332332
22332333222322233233322232223323332
22332333222332333222332333222332333
22332333223222332333223222332333223
22332333233222332333233222332333233
22332333233322332333233322332333233
22332333322222332333322222332333322
22332333322332333322332333322332333
22332333323222332333323222332333323
22332333332222332333332222332333332
22333222223222333222223222333222223
22333222232222333222232222333222232
22333222232322333222232322333222232
22333222322222333222322222333222322
22333222322232223332223222322233322
22333222322233223332223222332233322
22333222322322333222322322333222322
22333222322333222322333222322333222
22333222323222333222323222333222323
22333222332222333222332222333222332
22333223222322233322322232223332232
22333223222332233322322233223332232
22333223222333223222333223222333223
22333223223222333223223222333223223
22333223223322333223223322333223223
22333223233222333223233222333223233
22333223322333223322333223322333223
22333223323222333223323222333223323
22333223332222333223332222333223332
22333232222333232222333232222333232
22333232223222223332322232222233323
22333232223222333232223222333232223
22333232223223223332322232232233323
22333232223232233323222323223332322
22333232232222333232232222333232232
22333232322222333232322222333232322
22333232322333232322333232322333232
22333232323322233323232332223332323
22333233222322233323322232223332332
22333233222333233222333233222333233
22333233223222333233223222333233223
22333233233222333233233222333233233
22333233233322333233233322333233233
22333233322222333233322222333233322
22333233322333233322333233322333233
22333233323222333233323222333233323
22333322223222333322223222333322223
22333322232222233332223222223333222
22333322232222333322232222333322232
22333322232232233332223223223333222
22333322232322333322232322333322232
22333322322333322322333322322333322
22333322323222333322323222333322323
22333322332222333322332222333322332
22333323222322233332322232223333232
22333323222333323222333323222333323
22333323223222333323223222333323223
22333323233222333323233222333323233
22333323322222333323322222333323322
22333323322333323322333323322333323
22333332223222233333222322223333322
22333332223222333332223222333332223
22333332223232233333222323223333322
22333332232222333332232222333332232
22333332322222333332322222333332322
22333332322333332322333332322333332
22333332323222333332323222333332323
22333333222322233333322232223333332
22333333223222333333223222333333223
22333333233222333333233222333333233
22333333233322333333233322333333233
22333333322222333333322222333333322
22333333323222333333323222333333323
22333333332222333333332222333333332
23222222223223222222223223222222223
23222222232223222222232223222222232
23222222232323222222232323222222232
23222222322223222222322223222222322
23222222322323222222322323222222322
23222222323223222222323223222222323
23222222332223222222332223222222332
23222223222322322222322232232222232
23222223222332322222322233232222232
23222223223222223223222223223222223
23222223223223222223223223222223223
23222223233223222223233223222223233
23222223322223222223322223222223322
23222223323222223323222223323222223
23222223323223222223323223222223323
23222223332223222223332223222223332
23222232223222232223222232223222232
23222232223223222232223223222232223
23222232223223232222322232232322223
23222232223232322223222323232222322
23222232223323222232223323222232223
23222232322223222232322223222232322
23222232323222232323222232323222232
23222233223222233223222233223222233
23222233223223222233223223222233223
23222233233223222233233223222233233
23222233233323222233233323222233233
23222233322223222233322223222233322
23222233323222233323222233323222233
23222233323223222233323223222233323
23222233332223222233332223222233332
23222322223222322223222322223222322
23222322223223222322223223222322223
23222322223323222322223323222322223
23222322232232232322232223223223232
23222322232232323222322232232323222
23222322232233232223222322332322232
23222322232322232223223222322232322
23222322232322322232223232232223222
23222322232323222322232323222322232
23222322233222232223222332222322232
23222322233222322232223322232223222
23222322322223222322322223222322322
23222322323222322323222322323222322
23222322323223222322323223222322323
23222322332223222322332223222322332
23222323222322322232322232232223232
23222323222332322232322233232223232
23222323223222323223222323223222323
23222323223223222323223223222323223
23222323233223222323233223222323233
23222323322223222323322223222323322
23222323323222323323222323323222323
23222323323223222323323223222323323
23222323323323222323323323222323323
23222323332223222323332223222323332
23222332223222232223322232222322233
23222332223222322233222322232223322
23222332223223232223322232232322233
23222332223232322233222323232223322
23222332232223222332232223222332232
23222332233323222332233323222332233
23222332322223222332322223222332322
23222332323222332323222332323222332
23222332323223222332323223222332323
23222333222322322233322232232223332
23222333223222333223222333223222333
23222333223223222333223223222333223
23222333233223222333233223222333233
23222333233323222333233323222333233
23222333322223222333322223222333322
23222333323222333323222333323222333
23222333323223222333323223222333323
23222333332223222333332223222333332
23223222223223223222223223223222223
23223222232223223222232223223222232
23223222232323223222232323223222232
23223222322233232232223222332322322
23223222322323223222322323223222322
23223222323223222323223222323223222
23223222323223223222323223223222323
23223222323323223222323323223222323
23223222332223223222332223223222332
23223223232223223223232223223223232
23223223233223223223233223223223233
23223223323223223223323223223223323
23223223323223223323223223323223223
23223223332223223223332223223223332
23223232223222232232322232222322323
23223232223223223232223223223232223
23223232223223232223223232223223232
23223232223223232232322232232322323
23223232223232322323222323232232322
23223232232223223232232223223232232
23223232322223223232322223223232322
23223232323223232323223232323223232
23223232332222322323233222232232323
23223233222322322323322232232232332
23223233223223223233223223223233223
23223233223223233223223233223223233
23223233233223223233233223223233233
23223233233323223233233323223233233
23223233322223223233322223223233322
23223233323223223233323223223233323
23223233323223233323223233323223233
23223233332223223233332223223233332
23223322223223223322223223223322223
23223322223223322223223322223223322
23223322232222322332223222232233222
23223322232223223223322232223223223
23223322232223223322232223223322232
23223322232232322332223223232233222
23223322232323223322232323223322232
23223322233323223322233323223322233
23223322323223223322323223223322323
23223322323223322323223322323223322
23223322332223223322332223223322332
23223323222322322332322232232233232
23223323223223223323223223223323223
23223323223223323223223323223223323
23223323233223223323233223223323233
23223323322223223323322223223323322
23223323323223223323323223223323323
23223323323223323323223323323223323
23223332223222322333222322232233322
23223332223223223332223223223332223
23223332223232322333222323232233322
23223332232223223332232223223332232
23223332322223223332322223223332322
23223332323223223332323223223332323
23223332323223332323223332323223332
23223333222322322333322232232233332
23223333223223223333223223223333223
23223333233223223333233223223333233
23223333233323223333233323223333233
23223333322223223333322223223333322
23223333323223223333323223223333323
23223333332223223333332223223333332
23232222223223232222223223232222223
23232222232223232222232223232222232
23232222232323232222232323232222232
23232222322223232222322223232222322
23232222322323232222322323232222322
23232222323223232222323223232222323
23232222332223232222332223232222332
23232223222322232322232223222323222
23232223222322322323222322232232232
23232223222322323222322232232322232
23232223222323232322232223232323222
23232223222332323222322233232322232
23232223223223232223223223232223223
23232223223232223223232223223232223
23232223232323232223232323232223232
23232223233223232223233223232223233
23232223322223232223322223232223322
23232223323223232223323223232223323
23232223323232223323232223323232223
23232223323323232223323323232223323
23232223332223232223332223232223332
23232232223223232232223223232232223
23232232223223232322322232232323223
23232232223232232223232232223232232
23232232223232323223222323232322322
23232232223323232232223323232232223
23232232323232232323232232323232232
23232233223223232233223223232233223
23232233223232233223232233223232233
23232233232223232233232223232233232
23232233233223232233233223232233233
23232233233323232233233323232233233
23232233322223232233322223232233322
23232233323223232233323223232233323
23232233323232233323232233323232233
23232233332223232233332223232233332
23232322223223232322223223232322223
23232322232222323232223222232323222
23232322232232323232223223232323222
23232322232323232322232323232322232
23232322323223232322323223232322323
23232322323232322323232322323232322
23232322332223232322332223232322332
23232323223223232323223223232323223
23232323233223232323233223232323233
23232323322223232323322223232323322
23232323323223232323323223232323323
23232323332223232323332223232323332
23232332223222232323322232222323233
23232332223222323233222322232323322
23232332223223232323322232232323233
23232332223223232332223223232332223
23232332223232323233222323232323322
23232332223232332223232332223232332
23232332232223232332232223232332232
23232332233323232332233323232332233
23232332322223232332322223232332322
23232332323223232332323223232332323
23232332323232332323232332323232332
23232332323323232332323323232332323
23232333222322323233322232232323332
23232333223223232333223223232333223
23232333223232333223232333223232333
23232333233223232333233223232333233
23232333233323232333233323232333233
23232333322223232333322223232333322
23232333323223232333323223232333323
23232333323232333323232333323232333
23232333332223232333332223232333332
23233222223223233222223223233222223
23233222232223233222232223233222232
23233222232323233222232323233222232
23233222322223233222322223233222322
23233222322232232332223222322323322
23233222322232323233222322232323233
23233222322233232332223222332323322
23233222322323233222322323233222322
23233222323233222323233222323233222
23233222332223233222332223233222332
23233223222322323322322232232332232
23233223222332323322322233232332232
23233223223223233223223223233223223
23233223223233223223233223223233223
23233223223323233223223323233223223
23233223233323233223233323233223233
23233223323223233223323223233223323
23233223323233223323233223323233223
23233223332223233223332223233223332
23233232223222232332322232222323323
23233232223223232332322232232323323
23233232223223233232223223233232223
23233232223232323323222323232332322
23233232223233232223233232223233232
23233232232223233232232223233232232
23233232322223233232322223233232322
23233232323233232323233232323233232
23233232323322323323232332232332323
23233232323332323323232333232332323
23233233222322323323322232232332332
23233233223223233233223223233233223
23233233223233233223233233223233233
23233233322223233233322223233233322
23233233323223233233323223233233323
23233233323233233323233233323233233
23233233332223233233332223233233332
23233322223223233322223223233322223
23233322232222323332223222232333222
23233322232223233322232223233322232
23233322232232323332223223232333222
23233322232323233322232323233322232
23233322323223233322323223233322323
23233322323233322323233322323233322
23233322332223233322332223233322332
23233323222322323332322232232333232
23233323223223233323223223233323223
23233323223233323223233323223233323
23233323233223233323233223233323233
23233323322223233323322223233323322
23233323323233323323233323323233323
23233332223222323333222322232333322
23233332223223233332223223233332223
23233332223232323333222323232333322
23233332232223233332232223233332232
23233332322223233332322223233332322
23233332323223233332323223233332323
23233332323233332323233332323233332
23233333222322323333322232232333332
23233333223223233333223223233333223
23233333233223233333233223233333233
23233333233323233333233323233333233
23233333322223233333322223233333322
23233333323223233333323223233333323
23233333332223233333332223233333332
23322222223223322222223223322222223
23322222232223322222232223322222232
23322222232323322222232323322222232
23322222322223322222322223322222322
23322222322323322222322323322222322
23322222323223322222323223322222323
23322222332223322222332223322222332
23322223222322332222322232233222232
23322223222332332222322233233222232
23322223223223322223223223322223223
23322223223322223223322223223322223
23322223233223322223233223322223233
23322223323223322223323223322223323
23322223323322223323322223323322223
23322223332223322223332223322223332
23322232223223233222322232232332223
23322232223223322232223223322232223
23322232223232332223222323233222322
23322232223322232223322232223322232
23322232223323322232223323322232223
23322232322223322232322223322232322
23322232323322232323322232323322232
23322232332323322232332323322232332
23322233222322332223322232233222332
23322233223322233223322233223322233
23322233233223322233233223322233233
23322233233323322233233323322233233
23322233322223322233322223322233322
23322233323223322233323223322233323
23322233323322233323322233323322233
23322233332223322233332223322233332
23322322223223322322223223322322223
23322322223322322223322322223322322
23322322232232332232223223233223222
23322322232323322322232323322322232
23322322323223322322323223322322323
23322322323322322323322322323322322
23322322332223322322332223322322332
23322323222322332232322232233223232
23322323223223322323223223322323223
23322323223322323223322323223322323
23322323233223322323233223322323233
23322323323223322323323223322323323
23322323323322323323322323323322323
23322323332223322323332223322323332
23322332223222233223322232222332233
23322332223222332233222322233223322
23322332223223233223322232232332233
23322332223232332233222323233223322
23322332232223322332232223322332232
23322332322223322332322223322332322
23322332323223322332323223322332323
23322332323322332323322332323322332
23322333222322332233322232233223332
23322333223223322333223223322333223
23322333223322333223322333223322333
23322333233223322333233223322333233
23322333233323322333233323322333233
23322333322223322333322223322333322
23322333323223322333323223322333323
23322333323322333323322333323322333
23322333332223322333332223322333332
23323222223223323222223223323222223
23323222232223323222232223323222232
23323222232323323222232323323222232
23323222322223323222322223323222322
23323222322232233232223222322332322
23323222322232323323222322232323323
23323222322233233232223222332332322
23323222322323323222322323323222322
23323222323223323222323223323222323
23323222323323222323323222323323222
23323222323323323222323323323222323
23323223222322332322322232233232232
23323223222332332322322233233232232
23323223223223323223223223323223223
23323223223323223223323223223323223
23323223223323323223223323323223223
23323223232223323223232223323223232
23323223233223323223233223323223233
23323223323323223323323223323323223
23323223332223323223332223323223332
23323232223223323232223223323232223
23323232223232332323222323233232322
23323232223323232223323232223323232
23323232232223323232232223323232232
23323232322223323232322223323232322
23323232323323232323323232323323232
23323232332222332323233222233232323
23323233222322332323322232233232332
23323233223223323233223223323233223
23323233223323233223323233223323233
23323233233223323233233223323233233
23323233233323323233233323323233233
23323233322223323233322223323233322
23323233323223323233323223323233323
23323233323323233323323233323323233
23323233332223323233332223323233332
23323322223223323322223223323322223
23323322232222332332223222233233222
23323322232223323322232223323322232
23323322232232332332223223233233222
23323322232323323322232323323322232
23323322323223323322323223323322323
23323322323323322323323322323323322
23323322332223323322332223323322332
23323323222322332332322232233233232
23323323223223323323223223323323223
23323323223323323223323323223323323
23323323233223323323233223323323233
23323323233323323323233323323323233
23323323322223323323322223323323322
23323332223222332333222322233233322
23323332223223323332223223323332223
23323332223232332333222323233233322
23323332223323332223323332223323332
23323332232223323332232223323332232
23323332233223323332233223323332233
23323332322223323332322223323332322
23323332323223323332323223323332323
23323332323323332323323332323323332
23323333222322332333322232233233332
23323333223223323333223223323333223
23323333233223323333233223323333233
23323333233323323333233323323333233
23323333322223323333322223323333322
23323333323223323333323223323333323
23323333332223323333332223323333332
23332222223223332222223223332222223
23332222232223332222232223332222232
23332222232323332222232323332222232
23332222322223332222322223332222322
23332222322323332222322323332222322
23332222323223332222323223332222323
23332222332223332222332223332222332
23332223222322323332223222322323332
23332223222322333222322232233322232
23332223222323233322232223232333222
23332223222332333222322233233322232
23332223223223332223223223332223223
23332223223332223223332223223332223
23332223233223332223233223332223233
23332223322223332223322223332223322
23332223323223332223323223332223323
23332223323332223323332223323332223
23332232223223233322322232232333223
23332232223223332232223223332232223
23332232223232333223222323233322322
23332232223323332232223323332232223
23332232223332232223332232223332232
23332232232323332232232323332232232
23332232322223332232322223332232322
23332232323332232323332232323332232
23332233223332233223332233223332233
23332233233223332233233223332233233
23332233233323332233233323332233233
23332233323223332233323223332233323
23332233323332233323332233323332233
23332233332223332233332223332233332
23332322223223332322223223332322223
23332322232222333232223222233323222
23332322232232333232223223233323222
23332322232323332322232323332322232
23332322323223332322323223332322323
23332322323332322323332322323332322
23332322332223332322332223332322332
23332323223223332323223223332323223
23332323223332323223332323223332323
23332323233223332323233223332323233
23332323322223332323322223332323322
23332323323223332323323223332323323
23332323323332323323332323323332323
23332332223222233323322232222333233
23332332223222333233222322233323322
23332332223223233323322232232333233
23332332223223332332223223332332223
23332332223232333233222323233323322
23332332223332332223332332223332332
23332332232223332332232223332332232
23332332233323332332233323332332233
23332332322223332332322223332332322
23332332323332332323332332323332332
23332333222322333233322232233323332
23332333223223332333223223332333223
23332333223332333223332333223332333
23332333233223332333233223332333233
23332333322223332333322223332333322
23332333323223332333323223332333323
23332333323332333323332333323332333
23332333332223332333332223332333332
23333222223223333222223223333222223
23333222232223333222232223333222232
23333222232323333222232323333222232
23333222322223333222322223333222322
23333222322232233332223222322333322
23333222322233233332223222332333322
23333222322323333222322323333222322
23333222323223333222323223333222323
23333222323333222323333222323333222
23333222332223333222332223333222332
23333223222322333322322232233332232
23333223222332333322322233233332232
23333223223223333223223223333223223
23333223223323333223223323333223223
23333223223333223223333223223333223
23333223233223333223233223333223233
23333223323223333223323223333223323
23333223323333223323333223323333223
23333223332223333223332223333223332
23333232223222233332322232222333323
23333232223223233332322232232333323
23333232223223333232223223333232223
23333232223232333323222323233332322
23333232223333232223333232223333232
23333232232223333232232223333232232
23333232322223333232322223333232322
23333232323322333323232332233332323
23333232323333232323333232323333232
23333233222322333323322232233332332
23333233223223333233223223333233223
23333233223333233223333233223333233
23333233233223333233233223333233233
23333233233323333233233323333233233
23333233322223333233322223333233322
23333233323223333233323223333233323
23333233323333233323333233323333233
23333322223223333322223223333322223
23333322232222333332223222233333222
23333322232223333322232223333322232
23333322232232333332223223233333222
23333322232323333322232323333322232
23333322323223333322323223333322323
23333322323333322323333322323333322
23333322332223333322332223333322332
23333323222322333332322232233333232
23333323223223333323223223333323223
23333323223333323223333323223333323
23333323233223333323233223333323233
23333323322223333323322223333323322
23333323323333323323333323323333323
23333332223222333333222322233333322
23333332223223333332223223333332223
23333332223232333333222323233333322
23333332232223333332232223333332232
23333332322223333332322223333332322
23333332323223333332323223333332323
23333332323333332323333332323333332
23333333222322333333322232233333332
23333333223223333333223223333333223
23333333233223333333233223333333233
23333333233323333333233323333333233
23333333322223333333322223333333322
23333333323223333333323223333333323
23333333332223333333332223333333332
32222222223232222222223232222222223
32222222232332222222232332222222232
32222222233232222222233232222222233
32222222322332222222322332222222322
32222222323232222222323232222222323
32222222332232222222332232222222332
32222223222323222222322232322222232
32222223222333222222322233322222232
32222223223232222223223232222223223
32222223232222223232222223232222223
32222223232232222223232232222223232
32222223233232222223233232222223233
32222223322232222223322232222223322
32222223332222223332222223332222223
32222223332232222223332232222223332
32222232223232222232223232222232223
32222232223332222232223332222232223
32222232232222232232222232232222232
32222232233232222232233232222232233
32222232322232222232322232222232322
32222232332222232332222232332222232
32222232332232222232332232222232332
32222233232222233232222233232222233
32222233233232222233233232222233233
32222233233332222233233332222233233
32222233322232222233322232222233322
32222233332222233332222233332222233
32222233332232222233332232222233332
32222322223232222322223232222322223
32222322223332222322223332222322223
32222322232222322232222322232222322
32222322233232222322233232222322233
32222322322232222322322232222322322
32222322323232222322323232222322323
32222322332222322332222322332222322
32222322332232222322332232222322332
32222323222323222232322232322223232
32222323223232222323223232222323223
32222323232222323232222323232222323
32222323233232222323233232222323233
32222323322232222323322232222323322
32222323323232222323323232222323323
32222323332222323332222323332222323
32222323332232222323332232222323332
32222332223223322223322232233222233
32222332223233222233222323322223322
32222332233232222332233232222332233
32222332233332222332233332222332233
32222332322232222332322232222332322
32222332323232222332323232222332323
32222332332222332332222332332222332
32222332332232222332332232222332332
32222333222323222233322232322223332
32222333223232222333223232222333223
32222333232222333232222333232222333
32222333233232222333233232222333233
32222333233332222333233332222333233
32222333322232222333322232222333322
32222333332222333332222333332222333
32222333332232222333332232222333332
32223222223232223222223232223222223
32223222232223222232223222232223222
32223222232332223222232332223222232
32223222233232223222233232223222233
32223222322322232223232223222322322
32223222322322232322232223223222323
32223222322323222322232232322232223
32223222323223222322232322322232223
32223222323232223222323232223222323
32223222323332223222323332223222323
32223222332223222322233222322232223
32223222332223222332223222332223222
32223222332232223222332232223222332
32223223222322232322232223223222322
32223223222323222322322232322232232
32223223222333222322322233322232232
32223223232223223232223223232223223
32223223232232223223232232223223232
32223223233232223223233232223223233
32223223322232223223322232223223322
32223223322332223223322332223223322
32223223332223223332223223332223223
32223223332232223223332232223223332
32223232223222322322232223232223222
32223232223223322232322232233222323
32223232223233222323222323322232322
32223232223332223232223332223232223
32223232232223232232223232232223232
32223232233232223232233232223232233
32223232322232223232322232223232322
32223232332223222323233222322232323
32223232332223232332223232332223232
32223232332232223232332232223232332
32223233222323222323322232322232332
32223233222333222323322233322232332
32223233223232223233223232223233223
32223233232223233232223233232223233
32223233233232223233233232223233233
32223233233332223233233332223233233
32223233322232223233322232223233322
32223233332223233332223233332223233
32223233332232223233332232223233332
32223322232223222332223222322233222
32223322232233222332223223322233222
32223322232332223322232332223322232
32223322233232223322233232223322233
32223322233332223322233332223322233
32223322322232223322322232223322322
32223322323232223322323232223322323
32223322332223322332223322332223322
32223322332232223322332232223322332
32223323223232223323223232223323223
32223323232223323232223323232223323
32223323233232223323233232223323233
32223323322232223323322232223323322
32223323323232223323323232223323323
32223323332223323332223323332223323
32223332223232223332223232223332223
32223332223233222333222323322233322
32223332233232223332233232223332233
32223332322232223332322232223332322
32223332323232223332323232223332323
32223332332223332332223332332223332
32223332332232223332332232223332332
32223333222323222333322232322233332
32223333223232223333223232223333223
32223333233232223333233232223333233
32223333233332223333233332223333233
32223333322232223333322232223333322
32223333332232223333332232223333332
32232222223232232222223232232222223
32232222232332232222232332232222232
32232222233232232222233232232222233
32232222322332232222322332232222322
32232222323232232222323232232222323
32232222332232232222332232232222332
32232223222323223222322232322322232
32232223222323232232223222323232232
32232223222323332232223222323332232
32232223222333223222322233322322232
32232223223232232223223232232223223
32232223223332232223223332232223223
32232223232232223232232223232232223
32232223232232232223232232232223232
32232223232332232223232332232223232
32232223233232232223233232232223233
32232223322232232223322232232223322
32232223332232223332232223332232223
32232223332232232223332232232223332
32232232223232232232223232232232223
32232232223332232232223332232232223
32232232233232232232233232232232233
32232232322232322322323222323223223
32232232332232232232332232232232332
32232232332232232332232232332232232
32232233232232232233232232232233232
32232233232232233232232233232232233
32232233233232232233233232232233233
32232233233332232233233332232233233
32232233322232232233322232232233322
32232233332232232233332232232233332
32232233332232233332232233332232233
32232322223232232322223232232322223
32232322232232322232232322232232322
32232322232233223232223223322323222
32232322232332232322232332232322232
32232322233232232322233232232322233
32232322323232232322323232232322323
32232322332232232322332232232322332
32232322332232322332232322332232322
32232323223232232323223232232323223
32232323232232323232232323232232323
32232323233232232323233232232323233
32232323322232232323322232232323322
32232323323232232323323232232323323
32232323332232232323332232232323332
32232323332232323332232323332232323
32232332223223322323322232233223233
32232332223232232332223232232332223
32232332223233223233222323322323322
32232332232232332232232332232232332
32232332233232232332233232232332233
32232332233332232332233332232332233
32232332322232232332322232232332322
32232332332232232332332232232332332
32232332332232332332232332332232332
32232333222323223233322232322323332
32232333223232232333223232232333223
32232333232232333232232333232232333
32232333233232232333233232232333233
32232333233332232333233332232333233
32232333322232232333322232232333322
32232333332232232333332232232333332
32232333332232333332232333332232333
32233222223232233222223232233222223
32233222232332233222232332233222232
32233222233232233222233232233222233
32233222322232322332223222323223322
32233222322233322332223222333223322
32233222322332233222322332233222322
32233222323232233222323232233222323
32233222332232233222332232233222332
32233222332233222332233222332233222
32233223222323223322322232322332232
32233223222333223322322233322332232
32233223223332233223223332233223223
32233223232232233223232232233223232
32233223232233223232233223232233223
32233223233232233223233232233223233
32233223322232233223322232233223322
32233223332232233223332232233223332
32233223332233223332233223332233223
32233232223223322332322232233223323
32233232223232233232223232233232223
32233232223233223323222323322332322
32233232232232233232232232233232232
32233232232233232232233232232233232
32233232233332233232233332233232233
32233232322232233232322232233232322
32233232323323223323232332322332323
32233232332232233232332232233232332
32233232332233232332233232332233232
32233233222323223323322232322332332
32233233232233233232233233232233233
32233233322232233233322232233233322
32233233332232233233332232233233332
32233233332233233332233233332233233
32233322223232233322223232233322223
32233322232233223332223223322333222
32233322232332233322232332233322232
32233322233232233322233232233322233
32233322323232233322323232233322323
32233322332232233322332232233322332
32233322332233322332233322332233322
32233323222323223332322232322333232
32233323223232233323223232233323223
32233323232233323232233323232233323
32233323233232233323233232233323233
32233323322232233323322232233323322
32233323332233323332233323332233323
32233332223232233332223232233332223
32233332223233223333222323322333322
32233332233232233332233232233332233
32233332322232233332322232233332322
32233332323232233332323232233332323
32233332332232233332332232233332332
32233332332233332332233332332233332
32233333222323223333322232322333332
32233333223232233333223232233333223
32233333233232233333233232233333233
32233333233332233333233332233333233
32233333322232233333322232233333322
32233333332232233333332232233333332
32322222223232322222223232322222223
32322222232332322222232332322222232
32322222233232322222233232322222233
32322222322332322222322332322222322
32322222323232322222323232322222323
32322222332232322222332232322222332
32322223222323232222322232323222232
32322223222333232222322233323222232
32322223223232322223223232322223223
32322223232232322223232232322223232
32322223232322223232322223232322223
32322223233232322223233232322223233
32322223322232322223322232322223322
32322223332232322223332232322223332
32322223332322223332322223332322223
32322232223223232322232223223232322
32322232223223233232223222322323323
32322232223223332322232223223332322
32322232223232322232223232322232223
32322232223233232223222323323222322
32322232223332322232223332322232223
32322232232322232232322232232322232
32322232233232322232233232322232233
32322232322332322232322332322232322
32322232332232322232332232322232332
32322232332322232332322232332322232
32322233232322233232322233232322233
32322233233232322233233232322233233
32322233233332322233233332322233233
32322233322232322233322232322233322
32322233323332322233323332322233323
32322233332232322233332232322233332
32322233332322233332322233332322233
32322322223232322322223232322322223
32322322232233232232223223323223222
32322322232322322232322322232322322
32322322232332322322232332322322232
32322322233232322322233232322322233
32322322323223232232232322323223223
32322322323232322322323232322322323
32322322332232322322332232322322332
32322322332322322332322322332322322
32322323222323232232322232323223232
32322323223232322323223232322323223
32322323232322323232322323232322323
32322323233232322323233232322323233
32322323322232322323322232322323322
32322323323232322323323232322323323
32322323332232322323332232322323332
32322323332322323332322323332322323
32322332223223323223322232233232233
32322332223233232233222323323223322
32322332232232322332232232322332232
32322332233232322332233232322332233
32322332233332322332233332322332233
32322332323232322332323232322332323
32322332332232322332332232322332332
32322332332322332332322332332322332
32322333222323232233322232323223332
32322333223232322333223232322333223
32322333232322333232322333232322333
32322333233232322333233232322333233
32322333233332322333233332322333233
32322333322232322333322232322333322
32322333332232322333332232322333332
32322333332322333332322333332322333
32323222223232323222223232323222223
32323222232332323222232332323222232
32323222233232323222233232323222233
32323222322232323232223222323232322
32323222322233323232223222333232322
32323222322332323222322332323222322
32323222323232323222323232323222323
32323222323332323222323332323222323
32323222332232323222332232323222332
32323222332323222332323222332323222
32323223222323232322322232323232232
32323223222333232322322233323232232
32323223223232323223223232323223223
32323223223332323223223332323223223
32323223232232323223232232323223232
32323223232323223232323223232323223
32323223233232323223233232323223233
32323223322232323223322232323223322
32323223332232323223332232323223332
32323223332323223332323223332323223
32323232223232323232223232323232223
32323232223233232323222323323232322
32323232233232323232233232323232233
32323232322232323232322232323232322
32323232332232323232332232323232332
32323233222322332323233222322332323
32323233222323232323322232323232332
32323233222323323232332223233232323
32323233223232323233223232323233223
32323233232323233232323233232323233
32323233233232323233233232323233233
32323233233332323233233332323233233
32323233322232323233322232323233322
32323233332232323233332232323233332
32323233332323233332323233332323233
32323322223232323322223232323322223
32323322232233232332223223323233222
32323322232332323322232332323322232
32323322233232323322233232323322233
32323322323232323322323232323322323
32323322332232323322332232323322332
32323322332323322332323322332323322
32323323222323232332322232323233232
32323323223232323323223232323323223
32323323232323323232323323232323323
32323323233232323323233232323323233
32323323233332323323233332323323233
32323323322232323323322232323323322
32323323332323323332323323332323323
32323332223232323332223232323332223
32323332223233232333222323323233322
32323332233232323332233232323332233
32323332322232323332322232323332322
32323332323232323332323232323332323
32323332332232323332332232323332332
32323332332323332332323332332323332
32323333222323232333322232323233332
32323333223232323333223232323333223
32323333233232323333233232323333233
32323333233332323333233332323333233
32323333322232323333322232323333322
32323333332232323333332232323333332
32332222223232332222223232332222223
32332222232332332222232332332222232
32332222233232332222233232332222233
32332222322332332222322332332222322
32332222323232332222323232332222323
32332222332232332222332232332222332
32332223222323233222322232323322232
32332223222333233222322233323322232
32332223223232332223223232332223223
32332223232232332223232232332223232
32332223232332223232332223232332223
32332223233232332223233232332223233
32332223322232332223322232332223322
32332223332232332223332232332223332
32332223332332223332332223332332223
32332232223223323322322232233233223
32332232223232332232223232332232223
32332232223233233223222323323322322
32332232223332332232223332332232223
32332232232332232232332232232332232
32332232233232332232233232332232233
32332232322232332232322232332232322
32332232332332232332332232332332232
32332233223232332233223232332233223
32332233232232332233232232332233232
32332233232332233232332233232332233
32332233233232332233233232332233233
32332233233332332233233332332233233
32332233322232332233322232332233322
32332233332232332233332232332233332
32332233332332233332332233332332233
32332322223232332322223232332322223
32332322232233233232223223323323222
32332322232332332322232332332322232
32332322233232332322233232332322233
32332322323232332322323232332322323
32332322332232332322332232332322332
32332322332332322332332322332332322
32332323223232332323223232332323223
32332323232332323232332323232332323
32332323233223233232323322323323232
32332323233232332323233232332323233
32332323322232332323322232332323322
32332323323232332323323232332323323
32332323323323233232332332323323233
32332323332232332323332232332323332
32332323332332323332332323332332323
32332332223232332332223232332332223
32332332223233233233222323323323322
32332332232332332232332332232332332
32332332233232332332233232332332233
32332332233332332332233332332332233
32332332322232332332322232332332322
32332333222323233233322232323323332
32332333223232332333223232332333223
32332333232332333232332333232332333
32332333233232332333233232332333233
32332333233332332333233332332333233
32332333322232332333322232332333322
32332333332232332333332232332333332
32332333332332333332332333332332333
32333222223232333222223232333222223
32333222232332333222232332333222232
32333222233232333222233232333222233
32333222322232323332223222323233322
32333222322233323332223222333233322
32333222322332333222322332333222322
32333222323232333222323232333222323
32333222332232333222332232333222332
32333222332333222332333222332333222
32333223222323233322322232323332232
32333223222333233322322233323332232
32333223223232333223223232333223223
32333223223332333223223332333223223
32333223232232333223232232333223232
32333223232333223232333223232333223
32333223233232333223233232333223233
32333223322232333223322232333223322
32333223332232333223332232333223332
32333223332333223332333223332333223
32333232223223323332322232233233323
32333232223232333232223232333232223
32333232223233233323222323323332322
32333232232333232232333232232333232
32333232233232333232233232333232233
32333232322232333232322232333232322
32333232323323233323232332323332323
32333232332232333232332232333232332
32333232332333232332333232332333232
32333233222323233323322232323332332
32333233232333233232333233232333233
32333233233232333233233232333233233
32333233233332333233233332333233233
32333233322232333233322232333233322
32333233332333233332333233332333233
32333322223232333322223232333322223
32333322232233233332223223323333222
32333322232332333322232332333322232
32333322233232333322233232333322233
32333322323232333322323232333322323
32333322332232333322332232333322332
32333322332333322332333322332333322
32333323222323233332322232323333232
32333323223232333323223232333323223
32333323232333323232333323232333323
32333323233232333323233232333323233
32333323322232333323322232333323322
32333323332333323332333323332333323
32333332223232333332223232333332223
32333332223233233333222323323333322
32333332233232333332233232333332233
32333332322232333332322232333332322
32333332323232333332323232333332323
32333332332232333332332232333332332
32333332332333332332333332332333332
32333333222323233333322232323333332
32333333223232333333223232333333223
32333333233232333333233232333333233
32333333233332333333233332333333233
32333333322232333333322232333333322
32333333332232333333332232333333332
33222222223233222222223233222222223
33222222232233222222232233222222232
33222222232333222222232333222222232
33222222233233222222233233222222233
33222222322233222222322233222222322
33222222322333222222322333222222322
33222222323233222222323233222222323
33222222332233222222332233222222332
33222223222323322222322232332222232
33222223222333322222322233332222232
33222223223233222223223233222223223
33222223232233222223232233222223232
33222223233222223233222223233222223
33222223233233222223233233222223233
33222223322233222223322233222223322
33222223323233222223323233222223323
33222223332233222223332233222223332
33222223333222223333222223333222223
33222232223233222232223233222232223
33222232223333222232223333222232223
33222232232233222232232233222232232
33222232233222232233222232233222232
33222232233233222232233233222232233
33222232322233222232322233222232322
33222232332233222232332233222232332
33222232333222232333222232333222232
33222233223233222233223233222233223
33222233232233222233232233222233232
33222233233222233233222233233222233
33222233233233222233233233222233233
33222233233333222233233333222233233
33222233322233222233322233222233322
33222233323233222233323233222233323
33222233332233222233332233222233332
33222233333222233333222233333222233
33222322223233222322223233222322223
33222322223333222322223333222322223
33222322232223323322232223222332332
33222322233222322233222322233222322
33222322233233222322233233222322233
33222322322233222322322233222322322
33222322323233222322323233222322323
33222322332233222322332233222322332
33222322333222322333222322333222322
33222323222323322232322232332223232
33222323222333322232322233332223232
33222323223233222323223233222323223
33222323233222323233222323233222323
33222323233233222323233233222323233
33222323322233222323322233222323322
33222323323233222323323233222323323
33222323332233222323332233222323332
33222323332333222323332333222323332
33222323333222323333222323333222323
33222332223223322233222322332223322
33222332223223332223322232233322233
33222332223233222332223233222332223
33222332223233322233222323332223322
33222332232233222332232233222332232
33222332233233222332233233222332233
33222332233333222332233333222332233
33222332322233222332322233222332322
33222332323233222332323233222332323
33222332332233222332332233222332332
33222332333222332333222332333222332
33222333222323322233322232332223332
33222333223233222333223233222333223
33222333232233222333232233222333232
33222333233222333233222333233222333
33222333233233222333233233222333233
33222333233333222333233333222333233
33222333322233222333322233222333322
33222333323233222333323233222333323
33222333332233222333332233222333332
33222333333222333333222333333222333
33223222223233223222223233223222223
33223222232233223222232233223222232
33223222232333223222232333223222232
33223222233233223222233233223222233
33223222322232332232223222323322322
33223222322233332232223222333322322
33223222322333223222322333223222322
33223222323233223222323233223222323
33223222323333223222323333223222323
33223222332233223222332233223222332
33223222333223222333223222333223222
33223223223323322322322332332232232
33223223232233223223232233223223232
33223223233223223233223223233223223
33223223233233223223233233223223233
33223223322233223223322233223223322
33223223323233223223323233223223323
33223223332233223223332233223223332
33223223333223223333223223333223223
33223232223222332232322232223322323
33223232223223332232322232233322323
33223232223233223232223233223232223
33223232223233322323222323332232322
33223232232233223232232233223232232
33223232233223232233223232233223232
33223232233233223232233233223232233
33223232322233223232322233223232322
33223232332223322323233222332232323
33223232332233223232332233223232332
33223232333223232333223232333223232
33223233222323322323322232332232332
33223233232233223233232233223233232
33223233233223233233223233233223233
33223233233233223233233233223233233
33223233233333223233233333223233233
33223233322233223233322233223233322
33223233323233223233323233223233323
33223233332233223233332233223233332
33223233333223233333223233333223233
33223322223233223322223233223322223
33223322232223322332223222332233222
33223322232233223322232233223322232
33223322232233322332223223332233222
33223322232333223322232333223322232
33223322233223322233223322233223322
33223322233233223322233233223322233
33223322233333223322233333223322233
33223322323233223322323233223322323
33223322332333223322332333223322332
33223322333223322333223322333223322
33223323222323322332322232332233232
33223323223233223323223233223323223
33223323233223323233223323233223323
33223323233233223323233233223323233
33223323322233223323322233223323322
33223323323233223323323233223323323
33223323332233223323332233223323332
33223323333223323333223323333223323
33223332223223322333222322332233322
33223332223233223332223233223332223
33223332223233322333222323332233322
33223332232233223332232233223332232
33223332233233223332233233223332233
33223332322233223332322233223332322
33223332323233223332323233223332323
33223332332233223332332233223332332
33223332333223332333223332333223332
33223333222323322333322232332233332
33223333223233223333223233223333223
33223333232233223333232233223333232
33223333233233223333233233223333233
33223333233333223333233333223333233
33223333322233223333322233223333322
33223333323233223333323233223333323
33223333332233223333332233223333332
33232222223233232222223233232222223
33232222232233232222232233232222232
33232222232333232222232333232222232
33232222233233232222233233232222233
33232222322233232222322233232222322
33232222322333232222322333232222322
33232222323233232222323233232222323
33232222332233232222332233232222332
33232223222323323222322232332322232
33232223222323332322232223233323222
33232223222333323222322233332322232
33232223223233232223223233232223223
33232223232233232223232233232223232
33232223232333232223232333232223232
33232223233232223233232223233232223
33232223233233232223233233232223233
33232223322233232223322233232223322
33232223323233232223323233232223323
33232223323333232223323333232223323
33232223332233232223332233232223332
33232223333232223333232223333232223
33232232223223332322322232233323223
33232232223233232232223233232232223
33232232223233323223222323332322322
33232232223333232232223333232232223
33232232233232232233232232233232232
33232232233233232232233233232232233
33232232322233232232322233232232322
33232232332233232232332233232232332
33232232333232232333232232333232232
33232233223233232233223233232233223
33232233233232233233232233233232233
33232233233233232233233233232233233
33232233233333232233233333232233233
33232233322233232233322233232233322
33232233323233232233323233232233323
33232233332233232233332233232233332
33232233333232233333232233333232233
33232322223233232322223233232322223
33232322232223323232223222332323222
33232322232233323232223223332323222
33232322232333232322232333232322232
33232322233233232322233233232322233
33232322323233232322323233232322323
33232322332233232322332233232322332
33232322333232322333232322333232322
33232323223233232323223233232323223
33232323233232323233232323233232323
33232323233233232323233233232323233
33232323322232332323233222323323232
33232323322233232323322233232323322
33232323323233232323323233232323323
33232323332233232323332233232323332
33232323333232323333232323333232323
33232332223222332323322232223323233
33232332223223323233222322332323322
33232332223223332323322232233323233
33232332223233232332223233232332223
33232332223233323233222323332323322
33232332232233232332232233232332232
33232332233232332233232332233232332
33232332233233232332233233232332233
33232332233333232332233333232332233
33232332322233232332322233232332322
33232332323333232332323333232332323
33232332332233232332332233232332332
33232332333232332333232332333232332
33232333222323323233322232332323332
33232333223233232333223233232333223
33232333232233232333232233232333232
33232333233232333233232333233232333
33232333233233232333233233232333233
33232333233333232333233333232333233
33232333322233232333322233232333322
33232333323233232333323233232333323
33232333332233232333332233232333332
33232333333232333333232333333232333
33233222223233233222223233233222223
33233222232233233222232233233222232
33233222232333233222232333233222232
33233222233233233222233233233222233
33233222322232332332223222323323322
33233222322233233222322233233222322
33233222322233332332223222333323322
33233222322333233222322333233222322
33233222323233233222323233233222323
33233222332233233222332233233222332
33233222333233222333233222333233222
33233223222323323322322232332332232
33233223222333323322322233332332232
33233223223233233223223233233223223
33233223223333233223223333233223223
33233223232233233223232233233223232
33233223233233223233233223233233223
33233223233233233223233233233223233
33233223322233233223322233233223322
33233223323233233223323233233223323
33233223332233233223332233233223332
33233223333233223333233223333233223
33233232223222332332322232223323323
33233232223223332332322232233323323
33233232223233233232223233233232223
33233232223233323323222323332332322
33233232232233233232232233233232232
33233232233233232233233232233233232
33233232233233233232233233233232233
33233232322233233232322233233232322
33233232323323323323232332332332323
33233232332233233232332233233232332
33233232333233232333233232333233232
33233233223233233233223233233233223
33233233232233233233232233233233232
33233233322233233233322233233233322
33233233323233233233323233233233323
33233233332233233233332233233233332
33233233333233233333233233333233233
33233322223233233322223233233322223
33233322232223323332223222332333222
33233322232233233322232233233322232
33233322232233323332223223332333222
33233322232333233322232333233322232
33233322233233233322233233233322233
33233322323233233322323233233322323
33233322332233233322332233233322332
33233322333233322333233322333233322
33233323222323323332322232332333232
33233323223233233323223233233323223
33233323233233233323233233233323233
33233323233233323233233323233233323
33233323322233233323322233233323322
33233323332233233323332233233323332
33233323333233323333233323333233323
33233332223223323333222322332333322
33233332223233233332223233233332223
33233332223233323333222323332333322
33233332232233233332232233233332232
33233332233233233332233233233332233
33233332322233233332322233233332322
33233332323233233332323233233332323
33233332332233233332332233233332332
33233332333233332333233332333233332
33233333222323323333322232332333332
33233333223233233333223233233333223
33233333232233233333232233233333232
33233333233233233333233233233333233
33233333322233233333322233233333322
33233333323233233333323233233333323
33233333332233233333332233233333332
33322222223233322222223233322222223
33322222232233322222232233322222232
33322222232333322222232333322222232
33322222233233322222233233322222233
33322222322233322222322233322222322
33322222322333322222322333322222322
33322222323233322222323233322222323
33322222332233322222332233322222332
33322223222323332222322232333222232
33322223222333332222322233333222232
33322223223233322223223233322223223
33322223232233322223232233322223232
33322223233233322223233233322223233
33322223233322223233322223233322223
33322223322233322223322233322223322
33322223323233322223323233322223323
33322223332233322223332233322223332
33322223333322223333322223333322223
33322232223233322232223233322232223
33322232223333322232223333322232223
33322232232233322232232233322232232
33322232233233322232233233322232233
33322232233322232233322232233322232
33322232322233322232322233322232322
33322232332233322232332233322232332
33322232333322232333322232333322232
33322233223233322233223233322233223
33322233232233322233232233322233232
33322233233233322233233233322233233
33322233233322233233322233233322233
33322233233333322233233333322233233
33322233323233322233323233322233323
33322233332233322233332233322233332
33322233333322233333322233333322233
33322322223233322322223233322322223
33322322232233332232223223333223222
33322322232333322322232333322322232
33322322233233322322233233322322233
33322322233322322233322322233322322
33322322323233322322323233322322323
33322322332233322322332233322322332
33322322333322322333322322333322322
33322323222323332232322232333223232
33322323223233322323223233322323223
33322323233233322323233233322323233
33322323233322323233322323233322323
33322323322233322323322233322323322
33322323323233322323323233322323323
33322323332233322323332233322323332
33322323333322323333322323333322323
33322332223222333223322232223332233
33322332223223332233222322333223322
33322332223223333223322232233332233
33322332223233332233222323333223322
33322332232233322332232233322332232
33322332233233322332233233322332233
33322332233333322332233333322332233
33322332322233322332322233322332322
33322332323233322332323233322332323
33322332332233322332332233322332332
33322332333322332333322332333322332
33322333222323332233322232333223332
33322333223233322333223233322333223
33322333232233322333232233322333232
33322333233233322333233233322333233
33322333233322333233322333233322333
33322333233333322333233333322333233
33322333322233322333322233322333322
33322333323233322333323233322333323
33322333332233322333332233322333332
33322333333322333333322333333322333
33323222223233323222223233323222223
33323222232233323222232233323222232
33323222232333323222232333323222232
33323222233233323222233233323222233
33323222322232333232223222323332322
33323222322232333323222322232333323
33323222322233323222322233323222322
33323222322233333232223222333332322
33323222322333323222322333323222322
33323222323233323222323233323222323
33323222323333323222323333323222323
33323222332233323222332233323222332
33323222333323222333323222333323222
33323223222323332322322232333232232
33323223222333332322322233333232232
33323223223233323223223233323223223
33323223223333323223223333323223223
33323223232233323223232233323223232
33323223233233323223233233323223233
33323223233323223233323223233323223
33323223322233323223322233323223322
33323223323233323223323233323223323
33323223332233323223332233323223332
33323223333323223333323223333323223
33323232223233323232223233323232223
33323232223233332323222323333232322
33323232232233323232232233323232232
33323232233233323232233233323232233
33323232233323232233323232233323232
33323232322233323232322233323232322
33323232332223332323233222333232323
33323232332233323232332233323232332
33323232333323232333323232333323232
33323233222323332323322232333232332
33323233223233323233223233323233223
33323233233233323233233233323233233
33323233233323233233323233233323233
33323233233333323233233333323233233
33323233322233323233322233323233322
33323233332233323233332233323233332
33323233333323233333323233333323233
33323322223233323322223233323322223
33323322232223332332223222333233222
33323322232233323322232233323322232
33323322232233332332223223333233222
33323322232333323322232333323322232
33323322233233323322233233323322233
33323322323233323322323233323322323
33323322332233323322332233323322332
33323322333323322333323322333323322
33323323222323332332322232333233232
33323323223233323323223233323323223
33323323233233323323233233323323233
33323323233323323233323323233323323
33323323233333323323233333323323233
33323323322233323323322233323323322
33323323332233323323332233323323332
33323323333323323333323323333323323
33323332223223332333222322333233322
33323332223233323332223233323332223
33323332223233332333222323333233322
33323332232233323332232233323332232
33323332233233323332233233323332233
33323332233323332233323332233323332
33323332322233323332322233323332322
33323332323233323332323233323332323
33323332332233323332332233323332332
33323332333323332333323332333323332
33323333222323332333322232333233332
33323333223233323333223233323333223
33323333232233323333232233323333232
33323333233233323333233233323333233
33323333233333323333233333323333233
33323333322233323333322233323333322
33323333323233323333323233323333323
33323333332233323333332233323333332
33332222223233332222223233332222223
33332222232233332222232233332222232
33332222232333332222232333332222232
33332222233233332222233233332222233
33332222322233332222322233332222322
33332222322333332222322333332222322
33332222323233332222323233332222323
33332222332233332222332233332222332
33332223222323333222322232333322232
33332223222333333222322233333322232
33332223223233332223223233332223223
33332223232233332223232233332223232
33332223233233332223233233332223233
33332223233332223233332223233332223
33332223322233332223322233332223322
33332223323233332223323233332223323
33332223332233332223332233332223332
33332223333332223333332223333332223
33332232223223333322322232233333223
33332232223233332232223233332232223
33332232223233333223222323333322322
33332232223333332232223333332232223
33332232232233332232232233332232232
33332232233233332232233233332232233
33332232233332232233332232233332232
33332232322233332232322233332232322
33332232332233332232332233332232332
33332232333332232333332232333332232
33332233232233332233232233332233232
33332233233233332233233233332233233
33332233233332233233332233233332233
33332233233333332233233333332233233
33332233322233332233322233332233322
33332233323233332233323233332233323
33332233333332233333332233333332233
33332322223233332322223233332322223
33332322232223333232223222333323222
33332322232233333232223223333323222
33332322232333332322232333332322232
33332322233233332322233233332322233
33332322323233332322323233332322323
33332322332233332322332233332322332
33332322333332322333332322333332322
33332323223233332323223233332323223
33332323233223333232323322333323232
33332323233233332323233233332323233
33332323233332323233332323233332323
33332323322233332323322233332323322
33332323323233332323323233332323323
33332323332233332323332233332323332
33332323333332323333332323333332323
33332332223222333323322232223333233
33332332223223333233222322333323322
33332332223223333323322232233333233
33332332223233332332223233332332223
33332332223233333233222323333323322
33332332232233332332232233332332232
33332332233233332332233233332332233
33332332233332332233332332233332332
33332332233333332332233333332332233
33332332322233332332322233332332322
33332332323233332332323233332332323
33332332333332332333332332333332332
33332333222323333233322232333323332
33332333223233332333223233332333223
33332333232233332333232233332333232
33332333233233332333233233332333233
33332333233332333233332333233332333
33332333233333332333233333332333233
33332333322233332333322233332333322
33332333323233332333323233332333323
33332333332233332333332233332333332
33332333333332333333332333333332333
33333222223233333222223233333222223
33333222232233333222232233333222232
33333222232333333222232333333222232
33333222233233333222233233333222233
33333222322232333332223222323333322
33333222322233333222322233333222322
33333222322233333332223222333333322
33333222322333333222322333333222322
33333222323233333222323233333222323
33333222332233333222332233333222332
33333222333333222333333222333333222
33333223222323333322322232333332232
33333223222333333322322233333332232
33333223223233333223223233333223223
33333223223333333223223333333223223
33333223232233333223232233333223232
33333223233233333223233233333223233
33333223233333223233333223233333223
33333223322233333223322233333223322
33333223323233333223323233333223323
33333223332233333223332233333223332
33333223333333223333333223333333223
33333232223222333332322232223333323
33333232223223333332322232233333323
33333232223233333232223233333232223
33333232223233333323222323333332322
33333232232233333232232233333232232
33333232233233333232233233333232233
33333232233333232233333232233333232
33333232322233333232322233333232322
33333232323323333323232332333332323
33333232332233333232332233333232332
33333232333333232333333232333333232
33333233222323333323322232333332332
33333233223233333233223233333233223
33333233232233333233232233333233232
33333233233233333233233233333233233
33333233233333233233333233233333233
33333233233333333233233333333233233
33333233322233333233322233333233322
33333233323233333233323233333233323
33333233332233333233332233333233332
33333233333333233333333233333333233
33333322223233333322223233333322223
33333322232223333332223222333333222
33333322232233333322232233333322232
33333322232233333332223223333333222
33333322232333333322232333333322232
33333322233233333322233233333322233
33333322323233333322323233333322323
33333322332233333322332233333322332
33333322333333322333333322333333322
33333323222323333332322232333333232
33333323223233333323223233333323223
33333323233233333323233233333323233
33333323233333323233333323233333323
33333323322233333323322233333323322
33333323332233333323332233333323332
33333323333333323333333323333333323
33333332223223333333222322333333322
33333332223233333332223233333332223
33333332223233333333222323333333322
33333332232233333332232233333332232
33333332233233333332233233333332233
33333332322233333332322233333332322
33333332323233333332323233333332323
33333332332233333332332233333332332
33333332333333332333333332333333332
33333333222323333333322232333333332
33333333223233333333223233333333223
33333333232233333333232233333333232
33333333233233333333233233333333233
33333333233333333333233333333333233
33333333322233333333322233333333322
33333333323233333333323233333333323
33333333332233333333332233333333332
