222222222232222222222222322222222222223
222222222232232222222222322322222222223
222222222332222222222223322222222222233
222222223222222222322222222232222222223
222222223222322222222232223222222222322
222222223222323222222223222323222222223
222222223222332222222232223322222222322
222222223232222222222232322222222222323
222222223322222222332222222233222222223
222222232222222223222222222322222222232
222222232223223222222232223223222222232
222222232223232222222322232322222223222
222222232322222223232222222323222222232
222222232332222222222323322222222223233
222222233222222223322222222332222222233
222222233222322222222233222322222222233
222222233222323222222233222323222222233
222222233232222222222332322222222223323
222222233322222223332222222333222222233
222222322222222232222222223222222222322
222222322232232222223222322322222232223
222222322322222232232222223223222222322
222222323222222232322222223232222222323
222222323222322222223232223222222232322
222222323222323222222323222323222222323
222222323322222232332222223233222222323
222222332223222222222332223222222222332
222222332223222222223322232222222233222
222222332223223222222332223223222222332
222222332223232222223322232322222233222
222222332322222233232222223323222222332
222222332332222222223323322222222233233
222222333222222233322222223332222222333
222222333222322222223332223222222233322
222222333232222222223332322222222233323
222222333322222233332222223333222222333
222223222222222322222222232222222223222
222223222232222222232222322222222322223
222223222232232222232222322322222322223
222223222322222322232222232223222223222
222223222332222222232223322222222322233
222223223222222322322222232232222223223
222223223222322222232232223222222322322
222223223222323222223223222323222223223
222223223222332222232232223322222322322
222223223322222322332222232233222223223
222223232222222323222222232322222223232
222223232223222222223232223222222223232
222223232223223222223232223223222223232
222223232223232222232322232322222323222
222223232322222323232222232323222223232
222223232332222222232323322222222323233
222223233222222323322222232332222223233
222223233222322222223233222322222223233
222223233222322222232332223222222323322
222223233232222222232332322222222323323
222223233322222323332222232333222223233
222223322232222222233222322222222332223
222223322232223222222332223222322222233
222223322232223322222332223222332222233
222223322232232222233222322322222332223
222223322322222332232222233223222223322
222223323222222332322222233232222223323
222223323222322222233232223222222332322
222223323222323222223323222323222223323
222223323322222332332222233233222223323
222223332223222222223332223222222223332
222223332223222222233322232222222333222
222223332223223222223332223223222223332
222223332223232222233322232322222333222
222223332322222333232222233323222223332
222223332332222222233323322222222333233
222223333222322222233332223222222333322
222223333232222222233332322222222333323
222232222232222222322222322222223222223
222232222232232222322222322322223222223
222232222332222222322223322222223222233
222232223222223222322222322232222232223
222232223222332222222322232223322222223
222232223222332222223222322233222222322
222232223232222222322232322222223222323
222232223232232222322232322322223222323
222232223322223222332222322233222232223
222232232222223223222222322322222232232
222232232223223222232232223223222232232
222232232223232222322322232322223223222
222232232233222222322322332222223223223
222232232322223223232222322323222232232
222232232332222222322323322222223223233
222232233222223223322222322332222232233
222232233222322222232233222322222232233
222232233222323222232233222323222232233
222232233232222222322332322222223223323
222232233322223223332222322333222232233
222232322232222222323222322222223232223
222232322232223222223232223222322222323
222232322232223322223232223222332222323
222232322232232222323222322322223232223
222232322322223232232222323223222232322
222232323222223232322222323232222232323
222232323222322222323232223222223232322
222232323322223232332222323233222232323
222232323322232222232323322232222232323
222232332222223233222222323322222232332
222232332223222222232332223222222232332
222232332223222222323322232222223233222
222232332223223222232332223223222232332
222232332322223233232222323323222232332
222232332332222222323323322222223233233
222232333222223233322222323332222232333
222232333222322222323332223222223233322
222232333232222222323332322222223233323
222232333322223233332222323333222232333
222233222232222222332222322222223322223
222233222232232222332222322322223322223
222233222322223322232222332223222233222
222233222322232222233222322232222233222
222233222322232322223322232223232222332
222233222322233222233222322233222233222
222233222332222222332223322222223322233
222233223222223322322222332232222233223
222233223222322222332232223222223322322
222233223222323222233223222323222233223
222233223222332222332232223322223322322
222233223232222222332232322222223322323
222233223322223322332222332233222233223
222233232222223323222222332322222233232
222233232223222222233232223222222233232
222233232223223222233232223223222233232
222233232223232222332322232322223323222
222233232322223323232222332323222233232
222233232323322222332323233222223323232
222233232332222222332323322222223323233
222233233222223323322222332332222233233
222233233222322222233233222322222233233
222233233222322222332332223222223323322
222233233222323222233233222323222233233
222233233232222222332332322222223323323
222233233322223323332222332333222233233
222233322232222222333222322222223332223
222233322232232222333222322322223332223
222233322322223332232222333223222233322
222233323222223332322222333232222233323
222233323222322222333232223222223332322
222233323222323222233323222323222233323
222233323322223332332222333233222233323
222233332223222222233332223222222233332
222233332223222222333322232222223333222
222233332223223222233332223223222233332
222233332223232222333322232322223333222
222233332322223333232222333323222233332
222233332332222222333323322222223333233
222233333222322222333332223222223333322
222233333232222222333332322222223333323
222322222232232223222222322322232222223
222322222332222223222223322222232222233
222322223222323222322223222323222322223
222322223222332223222232223322232222322
222322223232222223222232322222232222323
222322223322232222332223222233222322223
222322232222232223222223222322222322232
222322232223322222232223222332222223222
222322232223322222322232223322222322232
222322232232222223222322322222232223223
222322232232223232223222322322232322232
222322232232232223222322322322232223223
222322232322232223232223222323222322232
222322232322232232223222323222322322232
222322232332222223222323322222232223233
222322233222232223322223222332222322233
222322233222322222322233222322222322233
222322233222323222322233222323222322233
222322233222332223222332223322232223322
222322233232222223222332322222232223323
222322233322232223332223222333222322233
222322322222232232222223223222222322322
222322322232223222232232223222322223223
222322322232223322232232223222332223223
222322322322232232232223223223222322322
222322322323222223223223232222232232232
222322323222232232322223223232222322323
222322323222322223223232223222232232322
222322323222323222322323222323222322323
222322323322232232332223223233222322323
222322332223222222322332223222222322332
222322332223222223223322232222232233222
222322332223232223223322232322232233222
222322332322232233232223223323222322332
222322332332222223223323322222232233233
222322333222232233322223223332222322333
222322333222322223223332223222232233322
222322333232222223223332322222232233323
222322333322232233332223223333222322333
222323222232222223232222322222232322223
222323222232232223232222322322232322223
222323222322232222323222322232222323222
222323222322232322232223232223222323222
222323222322233222323222322233222323222
222323222332222223232223322222232322233
222323223222232322322223232232222323223
222323223222322223232232223222232322322
222323223222323222323223222323222323223
222323223222332223232232223322232322322
222323223322232322332223232233222323223
222323232222232323222223232322222323232
222323232223232223232322232322232323222
222323232322232323232223232323222323232
222323232332222223232323322222232323233
222323233222232323322223232332222323233
222323233222322222323233222322222323233
222323233222322223232332223222232323322
222323233222323222323233222323222323233
222323233232222223232332322222232323323
222323233322232323332223232333222323233
222323322232222223233222322222232332223
222323322232223222232332223222322223233
222323322232223322232332223222332223233
222323322232232223233222322322232332223
222323322322232332232223233223222323322
222323323222232332322223233232222323323
222323323222322223233232223222232332322
222323323222323222323323222323222323323
222323323322232332332223233233222323323
222323332223222222323332223222222323332
222323332223222223233322232222232333222
222323332223223222323332223223222323332
222323332223232223233322232322232333222
222323332322232333232223233323222323332
222323332332222223233323322222232333233
222323333222322223233332223222232333322
222323333232222223233332322222232333323
222332222232222223322222322222233222223
222332222232232223322222322322233222223
222332222332222223322223322222233222233
222332223222233222322223322232222332223
222332223222322223322232223222233222322
222332223222322322233222322232232223322
222332223222323222332223222323222332223
222332223222332223322232223322233222322
222332223232222223322232322222233222323
222332232222233223222223322322222332232
222332232223223222332232223223222332232
222332232223232223322322232322233223222
222332232322233223232223322323222332232
222332233222233223322223322332222332233
222332233222322222332233222322222332233
222332233222323222332233222323222332233
222332233232222223322332322222233223323
222332233322233223332223322333222332233
222332322232222223323222322222233232223
222332322232223222233232223222322223323
222332322232223322233232223222332223323
222332322232232223323222322322233232223
222332322322233232232223323223222332322
222332323222233232322223323232222332323
222332323222322223323232223222233232322
222332323233222222332323233222222332323
222332323322233232332223323233222332323
222332332222233233222223323322222332332
222332332223222222332332223222222332332
222332332223222223323322232222233233222
222332332223223222332332223223222332332
222332332223232223323322232322233233222
222332332322233233232223323323222332332
222332333222233233322223323332222332333
222332333222322223323332223222233233322
222332333232222223323332322222233233323
222332333322233233332223323333222332333
222333222232222223332222322222233322223
222333222232232223332222322322233322223
222333222322232222333222322232222333222
222333222322232322233322232223232223332
222333222322233222333222322233222333222
222333222322233322232223332223222333222
222333222332222223332223322222233322233
222333223222233322322223332232222333223
222333223222322223332232223222233322322
222333223222323222333223222323222333223
222333223222332223332232223322233322322
222333223232222223332232322222233322323
222333223322233322332223332233222333223
222333232222233323222223332322222333232
222333232223222222333232223222222333232
222333232223223222333232223223222333232
222333232223232223332322232322233323222
222333232322233323232223332323222333232
222333232323322223332323233222233323232
222333232332222223332323322222233323233
222333233222233323322223332332222333233
222333233222322222333233222322222333233
222333233222322223332332223222233323322
222333233222323222333233222323222333233
222333233232222223332332322222233323323
222333233322233323332223332333222333233
222333322232222223333222322222233332223
222333322232232223333222322322233332223
222333322322233332232223333223222333322
222333323222233332322223333232222333323
222333323222322223333232223222233332322
222333323222323222333323222323222333323
222333323322233332332223333233222333323
222333332223222222333332223222222333332
222333332223222223333322232222233333222
222333332223223222333332223223222333332
222333332223232223333322232322233333222
222333332322233333232223333323222333332
222333332332222223333323322222233333233
222333333222322223333332223222233333322
222333333232222223333332322222233333323
223222222232222232222222322222322222223
223222222232232232222222322322322222223
223222222332222232222223322222322222233
223222223222322222322232222232223222223
223222223222322232222232223222322222322
223222223222323223222223222323223222223
223222223222332232222232223322322222322
223222223232222232222232322222322222323
223222223322322222332232222233223222223
223222232223223223222232223223223222232
223222232223232232222322232322322223222
223222232322322223232232222323223222232
223222232332222232222323322222322223233
223222233222322223222233222322223222233
223222233222322223322232222332223222233
223222233222323223222233222323223222233
223222233232222232222332322222322223323
223222233322322223332232222333223222233
223222322222322232222232223222223222322
223222322232322233223222322232322233223
223222322232322322322232223232232232223
223222322232323223222322232323223222322
223222322232332232223222323322322232223
223222322233222223222322233222223222322
223222322233222232223222332222322232223
223222322233222322223222322233222322223
223222322322232223232223222322322232223
223222322322322232232232223223223222322
223222323222322232223232223222322232322
223222323222322232232223222323222322232
223222323222322232322232223232223222323
223222323222323223222323222323223222323
223222323222332232223232223322322232322
223222323322322232332232223233223222323
223222332223222223222332223222223222332
223222332223222232223322232222322233222
223222332223223223222332223223223222332
223222332223232232223322232322322233222
223222332232232232223322322322322233223
223222332322322233232232223323223222332
223222332332222232223323322222322233233
223222333222322232223332223222322233322
223222333222322233322232223332223222333
223222333232222232223332322222322233323
223222333322322233332232223333223222333
223223222232222232232222322222322322223
223223222232232232232222322322322322223
223223222322232223223222322232223223222
223223222322232322232223223222322232322
223223222322233223223222322233223223222
223223222322322322232232232223223223222
223223222332222232232223322222322322233
223223223222322322322232232232223223223
223223223322322322332232232233223223223
223223232222322323222232232322223223232
223223232223222223223232223222223223232
223223232223223223223232223223223223232
223223232223232232232322232322322323222
223223232322322323232232232323223223232
223223232332222232232323322222322323233
223223233222322223223233222322223223233
223223233222322232232332223222322323322
223223233222322323322232232332223223233
223223233232222232232332322222322323323
223223233322322323332232232333223223233
223223322222322332222232233222223223322
223223322232222232233222322222322332223
223223322232223222322332223222322232233
223223322232223322322332223222332232233
223223322322322332232232233223223223322
223223323222322232233232223222322332322
223223323222322332322232233232223223323
223223323222323223223323222323223223323
223223323322322332332232233233223223323
223223332223222223223332223222223223332
223223332223222232233322232222322333222
223223332223223223223332223223223223332
223223332223232232233322232322322333222
223223332322322333232232233323223223332
223223332332222232233323322222322333233
223223333222322232233332223222322333322
223223333232222232233332322222322333323
223232222232222232322222322222323222223
223232222232232232322222322322323222223
223232222332222232322223322222323222233
223232223222322232322232223222323222322
223232223222322322232223232223222322322
223232223222322322232322232223223222323
223232223222322332232322232223223322323
223232223222323222322232322232223232223
223232223222323223232223222323223232223
223232223222332232322232223322323222322
223232223232222232322232322222323222323
223232223232232232322232322322323222323
223232223322323222332232322233223232223
223232232222323223222232322322223232232
223232232223223223232232223223223232232
223232232223232232322322232322323223222
223232232232322232322322323222323223223
223232232332222232322323322222323223233
223232233222322223232233222322223232233
223232233222323223232233222323223232233
223232233222323223322232322332223232233
223232233322323223332232322333223232233
223232322232222232323222322222323232223
223232322232232232323222322322323232223
223232322322323232232232323223223232322
223232323222322232323232223222323232322
223232332222323233222232323322223232332
223232332223222223232332223222223232332
223232332223222232323322232222323233222
223232332223223223232332223223223232332
223232332223232232323322232322323233222
223232332322323233232232323323223232332
223232332332222232323323322222323233233
223232333222322232323332223222323233322
223232333222323233322232323332223232333
223232333232222232323332322222323233323
223232333322323233332232323333223232333
223233222232222232332222322222323322223
223233222232232232332222322322323322223
223233222322232223233222322232223233222
223233222322232322323322232223232232332
223233222322233223233222322233223233222
223233222322323322232232332223223233222
223233222332222232332223322222323322233
223233223222322232332232223222323322322
223233223222323223233223222323223233223
223233223222323322322232332232223233223
223233223222332232332232223322323322322
223233223232222232332232322222323322323
223233223322323322332232332233223233223
223233232222323323222232332322223233232
223233232223222223233232223222223233232
223233232223223223233232223223223233232
223233232223232232332322232322323323222
223233232322323323232232332323223233232
223233232323322232332323233222323323232
223233232332222232332323322222323323233
223233233222322223233233222322223233233
223233233222322232332332223222323323322
223233233222323223233233222323223233233
223233233222323323322232332332223233233
223233233322323323332232332333223233233
223233322232222232333222322222323332223
223233322232232232333222322322323332223
223233322322323332232232333223223233322
223233323222322232333232223222323332322
223233323222323223233323222323223233323
223233323222323332322232333232223233323
223233323322323332332232333233223233323
223233332223222223233332223222223233332
223233332223222232333322232222323333222
223233332223223223233332223223223233332
223233332223232232333322232322323333222
223233332322323333232232333323223233332
223233332332222232333323322222323333233
223233333222322232333332223222323333322
223233333232222232333332322222323333323
223322222232222233222222322222332222223
223322222232232233222222322322332222223
223322223222322233222232223222332222322
223322223222323223322223222323223322223
223322223222332222322233222232223322223
223322223222332233222232223322332222322
223322223232222233222232322222332222323
223322223322332222332233222233223322223
223322232222332223222233222322223322232
223322232223223223322232223223223322232
223322232223232233222322232322332223222
223322232322332223232233222323223322232
223322232332222233222323322222332223233
223322232332232233222323322322332223233
223322233222322223322233222322223322233
223322233222323223322233222323223322233
223322233232222233222332322222332223323
223322233322332223332233222333223322233
223322322222332232222233223222223322322
223322322232223222332232223222322233223
223322322232223322332232223222332233223
223322322232232233223222322322332232223
223322322322332232232233223223223322322
223322323222322233223232223222332232322
223322323222323223322323222323223322323
223322323222332232322233223232223322323
223322323322332232332233223233223322323
223322332223222223322332223222223322332
223322332223222233223322232222332233222
223322332223223223322332223223223322332
223322332223232233223322232322332233222
223322332322332233232233223323223322332
223322332332222233223323322222332233233
223322333222322233223332223222332233322
223322333222332233322233223332223322333
223322333232222233223332322222332233323
223322333322332233332233223333223322333
223323222232222233232222322222332322223
223323222232232233232222322322332322223
223323222322232223323222322232223323222
223323222322232322332322232223232233232
223323222322233223323222322233223323222
223323222322332322232233232223223323222
223323222332222233232223322222332322233
223323223222322233232232223222332322322
223323223222323223323223222323223323223
223323223222332233232232223322332322322
223323223222332322322233232232223323223
223323223322332322332233232233223323223
223323232222332323222233232322223323232
223323232223232233232322232322332323222
223323232322332323232233232323223323232
223323232332222233232323322222332323233
223323233222322223323233222322223323233
223323233222322233232332223222332323322
223323233222323223323233222323223323233
223323233222332323322233232332223323233
223323233232222233232332322222332323323
223323233322332323332233232333223323233
223323322232222233233222322222332332223
223323322232223222332332223222322233233
223323322232223322332332223222332233233
223323322232232233233222322322332332223
223323322322332332232233233223223323322
223323323222322233233232223222332332322
223323323222323223323323222323223323323
223323323222332332322233233232223323323
223323323322332332332233233233223323323
223323332222332333222233233322223323332
223323332223222223323332223222223323332
223323332223222233233322232222332333222
223323332223223223323332223223223323332
223323332223232233233322232322332333222
223323332322332333232233233323223323332
223323332332222233233323322222332333233
223323333222322233233332223222332333322
223323333232222233233332322222332333323
223332222232222233322222322222333222223
223332222232232233322222322322333222223
223332222332222233322223322222333222233
223332223222322233322232223222333222322
223332223222322322333222322232232233322
223332223222323223332223222323223332223
223332223222332233322232223322333222322
223332223222333222322233322232223332223
223332223232222233322232322222333222323
223332223322333222332233322233223332223
223332232222333223222233322322223332232
223332232223223223332232223223223332232
223332232223232233322322232322333223222
223332232322333223232233322323223332232
223332232332222233322323322222333223233
223332233222322223332233222322223332233
223332233222323223332233222323223332233
223332233222333223322233322332223332233
223332233232222233322332322222333223323
223332322232222233323222322222333232223
223332322232223222333232223222322233323
223332322232223322333232223222332233323
223332322232232233323222322322333232223
223332322322333232232233323223223332322
223332323222322233323232223222333232322
223332323222333232322233323232223332323
223332323233222223332323233222223332323
223332323322333232332233323233223332323
223332332222333233222233323322223332332
223332332223222223332332223222223332332
223332332223222233323322232222333233222
223332332223223223332332223223223332332
223332332223232233323322232322333233222
223332332322333233232233323323223332332
223332333222322233323332223222333233322
223332333222333233322233323332223332333
223332333232222233323332322222333233323
223332333322333233332233323333223332333
223333222232222233332222322222333322223
223333222232232233332222322322333322223
223333222322232223333222322232223333222
223333222322232322333322232223232233332
223333222322233223333222322233223333222
223333222322333322232233332223223333222
223333222332222233332223322222333322233
223333223222322233332232223222333322322
223333223222323223333223222323223333223
223333223222332233332232223322333322322
223333223222333322322233332232223333223
223333223232222233332232322222333322323
223333223322333322332233332233223333223
223333232222333323222233332322223333232
223333232223222223333232223222223333232
223333232223223223333232223223223333232
223333232223232233332322232322333323222
223333232322333323232233332323223333232
223333232323322233332323233222333323232
223333232332222233332323322222333323233
223333233222322223333233222322223333233
223333233222322233332332223222333323322
223333233222323223333233222323223333233
223333233222333323322233332332223333233
223333233232222233332332322222333323323
223333233322333323332233332333223333233
223333322232222233333222322222333332223
223333322232232233333222322322333332223
223333322322333332232233333223223333322
223333323222322233333232223222333332322
223333323222323223333323222323223333323
223333323222333332322233333232223333323
223333323322333332332233333233223333323
223333332223222223333332223222223333332
223333332223222233333322232222333333222
223333332223223223333332223223223333332
223333332223232233333322232322333333222
223333332322333333232233333323223333332
223333332332222233333323322222333333233
223333333222322233333332223222333333322
223333333232222233333332322222333333323
232222222232222322222222322223222222223
232222222232232322222222322323222222223
232222222332222322222223322223222222233
232222223222322322222232223223222222322
232222223222323232222223222323232222223
232222223222332322222232223323222222322
232222223223222222322322222232232222223
232222223232222322222232322223222222323
232222223323222222332322222233232222223
232222232223222223222322222322232222232
232222232223223232222232223223232222232
232222232223232322222322232323222223222
232222232323222223232322222323232222232
232222232332222322222323322223222223233
232222233222322232222233222322232222233
232222233222323232222233222323232222233
232222233223222223322322222332232222233
232222233232222322222332322223222223323
232222233323222223332322222333232222233
232222322232232322223222322323222232223
232222322323222232232322223223232222322
232222323222322223222232322232222322223
232222323222322322223232223223222232322
232222323222323232222323222323232222323
232222323223222232322322223232232222323
232222323323222232332322223233232222323
232222332223222232222332223222232222332
232222332223222322223322232223222233222
232222332223223232222332223223232222332
232222332223232322223322232323222233222
232222332323222233232322223323232222332
232222332332222322223323322223222233233
232222333222322322223332223223222233322
232222333223222233322322223332232222333
232222333232222322223332322223222233323
232222333323222233332322223333232222333
232223222223222322222322232222232223222
232223222232222322232222322223222322223
232223222232232322232222322323222322223
232223222322322233232223222322322233232
232223222322322323222322232232232322232
232223222322323232223222322323232223222
232223222322332322232223223323222322232
232223222323222322232232223222323222322
232223222323222322232322232223232223222
232223222323222322322232223232223223222
232223222332222322232223322223222322233
232223222332223222232223222332223222232
232223223222323232223223222323232223223
232223223222332322232232223323222322322
232223223223222322322322232232232223223
232223223232232322232232322323222322323
232223223323222322332322232233232223223
232223232223222232223232223222232223232
232223232223222323222322232322232223232
232223232223223232223232223223232223232
232223232223232322232322232323222323222
232223232323222323232322232323232223232
232223232332222322232323322223222323233
232223233222322232223233222322232223233
232223233222322322232332223223222323322
232223233223222323322322232332232223233
232223233232222322232332322223222323323
232223233323222323332322232333232223233
232223322232222322233222322223222332223
232223322232223223222332223222322322233
232223322232223323222332223222332322233
232223322232232322233222322323222332223
232223322323222332232322233223232223322
232223323222322322233232223223222332322
232223323222323232223323222323232223323
232223323223222332322322233232232223323
232223323323222332332322233233232223323
232223332223222232223332223222232223332
232223332223222322233322232223222333222
232223332223223232223332223223232223332
232223332223232322233322232323222333222
232223332323222333232322233323232223332
232223332332222322233323322223222333233
232223333222322322233332223223222333322
232223333232222322233332322223222333323
232232222232222322322222322223223222223
232232222232232322322222322323223222223
232232222332222322322223322223223222233
232232223222322322322232223223223222322
232232223222323232322322232223232323223
232232223222323323223222322232332322322
232232223222332322322232223323223222322
232232223223223222322322322232232232223
232232223232222322322232322223223222323
232232223232232322322232322323223222323
232232223323223222332322322233232232223
232232232223223223222322322322232232232
232232232223232322322322232323223223222
232232232323223223232322322323232232232
232232232332222322322323322223223223233
232232233222322232232233222322232232233
232232233222323232232233222323232232233
232232233223223223322322322332232232233
232232233232222322322332322223223223323
232232233323223223332322322333232232233
232232322223223232222322323222232232322
232232322232222322323222322223223232223
232232322232223223223232223222322322323
232232322232223323223232223222332322323
232232322232232322323222322323223232223
232232323222322322323232223223223232322
232232323223223232322322323232232232323
232232323322232232232323322232232232323
232232323323223232332322323233232232323
232232332223222232232332223222232232332
232232332223222322323322232223223233222
232232332223223232232332223223232232332
232232332223223233222322323322232232332
232232332323223233232322323323232232332
232232332332222322323323322223223233233
232232333222322322323332223223223233322
232232333223223233322322323332232232333
232232333232222322323332322223223233323
232232333323223233332322323333232232333
232233222232222322332222322223223322223
232233222232232322332222322323223322223
232233222322232232233222322232232233222
232233222322232323223322232223232322332
232233222322233232233222322233232233222
232233222323223322232322332223232233222
232233222332222322332223322223223322233
232233223222322322332232223223223322322
232233223222323232233223222323232233223
232233223222332322332232223323223322322
232233223223223322322322332232232233223
232233223232222322332232322223223322323
232233223323223322332322332233232233223
232233232223222232233232223222232233232
232233232223223232233232223223232233232
232233232223223323222322332322232233232
232233232223232322332322232323223323222
232233232323223323232322332323232233232
232233232323322322332323233223223323232
232233232332222322332323322223223323233
232233233222322232233233222322232233233
232233233222322322332332223223223323322
232233233222323232233233222323232233233
232233233223223323322322332332232233233
232233233232222322332332322223223323323
232233233323223323332322332333232233233
232233322232222322333222322223223332223
232233322232232322333222322323223332223
232233322323223332232322333223232233322
232233323222322322333232223223223332322
232233323222323232233323222323232233323
232233323223223332322322333232232233323
232233323323223332332322333233232233323
232233332223222232233332223222232233332
232233332223222322333322232223223333222
232233332223223232233332223223232233332
232233332223232322333322232323223333222
232233332323223333232322333323232233332
232233332332222322333323322223223333233
232233333222322322333332223223223333322
232233333232222322333332322223223333323
232322222232222323222222322223232222223
232322222232232323222222322323232222223
232322222332222323222223322223232222233
232322223222322323222232223223232222322
232322223222323232322223222323232322223
232322223222332323222232223323232222322
232322223223232222322323222232232322223
232322223323232222332323222233232322223
232322232223222323222322232223232223222
232322232223223223232223222322322323222
232322232223223323232223222322332323222
232322232223232223222323222322232322232
232322232223232323222322232323232223222
232322232323232223232323222323232322232
232322232332222323222323322223232223233
232322233222323232322233222323232322233
232322233223232223322323222332232322233
232322233232222323222332322223232223323
232322233323232223332323222333232322233
232322322223232232222323223222232322322
232322322232223223232232223222322323223
232322322232223323232232223222332323223
232322322232232323223222322323232232223
232322322323222323223223232223232232232
232322322323232232232323223223232322322
232322323222322323223232223223232232322
232322323222323232322323222323232322323
232322323323232232332323223233232322323
232322332223222232322332223222232322332
232322332223222323223322232223232233222
232322332223223232322332223223232322332
232322332223232323223322232323232233222
232322332323232233232323223323232322332
232322332332222323223323322223232233233
232322333222322323223332223223232233322
232322333223232233322323223332232322333
232322333232222323223332322223232233323
232322333323232233332323223333232322333
232323222232222323232222322223232322223
232323222232232323232222322323232322223
232323222322232232323222322232232323222
232323222322233232323222322233232323222
232323222323232322232323232223232323222
232323222332222323232223322223232322233
232323223222322323232232223223232322322
232323223222323232323223222323232323223
232323223222332323232232223323232322322
232323223223232322322323232232232323223
232323223323232322332323232233232323223
232323232223232323232322232323232323222
232323232332222323232323322223232323233
232323233222322232323233222322232323233
232323233222322323232332223223232323322
232323233222323232323233222323232323233
232323233223232323322323232332232323233
232323233232222323232332322223232323323
232323233323232323332323232333232323233
232323322232222323233222322223232332223
232323322232223223232332223222322323233
232323322232223323232332223222332323233
232323322232232323233222322323232332223
232323322323232332232323233223232323322
232323323222322323233232223223232332322
232323323222323232323323222323232323323
232323323223232332322323233232232323323
232323323323232332332323233233232323323
232323332223222232323332223222232323332
232323332223222323233322232223232333222
232323332223223232323332223223232323332
232323332223232323233322232323232333222
232323332323232333232323233323232323332
232323332332222323233323322223232333233
232323333222322323233332223223232333322
232323333232222323233332322223232333323
232332222232222323322222322223233222223
232332222232232323322222322323233222223
232332222332222323322223322223233222233
232332223222322323233222322232232323322
232332223222322323322232223223233222322
232332223222323232332223222323232332223
232332223222332323322232223323233222322
232332223223233222322323322232232332223
232332223232222323322232322223233222323
232332223323233222332323322233232332223
232332232223223232332232223223232332232
232332232223232323322322232323233223222
232332232223233223222323322322232332232
232332232323233223232323322323232332232
232332233222322232332233222322232332233
232332233222323232332233222323232332233
232332233223233223322323322332232332233
232332233232222323322332322223233223323
232332233323233223332323322333232332233
232332322232222323323222322223233232223
232332322232223223233232223222322323323
232332322232223323233232223222332323323
232332322232232323323222322323233232223
232332322323233232232323323223232332322
232332323222322323323232223223233232322
232332323223233232322323323232232332323
232332323233222232332323233222232332323
232332332223222232332332223222232332332
232332332223222323323322232223233233222
232332332223223232332332223223232332332
232332332223232323323322232323233233222
232332332223233233222323323322232332332
232332332323233233232323323323232332332
232332333222322323323332223223233233322
232332333223233233322323323332232332333
232332333232222323323332322223233233323
232332333323233233332323323333232332333
232333222232222323332222322223233322223
232333222232232323332222322323233322223
232333222322232232333222322232232333222
232333222322232323233322232223232323332
232333222322233232333222322233232333222
232333222323233322232323332223232333222
232333222332222323332223322223233322233
232333223222322323332232223223233322322
232333223222323232333223222323232333223
232333223222332323332232223323233322322
232333223223233322322323332232232333223
232333223232222323332232322223233322323
232333223323233322332323332233232333223
232333232223222232333232223222232333232
232333232223223232333232223223232333232
232333232223232323332322232323233323222
232333232223233323222323332322232333232
232333232323233323232323332323232333232
232333232323322323332323233223233323232
232333232332222323332323322223233323233
232333233222322232333233222322232333233
232333233222322323332332223223233323322
232333233222323232333233222323232333233
232333233223233323322323332332232333233
232333233232222323332332322223233323323
232333233323233323332323332333232333233
232333322232222323333222322223233332223
232333322232232323333222322323233332223
232333322323233332232323333223232333322
232333323222322323333232223223233332322
232333323222323232333323222323232333323
232333323223233332322323333232232333323
232333323323233332332323333233232333323
232333332223222232333332223222232333332
232333332223222323333322232223233333222
232333332223223232333332223223232333332
232333332223232323333322232323233333222
232333332323233333232323333323232333332
232333332332222323333323322223233333233
232333333222322323333332223223233333322
232333333232222323333332322223233333323
233222222232222332222222322223322222223
233222222232232332222222322323322222223
233222222332222332222223322223322222233
233222223222322332222232223223322222322
233222223222323233222223222323233222223
233222223222332332222232223323322222322
233222223223322222322332222232233222223
233222223232222332222232322223322222323
233222223323322222332332222233233222223
233222232223223233222232223223233222232
233222232223232332222322232323322223222
233222232223322223222332222322233222232
233222232323322223232332222323233222232
233222232332222332222323322223322223233
233222233222322233222233222322233222233
233222233222323233222233222323233222233
233222233223322223322332222332233222233
233222233232222332222332322223322223323
233222233323322223332332222333233222233
233222322223322232222332223222233222322
233222322232232332223222322323322232223
233222322323322232232332223223233222322
233222322332222332223223322223322232233
233222323222322332223232223223322232322
233222323222323233222323222323233222323
233222323222332332223232223323322232322
233222323223322232322332223232233222323
233222323233232332223232332323322232323
233222323323322232332332223233233222323
233222332223222233222332223222233222332
233222332223223233222332223223233222332
233222332223232332223322232323322233222
233222332323322233232332223323233222332
233222332332222332223323322223322233233
233222333222322332223332223223322233322
233222333223322233322332223332233222333
233222333232222332223332322223322233323
233222333323322233332332223333233222333
233223222232222332232222322223322322223
233223222232232332232222322323322322223
233223222322232233223222322232233223222
233223222322233233223222322233233223222
233223222323322322232332232223233223222
233223223223322233223223223322233223223
233223223223322322322332232232233223223
233223223323322322332332232233233223223
233223232223222233223232223222233223232
233223232223223233223232223223233223232
233223232223232332232322232323322323222
233223232223322323222332232322233223232
233223232323322323232332232323233223232
233223232332222332232323322223322323233
233223233222322233223233222322233223233
233223233222322332232332223223322323322
233223233223322323322332232332233223233
233223233232222332232332322223322323323
233223233323322323332332232333233223233
233223322223322332222332233222233223322
233223322232222332233222322223322332223
233223322232223223322332223222322332233
233223322232223323322332223222332332233
233223322232232332233222322323322332223
233223322323322332232332233223233223322
233223323222322332233232223223322332322
233223323222323233223323222323233223323
233223323223322332322332233232233223323
233223323323322332332332233233233223323
233223332223222233223332223222233223332
233223332223222332233322232223322333222
233223332223223233223332223223233223332
233223332223232332233322232323322333222
233223332323322333232332233323233223332
233223332332222332233323322223322333233
233223333222322332233332223223322333322
233223333232222332233332322223322333323
233232222232222332322222322223323222223
233232222232232332322222322323323222223
233232222332222332322223322223323222233
233232223222322322332322232223223223323
233232223222322332322232223223323222322
233232223222322332332322232223223323323
233232223222323233232223222323233232223
233232223222332332322232223323323222322
233232223223323222322332322232233232223
233232223232222332322232322223323222323
233232223232232332322232322323323222323
233232223323323222332332322233233232223
233232232223223233232232223223233232232
233232232223232332322322232323323223222
233232232223323223222332322322233232232
233232232232322332322322323223323223223
233232232323323223232332322323233232232
233232232332222332322323322223323223233
233232233222322233232233222322233232233
233232233222323233232233222323233232233
233232233223323223322332322332233232233
233232233323323223332332322333233232233
233232322232222332323222322223323232223
233232322232232332323222322323323232223
233232322323323232232332323223233232322
233232323222322332323232223223323232322
233232323223323232322332323232233232323
233232323322232223323232332223222332323
233232323322232233232323322232233232323
233232323322232323323232332223232332323
233232323323323232332332323233233232323
233232332223222233232332223222233232332
233232332223222332323322232223323233222
233232332223223233232332223223233232332
233232332223232332323322232323323233222
233232332223323233222332323322233232332
233232332332222332323323322223323233233
233232333222322332323332223223323233322
233232333223323233322332323332233232333
233232333232222332323332322223323233323
233232333323323233332332323333233232333
233233222232222332332222322223323322223
233233222232232332332222322323323322223
233233222322232233233222322232233233222
233233222322232323323322232223232332332
233233222322233233233222322233233233222
233233222323323322232332332223233233222
233233222332222332332223322223323322233
233233223222322332332232223223323322322
233233223222323233233223222323233233223
233233223222332332332232223323323322322
233233223223323322322332332232233233223
233233223232222332332232322223323322323
233233223323323322332332332233233233223
233233232223222233233232223222233233232
233233232223223233233232223223233233232
233233232223232332332322232323323323222
233233232223323323222332332322233233232
233233232323322332332323233223323323232
233233232323323323232332332323233233232
233233232332222332332323322223323323233
233233233222322332332332223223323323322
233233233223323323322332332332233233233
233233233323323323332332332333233233233
233233322232222332333222322223323332223
233233322232232332333222322323323332223
233233322323323332232332333223233233322
233233323222322332333232223223323332322
233233323222323233233323222323233233323
233233323223323332322332333232233233323
233233323323323332332332333233233233323
233233332223222233233332223222233233332
233233332223222332333322232223323333222
233233332223223233233332223223233233332
233233332223232332333322232323323333222
233233332323323333232332333323233233332
233233332332222332333323322223323333233
233233333222322332333332223223323333322
233233333232222332333332322223323333323
233322222232222333222222322223332222223
233322222232232333222222322323332222223
233322222332222333222223322223332222233
233322223222322333222232223223332222322
233322223222323233322223222323233322223
233322223222332333222232223323332222322
233322223223332222322333222232233322223
233322223232222333222232322223332222323
233322223323332222332333222233233322223
233322232223223233322232223223233322232
233322232223232333222322232323332223222
233322232223332223222333222322233322232
233322232323332223232333222323233322232
233322232332222333222323322223332223233
233322233222322233322233222322233322233
233322233222323233322233222323233322233
233322233223332223322333222332233322233
233322233232222333222332322223332223323
233322233323332223332333222333233322233
233322322223332232222333223222233322322
233322322232223223332232223222322333223
233322322232223323332232223222332333223
233322322232232333223222322323332232223
233322322323332232232333223223233322322
233322323222322333223232223223332232322
233322323222323233322323222323233322323
233322323223332232322333223232233322323
233322323323332232332333223233233322323
233322332223222233322332223222233322332
233322332223222333223322232223332233222
233322332223223233322332223223233322332
233322332223232333223322232323332233222
233322332323332233232333223323233322332
233322332332222333223323322223332233233
233322333222322333223332223223332233322
233322333232222333223332322223332233323
233322333323332233332333223333233322333
233323222232222333232222322223332322223
233323222232232333232222322323332322223
233323222322232233323222322232233323222
233323222322232323332322232223232333232
233323222322233233323222322233233323222
233323222323332322232333232223233323222
233323222332222333232223322223332322233
233323223222322333232232223223332322322
233323223222323233323223222323233323223
233323223222332333232232223323332322322
233323223223332322322333232232233323223
233323223323332322332333232233233323223
233323232223232333232322232323332323222
233323232223332323222333232322233323232
233323232323332323232333232323233323232
233323232332222333232323322223332323233
233323233222322233323233222322233323233
233323233222322333232332223223332323322
233323233222323233323233222323233323233
233323233223332323322333232332233323233
233323233232222333232332322223332323323
233323233323332323332333232333233323233
233323322232222333233222322223332332223
233323322232223223332332223222322333233
233323322232223323332332223222332333233
233323322232232333233222322323332332223
233323322323332332232333233223233323322
233323323222322333233232223223332332322
233323323222323233323323222323233323323
233323323223332332322333233232233323323
233323323323332332332333233233233323323
233323332223222233323332223222233323332
233323332223222333233322232223332333222
233323332223223233323332223223233323332
233323332223232333233322232323332333222
233323332223332333222333233322233323332
233323332323332333232333233323233323332
233323332332222333233323322223332333233
233323333222322333233332223223332333322
233323333232222333233332322223332333323
233332222232222333322222322223333222223
233332222232232333322222322323333222223
233332222332222333322223322223333222233
233332223222322323333222322232232333322
233332223222322333322232223223333222322
233332223222323233332223222323233332223
233332223222332333322232223323333222322
233332223223333222322333322232233332223
233332223232222333322232322223333222323
233332223323333222332333322233233332223
233332232223223233332232223223233332232
233332232223232333322322232323333223222
233332232223333223222333322322233332232
233332232323333223232333322323233332232
233332232332222333322323322223333223233
233332233222322233332233222322233332233
233332233222323233332233222323233332233
233332233223333223322333322332233332233
233332233232222333322332322223333223323
233332233323333223332333322333233332233
233332322232222333323222322223333232223
233332322232223223333232223222322333323
233332322232223323333232223222332333323
233332322232232333323222322323333232223
233332322323333232232333323223233332322
233332323222322333323232223223333232322
233332323223333232322333323232233332323
233332323233222233332323233222233332323
233332323323333232332333323233233332323
233332332223222233332332223222233332332
233332332223222333323322232223333233222
233332332223223233332332223223233332332
233332332223232333323322232323333233222
233332332223333233222333323322233332332
233332332323333233232333323323233332332
233332333222322333323332223223333233322
233332333223333233322333323332233332333
233332333232222333323332322223333233323
233333222232222333332222322223333322223
233333222232232333332222322323333322223
233333222322232233333222322232233333222
233333222322232323333322232223232333332
233333222322233233333222322233233333222
233333222323333322232333332223233333222
233333222332222333332223322223333322233
233333223222322333332232223223333322322
233333223222323233333223222323233333223
233333223222332333332232223323333322322
233333223223333322322333332232233333223
233333223232222333332232322223333322323
233333223323333322332333332233233333223
233333232223222233333232223222233333232
233333232223223233333232223223233333232
233333232223232333332322232323333323222
233333232223333323222333332322233333232
233333232323322333332323233223333323232
233333232323333323232333332323233333232
233333232332222333332323322223333323233
233333233222322233333233222322233333233
233333233222322333332332223223333323322
233333233222323233333233222323233333233
233333233223333323322333332332233333233
233333233232222333332332322223333323323
233333233323333323332333332333233333233
233333322232222333333222322223333332223
233333322232232333333222322323333332223
233333322323333332232333333223233333322
233333323222322333333232223223333332322
233333323222323233333323222323233333323
233333323223333332322333333232233333323
233333323323333332332333333233233333323
233333332223222233333332223222233333332
233333332223222333333322232223333333222
233333332223223233333332223223233333332
233333332223232333333322232323333333222
233333332323333333232333333323233333332
233333332332222333333323322223333333233
233333333222322333333332223223333333322
233333333232222333333332322223333333323
322222222232233222222222322332222222223
322222222332223222222223322232222222233
322222223222323222222232223232222222322
322222223222333222222232223332222222322
322222223232222222323222222232322222223
322222223232223222222232322232222222323
322222223332222222333222222233322222223
322222232232222223223222222322322222232
322222232232223222222322322232222223223
322222232332222223233222222323322222232
322222232332223222222323322232222223233
322222233222323322222233222323322222233
322222233232222223323222222332322222233
322222233232223222222332322232222223323
322222233332222223333222222333322222233
322222322232222232223222223222322222322
322222322332222232233222223223322222322
322222322332223222223223322232222232233
322222323222323222223232223232222232322
322222323222323322222323222323322222323
322222323232222232323222223232322222323
322222323233223222223232332232222232323
322222323332222232333222223233322222323
322222332223223322222332223223322222332
322222332223233222223322232332222233222
322222332332222233233222223323322222332
322222332332223222223323322232222233233
322222333222323222223332223232222233322
322222333232222233323222223332322222333
322222333232223222223332322232222233323
322222333332222233333222223333322222333
322223222232233222232222322332222322223
322223222322233232222322232223323222232
322223222332222322233222232223322223222
322223222332223222232223322232222322233
322223223222323222232232223232222322322
322223223222323322223223222323322223223
322223223222333222232232223332222322322
322223223232222322323222232232322223223
322223223332222322333222232233322223223
322223232223223322223232223223322223232
322223232223233222232322232332222323222
322223232232222323223222232322322223232
322223232332222323233222232323322223232
322223232332223222232323322232222323233
322223233222323222232332223232222323322
322223233222323322223233222323322223233
322223233232222323323222232332322223233
322223233232223222232332322232222323323
322223233332222323333222232333322223233
322223322232223232222332223222323222233
322223322232223332222332223222333222233
322223322232233222233222322332222332223
322223322332222332233222233223322223322
322223322332223222233223322232222332233
322223323222323222233232223232222332322
322223323222323322223323222323322223323
322223323232222332323222233232322223323
322223323332222332333222233233322223323
322223332223223322223332223223322223332
322223332223233222233322232332222333222
322223332332222333233222233323322223332
322223332332223222233323322232222333233
322223333222323222233332223232222333322
322223333232223222233332322232222333323
322232222232233222322222322332223222223
322232222332223222322223322232223222233
322232223223222322232322232223223222322
322232223223222323222322232232223232223
322232223232223222322232322232223222323
322232223232223222323222322232322232223
322232223232233222322232322332223222323
322232223332223222333222322233322232223
322232232223222323222322232232223222323
322232232223223322232232223223322232232
322232232223233222322322232332223223222
322232232232223223223222322322322232232
322232232233223222322322332232223223223
322232232332223222322323322232223223233
322232232332223223233222322323322232232
322232233222322322232233222322322232233
322232233222323322232233222323322232233
322232233232223222322332322232223223323
322232233232223223323222322332322232233
322232233332223223333222322333322232233
322232322232223223222322232322232223223
322232322232223332223232223222333222323
322232322232233222323222322332223232223
322232322332223222323223322232223232233
322232322332223232233222323223322232322
322232323222323222323232223232223232322
322232323232223232323222323232322232323
322232323322232322232323322232322232323
322232323332223232333222323233322232323
322232332223223322232332223223322232332
322232332232223233223222323322322232332
322232332332223222323323322232223233233
322232332332223233233222323323322232332
322232333222323222323332223232223233322
322232333222333222323332223332223233322
322232333232223222323332322232223233323
322232333232223233323222323332322232333
322232333332223233333222323333322232333
322233222232223222332222322232223322223
322233222232223322223222332222322233222
322233222232233222332222322332223322223
322233222322232322233222322232322233222
322233222322233322233222322233322233222
322233222332223222332223322232223322233
322233223222323322233223222323322233223
322233223222333222332232223332223322322
322233223232223222332232322232223322323
322233223232223322323222332232322233223
322233223332223322333222332233322233223
322233232223222322233232223222322233232
322233232223223322233232223223322233232
322233232223233222332322232332223323222
322233232232223323223222332322322233232
322233232323323222332323233232223323232
322233232332223222332323322232223323233
322233232332223323233222332323322233232
322233233222323222332332223232223323322
322233233222323322233233222323322233233
322233233232223222332332322232223323323
322233233232223323323222332332322233233
322233233332223323333222332333322233233
322233322232233222333222322332223332223
322233322332223222333223322232223332233
322233322332223332233222333223322233322
322233323222323222333232223232223332322
322233323222323322233323222323322233323
322233323232223332323222333232322233323
322233323332223332333222333233322233323
322233332223223322233332223223322233332
322233332223233222333322232332223333222
322233332332223222333323322232223333233
322233332332223333233222333323322233332
322233333222323222333332223232223333322
322233333232223222333332322232223333323
322322222232233223222222322332232222223
322322222332223223222223322232232222233
322322223222323223222232223232232222322
322322223222333223222232223332232222322
322322223232223223222232322232232222323
322322223232232222323223222232322322223
322322223332232222333223222233322322223
322322232223232223223222322232322232232
322322232223232232232223222323223223222
322322232223232233223222322232322332232
322322232223232322322232223232322322232
322322232223232332232223222323233223222
322322232223233322322232223233322322232
322322232232232223223223222322322322232
322322232232233223222322322332232223223
322322232332223223222323322232232223233
322322232332232223233223222323322322232
322322233222323322322233222323322322233
322322233232223223222332322232232223323
322322233232232223323223222332322322233
322322233332232223333223222333322322233
322322322232232232223223223222322322322
322322322232233223223222322332232232223
322322322332223223223223322232232232233
322322322332232232233223223223322322322
322322323222323223223232223232232232322
322322323222323322322323222323322322323
322322323232232232323223223232322322323
322322323233223223223232332232232232323
322322323332232232333223223233322322323
322322332223223223223322232232232233222
322322332223223322322332223223322322332
322322332223233223223322232332232233222
322322332332223223223323322232232233233
322322332332232233233223223323322322332
322322333222323223223332223232232233322
322322333232223223223332322232232233323
322322333232232233323223223332322322333
322322333332232233333223223333322322333
322323222232233223232222322332232322223
322323222322232322323222322232322323222
322323222322232332232322232223233223232
322323222322233322323222322233322323222
322323222332223223232223322232232322233
322323222332232322233223232223322323222
322323223222323223232232223232232322322
322323223222323322323223222323322323223
322323223222333223232232223332232322322
322323223232223223232232322232232322323
322323223332232322333223232233322323223
322323232223233223232322232332232323222
322323232232232323223223232322322323232
322323232332223223232323322232232323233
322323232332232323233223232323322323232
322323233222323223232332223232232323322
322323233222323322323233222323322323233
322323233232223223232332322232232323323
322323233232232323323223232332322323233
322323233332232323333223232333322323233
322323322232223232232332223222323223233
322323322232223332232332223222333223233
322323322232233223233222322332232332223
322323322332223223233223322232232332233
322323322332232332233223233223322323322
322323323222323223233232223232232332322
322323323222323322323323222323322323323
322323323232232332323223233232322323323
322323323332232332333223233233322323323
322323332223223322323332223223322323332
322323332223233223233322232332232333222
322323332332223223233323322232232333233
322323332332232333233223233323322323332
322323333222323223233332223232232333322
322323333232223223233332322232232333323
322332222232233223322222322332233222223
322332222332223223322223322232233222233
322332223222323223322232223232233222322
322332223222333223322232223332233222322
322332223232223223322232322232233222323
322332223232233222323223322232322332223
322332223332233222333223322233322332223
322332232223223322332232223223322332232
322332232223233223322322232332233223222
322332232232233223223223322322322332232
322332232332233223233223322323322332232
322332233232223223322332322232233223323
322332233232233223323223322332322332233
322332233332233223333223322333322332233
322332322232223232233232223222323223323
322332322232223332233232223222333223323
322332322232233223323222322332233232223
322332322332223223323223322232233232233
322332322332233232233223323223322332322
322332323222323223323232223232233232322
322332323232233232323223323232322332323
322332323233222322332323233222322332323
322332323233223223323232332232233232323
322332323332233232333223323233322332323
322332332223223322332332223223322332332
322332332223233223323322232332233233222
322332332232233233223223323322322332332
322332332332233233233223323323322332332
322332333222323223323332223232233233322
322332333232223223323332322232233233323
322332333232233233323223323332322332333
322332333332233233333223323333322332333
322333222232233223332222322332233322223
322333222322232322333222322232322333222
322333222322233322333222322233322333222
322333222332223223332223322232233322233
322333222332233322233223332223322333222
322333223222323223332232223232233322322
322333223222323322333223222323322333223
322333223222333223332232223332233322322
322333223232223223332232322232233322323
322333223232233322323223332232322333223
322333232223223322333232223223322333232
322333232223233223332322232332233323222
322333232232233323223223332322322333232
322333232323323223332323233232233323232
322333232332223223332323322232233323233
322333232332233323233223332323322333232
322333233222323223332332223232233323322
322333233222323322333233222323322333233
322333233232223223332332322232233323323
322333233232233323323223332332322333233
322333233332233323333223332333322333233
322333322232233223333222322332233332223
322333322332223223333223322232233332233
322333322332233332233223333223322333322
322333323222323223333232223232233332322
322333323222323322333323222323322333323
322333323232233332323223333232322333323
322333323332233332333223333233322333323
322333332223223322333332223223322333332
322333332223233223333322232332233333222
322333332332223223333323322232233333233
322333332332233333233223333323322333332
322333333222323223333332223232233333322
322333333232223223333332322232233333323
323222222232233232222222322332322222223
323222222332223232222223322232322222233
323222223222323232222232223232322222322
323222223222333232222232223332322222322
323222223232223232222232322232322222323
323222223232322222323232222232323222223
323222223332322222333232222233323222223
323222232232223232222322322232322223223
323222232232322223223232222322323222232
323222232332223232222323322232322223233
323222232332322223233232222323323222232
323222233222323323222233222323323222233
323222233232223232222332322232322223323
323222233232322223323232222332323222233
323222233332322223333232222333323222233
323222322232232223232223222322322232322
323222322232232233232223222322322332322
323222322232232323222322232232323222322
323222322232232332322232223223233232223
323222322232233323222322232233323222322
323222322232322232223232223222323222322
323222322332223232223223322232322232233
323222322332322232233232223223323222322
323222323222323232223232223232322232322
323222323222323323222323222323323222323
323222323222333232223232223332322232322
323222323232322232323232223232323222323
323222323233223232223232332232322232323
323222323332322232333232223233323222323
323222332223223323222332223223323222332
323222332223233232223322232332322233222
323222332232223232223322322232322233223
323222332332223232223323322232322233233
323222332332322233233232223323323222332
323222333222323232223332223232322233322
323222333232223232223332322232322233323
323222333232322233323232223332323222333
323222333332322233333232223333323222333
323223222232233232232222322332322322223
323223222322232323223222322232323223222
323223222322233323223222322233323223222
323223222332223232232223322232322322233
323223222332322322233232232223323223222
323223223223323232232232233232322322322
323223223232322322323232232232323223223
323223223332322322333232232233323223223
323223232223223323223232223223323223232
323223232223233232232322232332322323222
323223232332223232232323322232322323233
323223232332322323233232232323323223232
323223233222323232232332223232322323322
323223233222323323223233222323323223233
323223233232223232232332322232322323323
323223233232322323323232232332323223233
323223233332322323333232232333323223233
323223322232223232322332223222323232233
323223322232223332322332223222333232233
323223322232233232233222322332322332223
323223322232322332223232233222323223322
323223322332223232233223322232322332233
323223322332322332233232233223323223322
323223323222323232233232223232322332322
323223323222323323223323222323323223323
323223323232322332323232233232323223323
323223323332322332333232233233323223323
323223332223223323223332223223323223332
323223332223233232233322232332322333222
323223332332223232233323322232322333233
323223332332322333233232233323323223332
323223333222323232233332223232322333322
323223333232223232233332322232322333323
323232222232233232322222322332323222223
323232222332223232322223322232323222233
323232223222323232322232223232323222322
323232223222323323232223222323323232223
323232223222333232322232223332323222322
323232223232223232322232322232323222323
323232223232233232322232322332323222323
323232223232323222323232322232323232223
323232223332323222333232322233323232223
323232232223223323232232223223323232232
323232232223233232322322232332323223222
323232232232323223223232322322323232232
323232232232323232322322323232323223223
323232232332223232322323322232323223233
323232232332323223233232322323323232232
323232233222323323232233222323323232233
323232233232323223323232322332323232233
323232233332323223333232322333323232233
323232322232233232323222322332323232223
323232322332223232323223322232323232233
323232322332323232233232323223323232322
323232323222323232323232223232323232322
323232332223222333232323322232223332323
323232332223223323232332223223323232332
323232332223233232323322232332323233222
323232332232323233223232323322323232332
323232332332223232323323322232323233233
323232332332323233233232323323323232332
323232333222323232323332223232323233322
323232333232223232323332322232323233323
323232333232323233323232323332323232333
323232333332323233333232323333323232333
323233222232233232332222322332323322223
323233222322232323233222322232323233222
323233222322233323233222322233323233222
323233222332223232332223322232323322233
323233222332323322233232332223323233222
323233223222323232332232223232323322322
323233223222323323233223222323323233223
323233223222333232332232223332323322322
323233223232223232332232322232323322323
323233223232323322323232332232323233223
323233223332323322333232332233323233223
323233232223223323233232223223323233232
323233232223233232332322232332323323222
323233232232323323223232332322323233232
323233232323333232332323233332323323232
323233232332223232332323322232323323233
323233233222323232332332223232323323322
323233233222323323233233222323323233233
323233233232323323323232332332323233233
323233233332323323333232332333323233233
323233322232233232333222322332323332223
323233322332223232333223322232323332233
323233322332323332233232333223323233322
323233323222323232333232223232323332322
323233323222323323233323222323323233323
323233323232323332323232333232323233323
323233323332323332333232333233323233323
323233332223223323233332223223323233332
323233332223233232333322232332323333222
323233332332223232333323322232323333233
323233332332323333233232333323323233332
323233333222323232333332223232323333322
323233333232223232333332322232323333323
323322222232233233222222322332332222223
323322222332223233222223322232332222233
323322223222323233222232223232332222322
323322223222333233222232223332332222322
323322223232223233222232322232332222323
323322223232332222323233222232323322223
323322223332332222333233222233323322223
323322232232223233222322322232332223223
323322232232332223223233222322323322232
323322232332233233222323322332332223233
323322232332332223233233222323323322232
323322233222323323322233222323323322233
323322233232223233222332322232332223323
323322233232332223323233222332323322233
323322233332332223333233222333323322233
323322322232223232332232223222323233223
323322322232223332332232223222333233223
323322322232233233223222322332332232223
323322322232332232223233223222323322322
323322322332223233223223322232332232233
323322322332332232233233223223323322322
323322323222323233223232223232332232322
323322323222323323322323222323323322323
323322323232332232323233223232323322323
323322323233223233223232332232332232323
323322323332332232333233223233323322323
323322332223223323322332223223323322332
323322332223233233223322232332332233222
323322332332223233223323322232332233233
323322332332332233233233223323323322332
323322333222323233223332223232332233322
323322333232223233223332322232332233323
323322333232332233323233223332323322333
323322333332332233333233223333323322333
323323222232233233232222322332332322223
323323222322232323323222322232323323222
323323222322232332332322232223233233232
323323222322233323323222322233323323222
323323222332223233232223322232332322233
323323222332332322233233232223323323222
323323223222323233232232223232332322322
323323223222323323323223222323323323223
323323223222333233232232223332332322322
323323223232332322323233232232323323223
323323223332332322333233232233323323223
323323232223233233232322232332332323222
323323232232332323223233232322323323232
323323232332223233232323322232332323233
323323232332332323233233232323323323232
323323233222323233232332223232332323322
323323233222323323323233222323323323233
323323233232223233232332322232332323323
323323233332332323333233232333323323233
323323322232223232332332223222323233233
323323322232233233233222322332332332223
323323322332223233233223322232332332233
323323322332332332233233233223323323322
323323323222323233233232223232332332322
323323323232332332323233233232323323323
323323323332332332333233233233323323323
323323332223223323323332223223323323332
323323332223233233233322232332332333222
323323332232332333223233233322323323332
323323332332223233233323322232332333233
323323332332332333233233233323323323332
323323333222323233233332223232332333322
323323333232223233233332322232332333323
323332222232233233322222322332333222223
323332222332223233322223322232333222233
323332223222323233322232223232333222322
323332223222333233322232223332333222322
323332223232223233322232322232333222323
323332223232333222323233322232323332223
323332223332333222333233322233323332223
323332232223223323332232223223323332232
323332232223233233322322232332333223222
323332232232333223223233322322323332232
323332232332223233322323322232333223233
323332232332333223233233322323323332232
323332233222323323332233222323323332233
323332233232223233322332322232333223323
323332233232333223323233322332323332233
323332233332333223333233322333323332233
323332322232223232333232223222323233323
323332322232223332333232223222333233323
323332322232233233323222322332333232223
323332322332223233323223322232333232233
323332322332333232233233323223323332322
323332323222323233323232223232333232322
323332323232333232323233323232323332323
323332323233222323332323233222323332323
323332323233223233323232332232333232323
323332323332333232333233323233323332323
323332332223223323332332223223323332332
323332332223233233323322232332333233222
323332332232333233223233323322323332332
323332332332333233233233323323323332332
323332333222323233323332223232333233322
323332333232223233323332322232333233323
323332333232333233323233323332323332333
323332333332333233333233323333323332333
323333222232233233332222322332333322223
323333222322232323333222322232323333222
323333222322233323333222322233323333222
323333222332223233332223322232333322233
323333222332333322233233332223323333222
323333223222323233332232223232333322322
323333223222323323333223222323323333223
323333223222333233332232223332333322322
323333223232223233332232322232333322323
323333223232333322323233332232323333223
323333223332333322333233332233323333223
323333232223223323333232223223323333232
323333232223233233332322232332333323222
323333232232333323223233332322323333232
323333232323323233332323233232333323232
323333232332223233332323322232333323233
323333232332333323233233332323323333232
323333233222323233332332223232333323322
323333233222323323333233222323323333233
323333233232223233332332322232333323323
323333233232333323323233332332323333233
323333322232233233333222322332333332223
323333322332223233333223322232333332233
323333322332333332233233333223323333322
323333323222323233333232223232333332322
323333323222323323333323222323323333323
323333323232333332323233333232323333323
323333323332333332333233333233323333323
323333332223223323333332223223323333332
323333332223233233333322232332333333222
323333332332223233333323322232333333233
323333332332333333233233333323323333332
323333333222323233333332223232333333322
323333333232223233333332322232333333323
332222222232223322222222322233222222223
332222222232233322222222322333222222223
332222222332223322222223322233222222233
332222223222323322222232223233222222322
332222223222333322222232223333222222322
332222223232223322222232322233222222323
332222223233222222323322222232332222223
332222223333222222333322222233332222223
332222232232223322222322322233222223223
332222232233222223223322222322332222232
332222232332223322222323322233222223233
332222232333222223233322222323332222232
332222233222322332222233222322332222233
332222233222323332222233222323332222233
332222233232223322222332322233222223323
332222233233222223323322222332332222233
332222233333222223333322222333332222233
332222322233222232223322223222332222322
332222322332223322223223322233222232233
332222322333222232233322223223332222322
332222323222323322223232223233222232322
332222323222323332222323222323332222323
332222323233222232323322223232332222323
332222323233223322223232332233222232323
332222323333222232333322223233332222323
332222332223222332222332223222332222332
332222332223223322223322232233222233222
332222332223223332222332223223332222332
332222332223233322223322232333222233222
332222332332223322223323322233222233233
332222332333222233233322223323332222332
332222333222323322223332223233222233322
332222333232223322223332322233222233323
332222333233222233323322223332332222333
332222333333222233333322223333332222333
332223222232223322232222322233222322223
332223222232233322232222322333222322223
332223222233222322223322232222332223222
332223222322233223322232223222332233222
332223222322233233222322232223323322232
332223222332223322232223322233222322233
332223222333222322233322232223332223222
332223223222323322232232223233222322322
332223223222323332223223222323332223223
332223223222333322232232223333222322322
332223223232223322232232322233222322323
332223223233222322323322232232332223223
332223223333222322333322232233332223223
332223232223222332223232223222332223232
332223232223223332223232223223332223232
332223232223233322232322232333222323222
332223232233222323223322232322332223232
332223232332223322232323322233222323233
332223232333222323233322232323332223232
332223233222322332223233222322332223233
332223233222323332223233222323332223233
332223233222333322232332223333222323322
332223233232223322232332322233222323323
332223233233222323323322232332332223233
332223233333222323333322232333332223233
332223322232223233222332223222323322233
332223322232223333222332223222333322233
332223322232233322233222322333222332223
332223322332223322233223322233222332233
332223322333222332233322233223332223322
332223323222323332223323222323332223323
332223323233222332323322233232332223323
332223323333222332333322233233332223323
332223332223222332223332223222332223332
332223332223223322233322232233222333222
332223332223223332223332223223332223332
332223332223233322233322232333222333222
332223332332223322233323322233222333233
332223332333222333233322233323332223332
332223333222323322233332223233222333322
332223333232223322233332322233222333323
332232222232223322322222322233223222223
332232222232233322322222322333223222223
332232222332223322322223322233223222233
332232223222323223322322232223232233223
332232223222323233223222322232323322322
332232223222323233322322232223232333223
332232223222323322322232223233223222322
332232223222323333223222322232333322322
332232223222333322322232223333223222322
332232223232223322322232322233223222323
332232223232233322322232322333223222323
332232223233223222323322322232332232223
332232223333223222333322322233332232223
332232232223233322322322232333223223222
332232232233222332232232233222332232232
332232232233223223223322322322332232232
332232232233223322322322332233223223223
332232232332223322322323322233223223233
332232232333223223233322322323332232232
332232233222322332232233222322332232233
332232233222323332232233222323332232233
332232233232223322322332322233223223323
332232233233223223323322322332332232233
332232233333223223333322322333332232233
332232322232223233223232223222323322323
332232322232223322323222322233223232223
332232322232223333223232223222333322323
332232322232233322323222322333223232223
332232322332223322323223322233223232233
332232322333223232233322323223332232322
332232323222323322323232223233223232322
332232323233223232323322323232332232323
332232323322232332232323322232332232323
332232323333223232333322323233332232323
332232332223222332232332223222332232332
332232332223223322323322232233223233222
332232332223223332232332223223332232332
332232332223233322323322232333223233222
332232332233223233223322323322332232332
332232332332223322323323322233223233233
332232332333223233233322323323332232332
332232333222323322323332223233223233322
332232333232223322323332322233223233323
332232333233223233323322323332332232333
332232333333223233333322323333332232333
332233222232223322332222322233223322223
332233222232233322332222322333223322223
332233222322232332233222322232332233222
332233222322233332233222322233332233222
332233222332223322332223322233223322233
332233222333223322233322332223332233222
332233223222323322332232223233223322322
332233223222323332233223222323332233223
332233223222333322332232223333223322322
332233223232223322332232322233223322323
332233223233223322323322332232332233223
332233223323223322332233232233223322332
332233223333223322333322332233332233223
332233232223222332233232223222332233232
332233232223223332233232223223332233232
332233232223233322332322232333223323222
332233232233223323223322332322332233232
332233232323323322332323233233223323232
332233232332223322332323322233223323233
332233232333223323233322332323332233232
332233233222322332233233222322332233233
332233233222323322332332223233223323322
332233233222323332233233222323332233233
332233233232223322332332322233223323323
332233233233223323323322332332332233233
332233233333223323333322332333332233233
332233322232223322333222322233223332223
332233322232233322333222322333223332223
332233322233223332223322333222332233322
332233322332223322333223322233223332233
332233323222323322333232223233223332322
332233323222323332233323222323332233323
332233323233223332323322333232332233323
332233323333223332333322333233332233323
332233332223222332233332223222332233332
332233332223223322333322232233223333222
332233332223223332233332223223332233332
332233332223233322333322232333223333222
332233332332223322333323322233223333233
332233332333223333233322333323332233332
332233333222323322333332223233223333322
332233333232223322333332322233223333323
332322222232223323222222322233232222223
332322222232233323222222322333232222223
332322222332223323222223322233232222233
332322223222323323222232223233232222322
332322223222333323222232223333232222322
332322223232223323222232322233232222323
332322223233232222323323222232332322223
332322223333232222333323222233332322223
332322232223223223323222322232232233232
332322232223223233232223222322323323222
332322232223223233323222322232232333232
332322232223223333232223222322333323222
332322232223233323222322232333232223222
332322232232223323222322322233232223223
332322232233232223223323222322332322232
332322232332223323222323322233232223233
332322232333232223233323222323332322232
332322233222322332322233222322332322233
332322233222323332322233222323332322233
332322233233232223323323222332332322233
332322233333232223333323222333332322233
332322322232223233232232223222323323223
332322322232223333232232223222333323223
332322322232233323223222322333232232223
332322322233232232223323223222332322322
332322322323223323223223232233232232232
332322322332223323223223322233232232233
332322322333232232233323223223332322322
332322323222323323223232223233232232322
332322323222323332322323222323332322323
332322323233223323223232332233232232323
332322323233232232323323223232332322323
332322323333232232333323223233332322323
332322332223222332322332223222332322332
332322332223223323223322232233232233222
332322332223223332322332223223332322332
332322332223233323223322232333232233222
332322332233232233223323223322332322332
332322332332223323223323322233232233233
332322332333232233233323223323332322332
332322333222323323223332223233232233322
332322333232223323223332322233232233323
332322333233232233323323223332332322333
332322333333232233333323223333332322333
332323222232223323232222322233232322223
332323222232233323232222322333232322223
332323222322232332323222322232332323222
332323222322233332323222322233332323222
332323222332223323232223322233232322233
332323222333232322233323232223332323222
332323223222323323232232223233232322322
332323223222323332323223222323332323223
332323223222333323232232223333232322322
332323223232223323232232322233232322323
332323223233232322323323232232332323223
332323223333232322333323232233332323223
332323232223233323232322232333232323222
332323232332223323232323322233232323233
332323233222322233232323322232223323232
332323233222322332323233222322332323233
332323233222322333232323322232233323232
332323233222323323232332223233232323322
332323233222323332323233222323332323233
332323233232223323232332322233232323323
332323233233232323323323232332332323233
332323233333232323333323232333332323233
332323322232223233232332223222323323233
332323322232223323233222322233232332223
332323322232223333232332223222333323233
332323322232233323233222322333232332223
332323322332223323233223322233232332233
332323322333232332233323233223332323322
332323323222323323233232223233232332322
332323323222323332323323222323332323323
332323323333232332333323233233332323323
332323332223222332323332223222332323332
332323332223223323233322232233232333222
332323332223223332323332223223332323332
332323332223233323233322232333232333222
332323332332223323233323322233232333233
332323332333232333233323233323332323332
332323333222323323233332223233232333322
332323333232223323233332322233232333323
332332222232223323322222322233233222223
332332222232233323322222322333233222223
332332222332223323322223322233233222233
332332223222323323322232223233233222322
332332223222333323322232223333233222322
332332223232223323322232322233233222323
332332223233233222323323322232332332223
332332223333233222333323322233332332223
332332232223223332332232223223332332232
332332232223233323322322232333233223222
332332232233233223223323322322332332232
332332232332223323322323322233233223233
332332232333233223233323322323332332232
332332233222322332332233222322332332233
332332233222323332332233222323332332233
332332233232223323322332322233233223323
332332233233233223323323322332332332233
332332233333233223333323322333332332233
332332322232223323323222322233233232223
332332322232223333233232223222333323323
332332322232233323323222322333233232223
332332322332223323323223322233233232233
332332322333233232233323323223332332322
332332323222323323323232223233233232322
332332323233222332332323233222332332323
332332323233223323323232332233233232323
332332323233233232323323323232332332323
332332323333233232333323323233332332323
332332332223223323323322232233233233222
332332332223233323323322232333233233222
332332332233233233223323323322332332332
332332332333233233233323323323332332332
332332333222323323323332223233233233322
332332333232223323323332322233233233323
332332333233233233323323323332332332333
332332333333233233333323323333332332333
332333222232223323332222322233233322223
332333222232233323332222322333233322223
332333222322232332333222322232332333222
332333222322233332333222322233332333222
332333222332223323332223322233233322233
332333222333233322233323332223332333222
332333223222323323332232223233233322322
332333223222323332333223222323332333223
332333223222333323332232223333233322322
332333223232223323332232322233233322323
332333223233233322323323332232332333223
332333223333233322333323332233332333223
332333232223222332333232223222332333232
332333232223223332333232223223332333232
332333232223233323332322232333233323222
332333232233233323223323332322332333232
332333232323323323332323233233233323232
332333232332223323332323322233233323233
332333232333233323233323332323332333232
332333233222322332333233222322332333233
332333233222323323332332223233233323322
332333233232223323332332322233233323323
332333233233233323323323332332332333233
332333233333233323333323332333332333233
332333322232223323333222322233233332223
332333322232233323333222322333233332223
332333322332223323333223322233233332233
332333322333233332233323333223332333322
332333323222323323333232223233233332322
332333323222323332333323222323332333323
332333323233233332323323333232332333323
332333332223222332333332223222332333332
332333332223223323333322232233233333222
332333332223223332333332223223332333332
332333332223233323333322232333233333222
332333332332223323333323322233233333233
332333332333233333233323333323332333332
332333333222323323333332223233233333322
332333333232223323333332322233233333323
333222222232223332222222322233322222223
333222222232233332222222322333322222223
333222222332223332222223322233322222233
333222223222323332222232223233322222322
333222223222333332222232223333322222322
333222223232223332222232322233322222323
333222223233322222323332222232333222223
333222223333322222333332222233333222223
333222232232223332222322322233322223223
333222232233322223223332222322333222232
333222232332223332222323322233322223233
333222232333322223233332222323333222232
333222233222322333222233222322333222233
333222233222323333222233222323333222233
333222233232223332222332322233322223323
333222233233322223323332222332333222233
333222233333322223333332222333333222233
333222322232223323332223222322233233322
333222322233322232223332223222333222322
333222322332223332223223322233322232233
333222322333322232233332223223333222322
333222323222323332223232223233322232322
333222323222323333222323222323333222323
333222323222333332223232223333322232322
333222323233223332223232332233322232323
333222323233322232323332223232333222323
333222323333322232333332223233333222323
333222332223222333222332223222333222332
333222332223223332223322232233322233222
333222332223223333222332223223333222332
333222332223233332223322232333322233222
333222332332223332223323322233322233233
333222332333322233233332223323333222332
333222333222323332223332223233322233322
333222333232223332223332322233322233323
333222333233322233323332223332333222333
333222333333322233333332223333333222333
333223222232223332232222322233322322223
333223222232233332232222322333322322223
333223222322232333223222322232333223222
333223222322233333223222322233333223222
333223222332223332232223322233322322233
333223222333322322233332232223333223222
333223223223322333223223223322333223223
333223223223323332232232233233322322322
333223223232223332232232322233322322323
333223223233322322323332232232333223223
333223223333322322333332232233333223223
333223232223222333223232223222333223232
333223232223223333223232223223333223232
333223232223233332232322232333322323222
333223232233322323223332232322333223232
333223232332223332232323322233322323233
333223232333322323233332232323333223232
333223233222322333223233222322333223233
333223233222323332232332223233322323322
333223233222323333223233222323333223233
333223233232223332232332322233322323323
333223233233322323323332232332333223233
333223233333322323333332232333333223233
333223322232223233322332223222323332233
333223322232223332233222322233322332223
333223322232223333322332223222333332233
333223322232233332233222322333322332223
333223322233322332223332233222333223322
333223322333322332233332233223333223322
333223323222323332233232223233322332322
333223323222323333223323222323333223323
333223323233322332323332233232333223323
333223323333322332333332233233333223323
333223332223222333223332223222333223332
333223332223223332233322232233322333222
333223332223223333223332223223333223332
333223332223233332233322232333322333222
333223332332223332233323322233322333233
333223332333322333233332233323333223332
333223333222323332233332223233322333322
333223333232223332233332322233322333323
333232222232223332322222322233323222223
333232222232233332322222322333323222223
333232222332223332322223322233323222233
333232223222322323332322232223223233323
333232223222322333332322232223223333323
333232223222323332322232223233323222322
333232223222323333232223222323333232223
333232223222333332322232223333323222322
333232223232223332322232322233323222323
333232223232233332322232322333323222323
333232223233323222323332322232333232223
333232223333323222333332322233333232223
333232232223223333232232223223333232232
333232232223233332322322232333323223222
333232232232323332322322323233323223223
333232232233323223223332322322333232232
333232232332223332322323322233323223233
333232232333323223233332322323333232232
333232233222322333232233222322333232233
333232233222323333232233222323333232233
333232233232223332322332322233323223323
333232233233323223323332322332333232233
333232233333323223333332322333333232233
333232322232223332323222322233323232223
333232322232233332323222322333323232223
333232322332223332323223322233323232233
333232322333323232233332323223333232322
333232323222323332323232223233323232322
333232323233323232323332323232333232323
333232323322232233323232332223223332323
333232323322232333232323322232333232323
333232323322232333323232332223233332323
333232323333323232333332323233333232323
333232332223222333232332223222333232332
333232332223223332323322232233323233222
333232332223223333232332223223333232332
333232332223233332323322232333323233222
333232332233323233223332323322333232332
333232332332223332323323322233323233233
333232332333323233233332323323333232332
333232333222323332323332223233323233322
333232333232223332323332322233323233323
333232333233323233323332323332333232333
333232333333323233333332323333333232333
333233222232223332332222322233323322223
333233222232233332332222322333323322223
333233222322232333233222322232333233222
333233222322233333233222322233333233222
333233222332223332332223322233323322233
333233222333323322233332332223333233222
333233223222323332332232223233323322322
333233223222323333233223222323333233223
333233223222333332332232223333323322322
333233223232223332332232322233323322323
333233223233323322323332332232333233223
333233223333323322333332332233333233223
333233232223222333233232223222333233232
333233232223223333233232223223333233232
333233232223233332332322232333323323222
333233232233323323223332332322333233232
333233232323323332332323233233323323232
333233232332223332332323322233323323233
333233232333323323233332332323333233232
333233233222323332332332223233323323322
333233233233323323323332332332333233233
333233233333323323333332332333333233233
333233322232223332333222322233323332223
333233322232233332333222322333323332223
333233322332223332333223322233323332233
333233322333323332233332333223333233322
333233323222323332333232223233323332322
333233323222323333233323222323333233323
333233323233323332323332333232333233323
333233323333323332333332333233333233323
333233332223222333233332223222333233332
333233332223223332333322232233323333222
333233332223223333233332223223333233332
333233332223233332333322232333323333222
333233332233323333223332333322333233332
333233332332223332333323322233323333233
333233333222323332333332223233323333322
333233333232223332333332322233323333323
333322222232223333222222322233332222223
333322222232233333222222322333332222223
333322222332223333222223322233332222233
333322223222323333222232223233332222322
333322223222333333222232223333332222322
333322223232223333222232322233332222323
333322223233332222323333222232333322223
333322223333332222333333222233333322223
333322232232223333222322322233332223223
333322232233332223223333222322333322232
333322232332223333222323322233332223233
333322232333332223233333222323333322232
333322233222322333322233222322333322233
333322233222323333322233222323333322233
333322233232223333222332322233332223323
333322233233332223323333222332333322233
333322233333332223333333222333333322233
333322322232223233332232223222323333223
333322322232223333332232223222333333223
333322322232233333223222322333332232223
333322322233332232223333223222333322322
333322322332223333223223322233332232233
333322322333332232233333223223333322322
333322323222323333223232223233332232322
333322323222323333322323222323333322323
333322323233223333223232332233332232323
333322323233332232323333223232333322323
333322323333332232333333223233333322323
333322332223222333322332223222333322332
333322332223223333223322232233332233222
333322332223223333322332223223333322332
333322332223233333223322232333332233222
333322332332223333223323322233332233233
333322332333332233233333223323333322332
333322333222323333223332223233332233322
333322333232223333223332322233332233323
333322333233332233323333223332333322333
333322333333332233333333223333333322333
333323222232223333232222322233332322223
333323222232233333232222322333332322223
333323222322232333323222322232333323222
333323222322232333332322232223233333232
333323222322233333323222322233333323222
333323222332223333232223322233332322233
333323222333332322233333232223333323222
333323223222323333232232223233332322322
333323223222323333323223222323333323223
333323223222333333232232223333332322322
333323223232223333232232322233332322323
333323223233332322323333232232333323223
333323223333332322333333232233333323223
333323232223233333232322232333332323222
333323232233332323223333232322333323232
333323232332223333232323322233332323233
333323232333332323233333232323333323232
333323233222322333323233222322333323233
333323233222323333232332223233332323322
333323233222323333323233222323333323233
333323233232223333232332322233332323323
333323233233332323323333232332333323233
333323233333332323333333232333333323233
333323322232223233332332223222323333233
333323322232223333233222322233332332223
333323322232223333332332223222333333233
333323322232233333233222322333332332223
333323322332223333233223322233332332233
333323322333332332233333233223333323322
333323323222323333233232223233332332322
333323323222323333323323222323333323323
333323323233332332323333233232333323323
333323323333332332333333233233333323323
333323332223222333323332223222333323332
333323332223223333233322232233332333222
333323332223223333323332223223333323332
333323332223233333233322232333332333222
333323332233332333223333233322333323332
333323332332223333233323322233332333233
333323332333332333233333233323333323332
333323333222323333233332223233332333322
333323333232223333233332322233332333323
333332222232223333322222322233333222223
333332222232233333322222322333333222223
333332222332223333322223322233333222233
333332223222323333322232223233333222322
333332223222333333322232223333333222322
333332223232223333322232322233333222323
333332223233333222323333322232333332223
333332223333333222333333322233333332223
333332232223223333332232223223333332232
333332232223233333322322232333333223222
333332232233333223223333322322333332232
333332232332223333322323322233333223233
333332232333333223233333322323333332232
333332233222322333332233222322333332233
333332233222323333332233222323333332233
333332233232223333322332322233333223323
333332233233333223323333322332333332233
333332233333333223333333322333333332233
333332322232223233333232223222323333323
333332322232223333323222322233333232223
333332322232223333333232223222333333323
333332322232233333323222322333333232223
333332322332223333323223322233333232233
333332322333333232233333323223333332322
333332323222323333323232223233333232322
333332323233222333332323233222333332323
333332323233223333323232332233333232323
333332323233333232323333323232333332323
333332323333333232333333323233333332323
333332332223222333332332223222333332332
333332332223223333323322232233333233222
333332332223223333332332223223333332332
333332332223233333323322232333333233222
333332332233333233223333323322333332332
333332332333333233233333323323333332332
333332333222323333323332223233333233322
333332333232223333323332322233333233323
333332333233333233323333323332333332333
333332333333333233333333323333333332333
333333222232223333332222322233333322223
333333222232233333332222322333333322223
333333222322232333333222322232333333222
333333222322233333333222322233333333222
333333222332223333332223322233333322233
333333222333333322233333332223333333222
333333223222323333332232223233333322322
333333223222323333333223222323333333223
333333223222333333332232223333333322322
333333223232223333332232322233333322323
333333223233333322323333332232333333223
333333223333333322333333332233333333223
333333232223222333333232223222333333232
333333232223223333333232223223333333232
333333232223233333332322232333333323222
333333232233333323223333332322333333232
333333232323323333332323233233333323232
333333232332223333332323322233333323233
333333232333333323233333332323333333232
333333233222322333333233222322333333233
333333233222323333332332223233333323322
333333233222323333333233222323333333233
333333233232223333332332322233333323323
333333233233333323323333332332333333233
333333233333333323333333332333333333233
333333322232223333333222322233333332223
333333322232233333333222322333333332223
333333322332223333333223322233333332233
333333322333333332233333333223333333322
333333323222323333333232223233333332322
333333323222323333333323222323333333323
333333323233333332323333333232333333323
333333323333333332333333333233333333323
333333332223222333333332223222333333332
333333332223223333333322232233333333222
333333332223223333333332223223333333332
333333332223233333333322232333333333222
333333332332223333333323322233333333233
333333332333333333233333333323333333332
333333333222323333333332223233333333322
333333333232223333333332322233333333323
