222222222222232222222222222222322222222222222223
222222222222232232222222222222322322222222222223
222222222222332222222222222223322222222222222233
222222222223222322222222222232223222222222222322
222222222223222323222222222223222323222222222223
222222222223222332222222222232223322222222222322
222222222223232222222222222232322222222222222323
222222222232223223222222222232223223222222222232
222222222232223232222222222322232322222222223222
222222222232332222222222222323322222222222223233
222222222233222322222222222233222322222222222233
222222222233222323222222222233222323222222222233
222222222233232222222222222332322222222222223323
222222222322232232222222223222322322222222232223
222222222323222322222222223232223222222222232322
222222222323222323222222222323222323222222222323
222222222332223222222222222332223222222222222332
222222222332223222222222223322232222222222233222
222222222332223223222222222332223223222222222332
222222222332223232222222223322232322222222233222
222222222332332222222222223323322222222222233233
222222222333222322222222223332223222222222233322
222222222333232222222222223332322222222222233323
222222223222232222222222232222322222222222322223
222222223222232232222222232222322322222222322223
222222223222332222222222232223322222222222322233
222222223223222322222222232232223222222222322322
222222223223222323222222223223222323222222223223
222222223223222332222222232232223322222222322322
222222223232223222222222223232223222222222223232
222222223232223223222222223232223223222222223232
222222223232223232222222232322232322222222323222
222222223232332222222222232323322222222222323233
222222223233222322222222223233222322222222223233
222222223233222322222222232332223222222222323322
222222223233232222222222232332322222222222323323
222222223322232222222222233222322222222222332223
222222223322232223222222222332223222322222222233
222222223322232223322222222332223222332222222233
222222223322232232222222233222322322222222332223
222222223323222322222222233232223222222222332322
222222223323222323222222223323222323222222223323
222222223332223222222222223332223222222222223332
222222223332223222222222233322232222222222333222
222222223332223223222222223332223223222222223332
222222223332223232222222233322232322222222333222
222222223332332222222222233323322222222222333233
222222223333222322222222233332223222222222333322
222222223333232222222222233332322222222222333323
222222232222232222222222322222322222222223222223
222222232222232232222222322222322322222223222223
222222232222332222222222322223322222222223222233
222222232223222332222222222322232223322222222223
222222232223222332222222223222322233222222222322
222222232223232222222222322232322222222223222323
222222232223232232222222322232322322222223222323
222222232232223223222222232232223223222222232232
222222232232223232222222322322232322222223223222
222222232232233222222222322322332222222223223223
222222232232332222222222322323322222222223223233
222222232233222322222222232233222322222222232233
222222232233222323222222232233222323222222232233
222222232233232222222222322332322222222223223323
222222232322232222222222323222322222222223232223
222222232322232223222222223232223222322222222323
222222232322232223322222223232223222332222222323
222222232322232232222222323222322322222223232223
222222232323222322222222323232223222222223232322
222222232323322232222222232323322232222222232323
222222232332223222222222232332223222222222232332
222222232332223222222222323322232222222223233222
222222232332223223222222232332223223222222232332
222222232332332222222222323323322222222223233233
222222232333222222223233322222222323332222222232
222222232333222322222222323332223222222223233322
222222232333232222222222323332322222222223233323
222222232333322222223233332222222323333222222232
222222233222232222222222332222322222222223322223
222222233222232232222222332222322322222223322223
222222233222322232222222233222322232222222233222
222222233222322232322222223322232223232222222332
222222233222322233222222233222322233222222233222
222222233222332222222222332223322222222223322233
222222233223222322222222332232223222222223322322
222222233223222323222222233223222323222222233223
222222233223222332222222332232223322222223322322
222222233223232222222222332232322222222223322323
222222233232223222222222233232223222222222233232
222222233232223223222222233232223223222222233232
222222233232223232222222332322232322222223323222
222222233232323322222222332323233222222223323232
222222233232332222222222332323322222222223323233
222222233233222322222222233233222322222222233233
222222233233222322222222332332223222222223323322
222222233233222323222222233233222323222222233233
222222233233232222222222332332322222222223323323
222222233322232222222222333222322222222223332223
222222233322232232222222333222322322222223332223
222222233323222322222222333232223222222223332322
222222233323222323222222233323222323222222233323
222222233332223222222222233332223222222222233332
222222233332223222222222333322232222222223333222
222222233332223223222222233332223223222222233332
222222233332223232222222333322232322222223333222
222222233332332222222222333323322222222223333233
222222233333222322222222333332223222222223333322
222222233333232222222222333332322222222223333323
222222322222232222222223222222322222222232222223
222222322222232232222223222222322322222232222223
222222322222332222222223222223322222222232222233
222222322223222322222223222232223222222232222322
222222322223222323222222322223222323222222322223
222222322223222332222223222232223322222232222322
222222322223232222222223222232322222222232222323
222222322232223322222222232223222332222222223222
222222322232223322222222322232223322222222322232
222222322232232222222223222322322222222232223223
222222322232232232222223222322322322222232223223
222222322232332222222223222323322222222232223233
222222322233222322222222322233222322222222322233
222222322233222323222222322233222323222222322233
222222322233232222222223222332322222222232223323
222222322322232223222222232232223222322222223223
222222322322232223322222232232223222332222223223
222222322322232232222223223222322322222232232223
222222322322323222222223223223232222222232232232
222222322323222322222223223232223222222232232322
222222322323222323222222322323222323222222322323
222222322332223222222222322332223222222222322332
222222322332223222222223223322232222222232233222
222222322332223232222223223322232322222232233222
222222322332332222222223223323322222222232233233
222222322333222222232233322222223223332222222322
222222322333222322222223223332223222222232233322
222222322333232222222223223332322222222232233323
222222322333322222232233332222223223333222222322
222222323222232222222223232222322222222232322223
222222323222232232222223232222322322222232322223
222222323222322232222222323222322232222222323222
222222323222322232322222232322232223232222223232
222222323222322233222222323222322233222222323222
222222323222332222222223232223322222222232322233
222222323223222322222223232232223222222232322322
222222323223222323222222323223222323222222323223
222222323223222332222223232232223322222232322322
222222323232223232222223232322232322222232323222
222222323232332222222223232323322222222232323233
222222323233222322222222323233222322222222323233
222222323233222322222223232332223222222232323322
222222323233222323222222323233222323222222323233
222222323233232222222223232332322222222232323323
222222323322232222222223233222322222222232332223
222222323322232223222222232332223222322222223233
222222323322232223322222232332223222332222223233
222222323322232232222223233222322322222232332223
222222323323222322222223233232223222222232332322
222222323323222323222222323323222323222222323323
222222323332223222222222323332223222222222323332
222222323332223222222223233322232222222232333222
222222323332223223222222323332223223222222323332
222222323332223232222223233322232322222232333222
222222323332332222222223233323322222222232333233
222222323333222322222223233332223222222232333322
222222323333232222222223233332322222222232333323
222222332222232222222223322222322222222233222223
222222332222232232222223322222322322222233222223
222222332222332222222223322223322222222233222233
222222332223222322222223322232223222222233222322
222222332223222322322222233222322232232222223322
222222332223222323222222332223222323222222332223
222222332223222332222223322232223322222233222322
222222332223232222222223322232322222222233222323
222222332232223223222222332232223223222222332232
222222332232223232222223322322232322222233223222
222222332233222322222222332233222322222222332233
222222332233222323222222332233222323222222332233
222222332233232222222223322332322222222233223323
222222332322232222222223323222322222222233232223
222222332322232223222222233232223222322222223323
222222332322232223322222233232223222332222223323
222222332322232232222223323222322322222233232223
222222332323222322222223323232223222222233232322
222222332323233222222222332323233222222222332323
222222332332223222222222332332223222222222332332
222222332332223222222223323322232222222233233222
222222332332223223222222332332223223222222332332
222222332332223232222223323322232322222233233222
222222332333222222233233322222223323332222222332
222222332333222322222223323332223222222233233322
222222332333232222222223323332322222222233233323
222222332333322222233233332222223323333222222332
222222333222232222222223332222322222222233322223
222222333222232232222223332222322322222233322223
222222333222322232222222333222322232222222333222
222222333222322232322222233322232223232222223332
222222333222322233222222333222322233222222333222
222222333222332222222223332223322222222233322233
222222333223222322222223332232223222222233322322
222222333223222323222222333223222323222222333223
222222333223222332222223332232223322222233322322
222222333223232222222223332232322222222233322323
222222333232223222222222333232223222222222333232
222222333232223223222222333232223223222222333232
222222333232223232222223332322232322222233323222
222222333233222322222222333233222322222222333233
222222333233222322222223332332223222222233323322
222222333233222323222222333233222323222222333233
222222333233232222222223332332322222222233323323
222222333322232222222223333222322222222233332223
222222333322232232222223333222322322222233332223
222222333323222322222223333232223222222233332322
222222333323222323222222333323222323222222333323
222222333332223222222222333332223222222222333332
222222333332223222222223333322232222222233333222
222222333332223223222222333332223223222222333332
222222333332223232222223333322232322222233333222
222222333332332222222223333323322222222233333233
222222333333222322222223333332223222222233333322
222222333333232222222223333332322222222233333323
222223222222232222222232222222322222222322222223
222223222222232232222232222222322322222322222223
222223222222332222222232222223322222222322222233
222223222223222322222232222232223222222322222322
222223222223222323222223222223222323222223222223
222223222223222332222232222232223322222322222322
222223222223232222222232222232322222222322222323
222223222232223223222223222232223223222223222232
222223222232223232222232222322232322222322223222
222223222232332222222232222323322222222322223233
222223222233222322222223222233222322222223222233
222223222233222323222223222233222323222223222233
222223222233232222222232222332322222222322223323
222223222322233222222223222322233222222223222322
222223222322233222222232223222332222222322232223
222223222322233222322222223222322233222322222223
222223222322233222323222223222322233222323222223
222223222323222322222232223232223222222322232322
222223222323222323222223222323222323222223222323
222223222323222332222232223232223322222322232322
222223222332223222222223222332223222222223222332
222223222332223222222232223322232222222322233222
222223222332223223222223222332223223222223222332
222223222332223232222232223322232322222322233222
222223222332332222222232223323322222222322233233
222223222333222222322233322222232223332222223222
222223222333222322222232223332223222222322233322
222223222333232222222232223332322222222322233323
222223222333322222322233332222232223333222223222
222223223222232222222232232222322222222322322223
222223223222232232222232232222322322222322322223
222223223222322232222223223222322232222223223222
222223223222322233222223223222322233222223223222
222223223222332222222232232223322222222322322233
222223223232223222222223223232223222222223223232
222223223232223223222223223232223223222223223232
222223223232223232222232232322232322222322323222
222223223232332222222232232323322222222322323233
222223223233222322222223223233222322222223223233
222223223233222322222232232332223222222322323322
222223223233232222222232232332322222222322323323
222223223322232222222232233222322222222322332223
222223223322232223222222322332223222322222232233
222223223322232223322222322332223222332222232233
222223223323222322222232233232223222222322332322
222223223323222323222223223323222323222223223323
222223223332223222222223223332223222222223223332
222223223332223222222232233322232222222322333222
222223223332223223222223223332223223222223223332
222223223332223232222232233322232322222322333222
222223223332332222222232233323322222222322333233
222223223333222322222232233332223222222322333322
222223223333232222222232233332322222222322333323
222223232222232222222232322222322222222323222223
222223232222232232222232322222322322222323222223
222223232222332222222232322223322222222323222233
222223232223222322222232322232223222222323222322
222223232223222322322222232322232223223222222323
222223232223222322332222232322232223223322222323
222223232223222323222223232223222323222223232223
222223232223222332222232322232223322222323222322
222223232223232222222232322232322222222323222323
222223232223232232222232322232322322222323222323
222223232232223223222223232232223223222223232232
222223232232223232222232322322232322222323223222
222223232232232322222232322322323222222323223223
222223232232332222222232322323322222222323223233
222223232233222322222223232233222322222223232233
222223232233222323222223232233222323222223232233
222223232322232222222232323222322222222323232223
222223232322232232222232323222322322222323232223
222223232323222322222232323232223222222323232322
222223232332223222222223232332223222222223232332
222223232332223222222232323322232222222323233222
222223232332223223222223232332223223222223232332
222223232332223232222232323322232322222323233222
222223232332332222222232323323322222222323233233
222223232333222222323233322222232323332222223232
222223232333222322222232323332223222222323233322
222223232333232222222232323332322222222323233323
222223232333322222323233332222232323333222223232
222223233222232222222232332222322222222323322223
222223233222232232222232332222322322222323322223
222223233222322232222223233222322232222223233222
222223233222322232322222323322232223232222232332
222223233222322233222223233222322233222223233222
222223233222332222222232332223322222222323322233
222223233223222322222232332232223222222323322322
222223233223222323222223233223222323222223233223
222223233223222332222232332232223322222323322322
222223233223232222222232332232322222222323322323
222223233232223222222223233232223222222223233232
222223233232223223222223233232223223222223233232
222223233232223232222232332322232322222323323222
222223233232323322222232332323233222222323323232
222223233232332222222232332323322222222323323233
222223233233222322222223233233222322222223233233
222223233233222322222232332332223222222323323322
222223233233222323222223233233222323222223233233
222223233322232222222232333222322222222323332223
222223233322232232222232333222322322222323332223
222223233323222322222232333232223222222323332322
222223233323222323222223233323222323222223233323
222223233332223222222223233332223222222223233332
222223233332223222222232333322232222222323333222
222223233332223223222223233332223223222223233332
222223233332223232222232333322232322222323333222
222223233332332222222232333323322222222323333233
222223233333222322222232333332223222222323333322
222223233333232222222232333332322222222323333323
222223322222232222222233222222322222222332222223
222223322222232232222233222222322322222332222223
222223322222332222222233222223322222222332222233
222223322223222322222233222232223222222332222322
222223322223222323222223322223222323222223322223
222223322223222332222233222232223322222332222322
222223322223232222222233222232322222222332222323
222223322232223223222223322232223223222223322232
222223322232223232222233222322232322222332223222
222223322232332222222233222323322222222332223233
222223322232332232222233222323322322222332223233
222223322233222322222223322233222322222223322233
222223322233222322222233222332223222222332223322
222223322233222323222223322233222323222223322233
222223322233232222222233222332322222222332223323
222223322322232223222222332232223222322222233223
222223322322232223322222332232223222332222233223
222223322322232232222233223222322322222332232223
222223322323222322222233223232223222222332232322
222223322323222323222223322323222323222223322323
222223322332223222222223322332223222222223322332
222223322332223222222233223322232222222332233222
222223322332223223222223322332223223222223322332
222223322332223232222233223322232322222332233222
222223322332332222222233223323322222222332233233
222223322333222222332233322222233223332222223322
222223322333222322222233223332223222222332233322
222223322333232222222233223332322222222332233323
222223322333322222332233332222233223333222223322
222223323222232222222233232222322222222332322223
222223323222232232222233232222322322222332322223
222223323222322232222223323222322232222223323222
222223323222322232322222332322232223232222233232
222223323222322233222223323222322233222223323222
222223323222332222222233232223322222222332322233
222223323223222322222233232232223222222332322322
222223323223222323222223323223222323222223323223
222223323223222332222233232232223322222332322322
222223323232223232222233232322232322222332323222
222223323232332222222233232323322222222332323233
222223323233222322222223323233222322222223323233
222223323233222322222233232332223222222332323322
222223323233222323222223323233222323222223323233
222223323233232222222233232332322222222332323323
222223323322232222222233233222322222222332332223
222223323322232223222222332332223222322222233233
222223323322232223322222332332223222332222233233
222223323322232232222233233222322322222332332223
222223323323222322222233233232223222222332332322
222223323323222323222223323323222323222223323323
222223323332223222222223323332223222222223323332
222223323332223222222233233322232222222332333222
222223323332223223222223323332223223222223323332
222223323332223232222233233322232322222332333222
222223323332332222222233233323322222222332333233
222223323333222322222233233332223222222332333322
222223323333232222222233233332322222222332333323
222223332222232222222233322222322222222333222223
222223332222232232222233322222322322222333222223
222223332222332222222233322223322222222333222233
222223332223222322222233322232223222222333222322
222223332223222322322222333222322232232222233322
222223332223222323222223332223222323222223332223
222223332223222332222233322232223322222333222322
222223332223232222222233322232322222222333222323
222223332232223223222223332232223223222223332232
222223332232223232222233322322232322222333223222
222223332232332222222233322323322222222333223233
222223332233222322222223332233222322222223332233
222223332233222323222223332233222323222223332233
222223332233232222222233322332322222222333223323
222223332322232222222233323222322222222333232223
222223332322232223222222333232223222322222233323
222223332322232223322222333232223222332222233323
222223332322232232222233323222322322222333232223
222223332323222322222233323232223222222333232322
222223332323233222222223332323233222222223332323
222223332332223222222223332332223222222223332332
222223332332223222222233323322232222222333233222
222223332332223223222223332332223223222223332332
222223332332223232222233323322232322222333233222
222223332333222222333233322222233323332222223332
222223332333222322222233323332223222222333233322
222223332333232222222233323332322222222333233323
222223332333322222333233332222233323333222223332
222223333222232222222233332222322222222333322223
222223333222232232222233332222322322222333322223
222223333222322232222223333222322232222223333222
222223333222322232322222333322232223232222233332
222223333222322233222223333222322233222223333222
222223333222332222222233332223322222222333322233
222223333223222322222233332232223222222333322322
222223333223222323222223333223222323222223333223
222223333223222332222233332232223322222333322322
222223333223232222222233332232322222222333322323
222223333232223222222223333232223222222223333232
222223333232223223222223333232223223222223333232
222223333232223232222233332322232322222333323222
222223333232323322222233332323233222222333323232
222223333232332222222233332323322222222333323233
222223333233222322222223333233222322222223333233
222223333233222322222233332332223222222333323322
222223333233222323222223333233222323222223333233
222223333233232222222233332332322222222333323323
222223333322232222222233333222322222222333332223
222223333322232232222233333222322322222333332223
222223333323222322222233333232223222222333332322
222223333323222323222223333323222323222223333323
222223333332223222222223333332223222222223333332
222223333332223222222233333322232222222333333222
222223333332223223222223333332223223222223333332
222223333332223232222233333322232322222333333222
222223333332332222222233333323322222222333333233
222223333333222322222233333332223222222333333322
222223333333232222222233333332322222222333333323
222232222222232222222322222222322222223222222223
222232222222232232222322222222322322223222222223
222232222222332222222322222223322222223222222233
222232222223222322222322222232223222223222222322
222232222223222323222232222223222323222232222223
222232222223222332222322222232223322223222222322
222232222223232222222322222232322222223222222323
222232222232223223222232222232223223222232222232
222232222232223232222322222322232322223222223222
222232222232332222222322222323322222223222223233
222232222233222322222232222233222322222232222233
222232222233222323222232222233222323222232222233
222232222233232222222322222332322222223222223323
222232222322232232222322223222322322223222232223
222232222323222322222322223232223222223222232322
222232222323222323222232222323222323222232222323
222232222332223222222232222332223222222232222332
222232222332223222222322223322232222223222233222
222232222332223223222232222332223223222232222332
222232222332223232222322223322232322223222233222
222232222332332222222322223323322222223222233233
222232222333222322222322223332223222223222233322
222232222333232222222322223332322222223222233323
222232223222232222222322232222322222223222322223
222232223222232232222322232222322322223222322223
222232223222323232222322232223232322223222322232
222232223222332222222322232223322222223222322233
222232223222332223222222232223222332223222222232
222232223222332223222222322232223322232222223222
222232223222332223223222232223222332223223222232
222232223222332223232222322232223322232322223222
222232223223222322222322232232223222223222322322
222232223223222323222232223223222323222232223223
222232223223222332222322232232223322223222322322
222232223232223222222232223232223222222232223232
222232223232223223222232223232223223222232223232
222232223232223232222322232322232322223222323222
222232223232332222222322232323322222223222323233
222232223233222322222232223233222322222232223233
222232223233222322222322232332223222223222323322
222232223233232222222322232332322222223222323323
222232223322232222222322233222322222223222332223
222232223322232223222223222332223222322222322233
222232223322232223322223222332223222332222322233
222232223322232232222322233222322322223222332223
222232223323222322222322233232223222223222332322
222232223323222323222232223323222323222232223323
222232223332223222222232223332223222222232223332
222232223332223222222322233322232222223222333222
222232223332223223222232223332223223222232223332
222232223332223232222322233322232322223222333222
222232223332332222222322233323322222223222333233
222232223333222322222322233332223222223222333322
222232223333232222222322233332322222223222333323
222232232222232222222322322222322222223223222223
222232232222232232222322322222322322223223222223
222232232222332222222322322223322222223223222233
222232232223222322222322322232223222223223222322
222232232223222323222223223222322232322222322322
222232232223222323232222322322232223232322223223
222232232223222323322223223222322232332222322322
222232232223222332222322322232223322223223222322
222232232223232222222322322232322222223223222323
222232232223232232222322322232322322223223222323
222232232232223232222322322322232322223223223222
222232232232322232222232232232322232222232232232
222232232232332222222322322323322222223223223233
222232232233222322222232232233222322222232232233
222232232233222323222232232233222323222232232233
222232232233232222222322322332322222223223223323
222232232322232222222322323222322222223223232223
222232232322232223222223223232223222322222322323
222232232322232223322223223232223222332222322323
222232232322232232222322323222322322223223232223
222232232323222322222322323232223222223223232322
222232232323322232222232232323322232222232232323
222232232332223222222232232332223222222232232332
222232232332223222222322323322232222223223233222
222232232332223223222232232332223223222232232332
222232232332332222222322323323322222223223233233
222232232333222223223233322222322323332222232232
222232232333222322222322323332223222223223233322
222232232333232222222322323332322222223223233323
222232232333322223223233332222322323333222232232
222232233222232222222322332222322222223223322223
222232233222232232222322332222322322223223322223
222232233222322232222232233222322232222232233222
222232233222322232322223223322232223232222322332
222232233222322233222232233222322233222232233222
222232233222332222222322332223322222223223322233
222232233223222322222322332232223222223223322322
222232233223222323222232233223222323222232233223
222232233223222332222322332232223322223223322322
222232233223232222222322332232322222223223322323
222232233232223222222232233232223222222232233232
222232233232223223222232233232223223222232233232
222232233232223232222322332322232322223223323222
222232233232323322222322332323233222223223323232
222232233232332222222322332323322222223223323233
222232233233222322222232233233222322222232233233
222232233233222322222322332332223222223223323322
222232233233222323222232233233222323222232233233
222232233233232222222322332332322222223223323323
222232233322232222222322333222322222223223332223
222232233322232232222322333222322322223223332223
222232233323222322222322333232223222223223332322
222232233323222323222232233323222323222232233323
222232233332223222222232233332223222222232233332
222232233332223222222322333322232222223223333222
222232233332223223222232233332223223222232233332
222232233332223232222322333322232322223223333222
222232233332332222222322333323322222223223333233
222232233333222322222322333332223222223223333322
222232233333232222222322333332322222223223333323
222232322222232222222323222222322222223232222223
222232322222232232222323222222322322223232222223
222232322222332222222323222223322222223232222233
222232322223222322222323222232223222223232222322
222232322223222323222232322223222323222232322223
222232322223222332222323222232223322223232222322
222232322223232222222323222232322222223232222323
222232322232223223222223232223222322322222323222
222232322232223223232222323222322232232322223232
222232322232223223322223232223222322332222323222
222232322232223232222323222322232322223232223222
222232322232332222222323222323322222223232223233
222232322233222322222232322233222322222232322233
222232322233222323222232322233222323222232322233
222232322233232222222323222332322222223232223323
222232322322232223222223232232223222322222323223
222232322322232223322223232232223222332222323223
222232322322232232222323223222322322223232232223
222232322322323222222323223223232222223232232232
222232322323222322222323223232223222223232232322
222232322323222323222232322323222323222232322323
222232322332223222222232322332223222222232322332
222232322332223222222323223322232222223232233222
222232322332223223222232322332223223222232322332
222232322332223232222323223322232322223232233222
222232322332332222222323223323322222223232233233
222232322333222223232233322222323223332222232322
222232322333222322222323223332223222223232233322
222232322333232222222323223332322222223232233323
222232322333322223232233332222323223333222232322
222232323222232222222323232222322222223232322223
222232323222232232222323232222322322223232322223
222232323222322232222232323222322232222232323222
222232323222322233222232323222322233222232323222
222232323222332222222323232223322222223232322233
222232323223222322222323232232223222223232322322
222232323223222323222232323223222323222232323223
222232323223222332222323232232223322223232322322
222232323232223232222323232322232322223232323222
222232323232332222222323232323322222223232323233
222232323233222322222232323233222322222232323233
222232323233222322222323232332223222223232323322
222232323233222323222232323233222323222232323233
222232323233232222222323232332322222223232323323
222232323322232222222323233222322222223232332223
222232323322232223222223232332223222322222323233
222232323322232223322223232332223222332222323233
222232323322232232222323233222322322223232332223
222232323323222322222323233232223222223232332322
222232323323222323222232323323222323222232323323
222232323332223222222232323332223222222232323332
222232323332223222222323233322232222223232333222
222232323332223223222232323332223223222232323332
222232323332223232222323233322232322223232333222
222232323332332222222323233323322222223232333233
222232323333222322222323233332223222223232333322
222232323333232222222323233332322222223232333323
222232332222232222222323322222322222223233222223
222232332222232232222323322222322322223233222223
222232332222332222222323322223322222223233222233
222232332223222322222323322232223222223233222322
222232332223222322322223233222322232232222323322
222232332223222323222232332223222323222232332223
222232332223222332222323322232223322223233222322
222232332223232222222323322232322222223233222323
222232332232223223222232332232223223222232332232
222232332232223232222323322322232322223233223222
222232332233222322222232332233222322222232332233
222232332233222323222232332233222323222232332233
222232332233232222222323322332322222223233223323
222232332322232222222323323222322222223233232223
222232332322232223222223233232223222322222323323
222232332322232223322223233232223222332222323323
222232332322232232222323323222322322223233232223
222232332323222322222323323232223222223233232322
222232332323233222222232332323233222222232332323
222232332332223222222232332332223222222232332332
222232332332223222222323323322232222223233233222
222232332332223223222232332332223223222232332332
222232332332223232222323323322232322223233233222
222232332333222223233233322222323323332222232332
222232332333222322222323323332223222223233233322
222232332333232222222323323332322222223233233323
222232332333322223233233332222323323333222232332
222232333222232222222323332222322222223233322223
222232333222232232222323332222322322223233322223
222232333222322232222232333222322232222232333222
222232333222322232322223233322232223232222323332
222232333222322233222232333222322233222232333222
222232333222332222222323332223322222223233322233
222232333223222322222323332232223222223233322322
222232333223222323222232333223222323222232333223
222232333223222332222323332232223322223233322322
222232333223232222222323332232322222223233322323
222232333232223222222232333232223222222232333232
222232333232223223222232333232223223222232333232
222232333232223232222323332322232322223233323222
222232333232323322222323332323233222223233323232
222232333232332222222323332323322222223233323233
222232333233222322222232333233222322222232333233
222232333233222322222323332332223222223233323322
222232333233222323222232333233222323222232333233
222232333233232222222323332332322222223233323323
222232333322232222222323333222322222223233332223
222232333322232232222323333222322322223233332223
222232333323222322222323333232223222223233332322
222232333323222323222232333323222323222232333323
222232333332223222222232333332223222222232333332
222232333332223222222323333322232222223233333222
222232333332223223222232333332223223222232333332
222232333332223232222323333322232322223233333222
222232333332332222222323333323322222223233333233
222232333333222322222323333332223222223233333322
222232333333232222222323333332322222223233333323
222233222222232222222332222222322222223322222223
222233222222232232222332222222322322223322222223
222233222222332222222332222223322222223322222233
222233222223222322222332222232223222223322222322
222233222223222323222233222223222323222233222223
222233222223222332222332222232223322223322222322
222233222223232222222332222232322222223322222323
222233222232223223222233222232223223222233222232
222233222232223232222332222322232322223322223222
222233222232332222222332222323322222223322223233
222233222233222322222233222233222322222233222233
222233222233222323222233222233222323222233222233
222233222233232222222332222332322222223322223323
222233222322232223322222233222322232223322222233
222233222322232232222332223222322322223322232223
222233222322332222222332223223322222223322232233
222233222322332232222332223223322322223322232233
222233222323222322222332223232223222223322232322
222233222323222323222233222323222323222233222323
222233222323222332222332223232223322223322232322
222233222332223222222233222332223222222233222332
222233222332223222222332223322232222223322233222
222233222332223223222233222332223223222233222332
222233222332223232222332223322232322223322233222
222233222332332222222332223323322222223322233233
222233222333222223322233322222332223332222233222
222233222333222322222332223332223222223322233322
222233222333232222222332223332322222223322233323
222233222333322223322233332222332223333222233222
222233223222232222222332232222322222223322322223
222233223222232232222332232222322322223322322223
222233223222322232222233223222322232222233223222
222233223222322233222233223222322233222233223222
222233223223223322222233223223223322222233223223
222233223232223222222233223232223222222233223232
222233223232223223222233223232223223222233223232
222233223232223232222332232322232322223322323222
222233223232332222222332232323322222223322323233
222233223233222322222233223233222322222233223233
222233223233222322222332232332223222223322323322
222233223233232222222332232332322222223322323323
222233223322232222222332233222322222223322332223
222233223322232223222223322332223222322222332233
222233223322232223322223322332223222332222332233
222233223322232232222332233222322322223322332223
222233223323222322222332233232223222223322332322
222233223323222323222233223323222323222233223323
222233223332223222222233223332223222222233223332
222233223332223222222332233322232222223322333222
222233223332223223222233223332223223222233223332
222233223332223232222332233322232322223322333222
222233223332332222222332233323322222223322333233
222233223333222322222332233332223222223322333322
222233223333232222222332233332322222223322333323
222233232222232222222332322222322222223323222223
222233232222232232222332322222322322223323222223
222233232222332222222332322223322222223323222233
222233232223222322222332322232223222223323222322
222233232223222322322222332322232223223222223323
222233232223222322332222332322232223223322223323
222233232223222323222233232223222323222233232223
222233232223222332222332322232223322223323222322
222233232223232222222332322232322222223323222323
222233232223232232222332322232322322223323222323
222233232232223223222233232232223223222233232232
222233232232223232222332322322232322223323223222
222233232232232322222332322322323222223323223223
222233232232332222222332322323322222223323223233
222233232233222322222233232233222322222233232233
222233232233222323222233232233222323222233232233
222233232322232222222332323222322222223323232223
222233232322232232222332323222322322223323232223
222233232323222322222332323232223222223323232322
222233232323322232222223323232332223222222332323
222233232323322232222233232323322232222233232323
222233232323322232322223323232332223232222332323
222233232332223222222233232332223222222233232332
222233232332223222222332323322232222223323233222
222233232332223223222233232332223223222233232332
222233232332223232222332323322232322223323233222
222233232332332222222332323323322222223323233233
222233232333222223323233322222332323332222233232
222233232333222322222332323332223222223323233322
222233232333232222222332323332322222223323233323
222233232333322223323233332222332323333222233232
222233233222232222222332332222322222223323322223
222233233222232232222332332222322322223323322223
222233233222322232222233233222322232222233233222
222233233222322232322223323322232223232222332332
222233233222322233222233233222322233222233233222
222233233222332222222332332223322222223323322233
222233233223222322222332332232223222223323322322
222233233223222323222233233223222323222233233223
222233233223222332222332332232223322223323322322
222233233223232222222332332232322222223323322323
222233233232223222222233233232223222222233233232
222233233232223223222233233232223223222233233232
222233233232223232222332332322232322223323323222
222233233232323322222332332323233222223323323232
222233233232332222222332332323322222223323323233
222233233233222322222332332332223222223323323322
222233233322232222222332333222322222223323332223
222233233322232232222332333222322322223323332223
222233233323222322222332333232223222223323332322
222233233323222323222233233323222323222233233323
222233233332223222222233233332223222222233233332
222233233332223222222332333322232222223323333222
222233233332223223222233233332223223222233233332
222233233332223232222332333322232322223323333222
222233233332332222222332333323322222223323333233
222233233333222322222332333332223222223323333322
222233233333232222222332333332322222223323333323
222233322222232222222333222222322222223332222223
222233322222232232222333222222322322223332222223
222233322222332222222333222223322222223332222233
222233322223222322222333222232223222223332222322
222233322223222323222233322223222323222233322223
222233322223222332222333222232223322223332222322
222233322223232222222333222232322222223332222323
222233322232223223222233322232223223222233322232
222233322232223232222333222322232322223332223222
222233322232332222222333222323322222223332223233
222233322233222322222233322233222322222233322233
222233322233222323222233322233222323222233322233
222233322233232222222333222332322222223332223323
222233322322232223222223332232223222322222333223
222233322322232223322223332232223222332222333223
222233322322232232222333223222322322223332232223
222233322323222322222333223232223222223332232322
222233322323222323222233322323222323222233322323
222233322332223222222233322332223222222233322332
222233322332223222222333223322232222223332233222
222233322332223223222233322332223223222233322332
222233322332223232222333223322232322223332233222
222233322332332222222333223323322222223332233233
222233322333222223332233322222333223332222233322
222233322333222322222333223332223222223332233322
222233322333232222222333223332322222223332233323
222233322333322223332233332222333223333222233322
222233323222232222222333232222322222223332322223
222233323222232232222333232222322322223332322223
222233323222322232222233323222322232222233323222
222233323222322232322223332322232223232222333232
222233323222322233222233323222322233222233323222
222233323222332222222333232223322222223332322233
222233323223222322222333232232223222223332322322
222233323223222323222233323223222323222233323223
222233323223222332222333232232223322223332322322
222233323232223232222333232322232322223332323222
222233323232332222222333232323322222223332323233
222233323233222322222233323233222322222233323233
222233323233222322222333232332223222223332323322
222233323233222323222233323233222323222233323233
222233323233232222222333232332322222223332323323
222233323322232222222333233222322222223332332223
222233323322232223222223332332223222322222333233
222233323322232223322223332332223222332222333233
222233323322232232222333233222322322223332332223
222233323323222322222333233232223222223332332322
222233323323222323222233323323222323222233323323
222233323332223222222233323332223222222233323332
222233323332223222222333233322232222223332333222
222233323332223223222233323332223223222233323332
222233323332223232222333233322232322223332333222
222233323332332222222333233323322222223332333233
222233323333222322222333233332223222223332333322
222233323333232222222333233332322222223332333323
222233332222232222222333322222322222223333222223
222233332222232232222333322222322322223333222223
222233332222332222222333322223322222223333222233
222233332223222322222333322232223222223333222322
222233332223222322322223333222322232232222333322
222233332223222323222233332223222323222233332223
222233332223222332222333322232223322223333222322
222233332223232222222333322232322222223333222323
222233332232223223222233332232223223222233332232
222233332232223232222333322322232322223333223222
222233332232332222222333322323322222223333223233
222233332233222322222233332233222322222233332233
222233332233222323222233332233222323222233332233
222233332233232222222333322332322222223333223323
222233332322232222222333323222322222223333232223
222233332322232223222223333232223222322222333323
222233332322232223322223333232223222332222333323
222233332322232232222333323222322322223333232223
222233332323222322222333323232223222223333232322
222233332323233222222233332323233222222233332323
222233332332223222222233332332223222222233332332
222233332332223222222333323322232222223333233222
222233332332223223222233332332223223222233332332
222233332332223232222333323322232322223333233222
222233332333222223333233322222333323332222233332
222233332333222322222333323332223222223333233322
222233332333232222222333323332322222223333233323
222233332333322223333233332222333323333222233332
222233333222232222222333332222322222223333322223
222233333222232232222333332222322322223333322223
222233333222322232222233333222322232222233333222
222233333222322232322223333322232223232222333332
222233333222322233222233333222322233222233333222
222233333222332222222333332223322222223333322233
222233333223222322222333332232223222223333322322
222233333223222323222233333223222323222233333223
222233333223222332222333332232223322223333322322
222233333223232222222333332232322222223333322323
222233333232223222222233333232223222222233333232
222233333232223223222233333232223223222233333232
222233333232223232222333332322232322223333323222
222233333232323322222333332323233222223333323232
222233333232332222222333332323322222223333323233
222233333233222322222233333233222322222233333233
222233333233222322222333332332223222223333323322
222233333233222323222233333233222323222233333233
222233333233232222222333332332322222223333323323
222233333322232222222333333222322222223333332223
222233333322232232222333333222322322223333332223
222233333323222322222333333232223222223333332322
222233333323222323222233333323222323222233333323
222233333332223222222233333332223222222233333332
222233333332223222222333333322232222223333333222
222233333332223223222233333332223223222233333332
222233333332223232222333333322232322223333333222
222233333332332222222333333323322222223333333233
222233333333222322222333333332223222223333333322
222233333333232222222333333332322222223333333323
222322222222232222223222222222322222232222222223
222322222222232232223222222222322322232222222223
222322222222332222223222222223322222232222222233
222322222223222322223222222232223222232222222322
222322222223222323222322222223222323222322222223
222322222223222332223222222232223322232222222322
222322222223232222223222222232322222232222222323
222322222232223223222322222232223223222322222232
222322222232223232223222222322232322232222223222
222322222232332222223222222323322222232222223233
222322222233222322222322222233222322222322222233
222322222233222323222322222233222323222322222233
222322222233232222223222222332322222232222223323
222322222322232232223222223222322322232222232223
222322222323222322223222223232223222232222232322
222322222323222323222322222323222323222322222323
222322222332223222222322222332223222222322222332
222322222332223222223222223322232222232222233222
222322222332223223222322222332223223222322222332
222322222332223232223222223322232322232222233222
222322222332332222223222223323322222232222233233
222322222333222322223222223332223222232222233322
222322222333232222223222223332322222232222233323
222322223222233222223222232222332222232222322223
222322223222332222223222232223322222232222322233
222322223223222322223222232232223222232222322322
222322223223222323222322223223222323222322223223
222322223223222332223222232232223322232222322322
222322223232223222222322223232223222222322223232
222322223232223223222322223232223223222322223232
222322223232223232223222232322232322232222323222
222322223232332222223222232323322222232222323233
222322223233222322222322223233222322222322223233
222322223233222322223222232332223222232222323322
222322223233232222223222232332322222232222323323
222322223322232222223222233222322222232222332223
222322223322232223222232222332223222322223222233
222322223322232223322232222332223222332223222233
222322223322232232223222233222322322232222332223
222322223323222322223222233232223222232222332322
222322223323222323222322223323222323222322223323
222322223332223222222322223332223222222322223332
222322223332223222223222233322232222232222333222
222322223332223223222322223332223223222322223332
222322223332223232223222233322232322232222333222
222322223332332222223222233323322222232222333233
222322223333222322223222233332223222232222333322
222322223333232222223222233332322222232222333323
222322232222232222223222322222322222232223222223
222322232222232232223222322222322322232223222223
222322232222332222223222322223322222232223222233
222322232223232222223222322232322222232223222323
222322232223232232223222322232322322232223222323
222322232223322232222223222322233222322222232223
222322232223322232222232223222332223222223222322
222322232223322232223222232223222332223222322223
222322232232223222222322232232223222222322232232
222322232232223222323232223222322322232223232322
222322232232223223222322232232223223222322232232
222322232232223232223222322322232322232223223222
222322232232233222223222322322332222232223223223
222322232232332222223222322323322222232223223233
222322232233222322222322232233222322222322232233
222322232233222323222322232233222323222322232233
222322232233232222223222322332322222232223223323
222322232322232222223222323222322222232223232223
222322232322232223222232223232223222322223222323
222322232322232223322232223232223222332223222323
222322232322232232223222323222322322232223232223
222322232323222322223222323232223222232223232322
222322232323322232222322232323322232222322232323
222322232332223222222322232332223222222322232332
222322232332223222223222323322232222232223233222
222322232332223223222322232332223223222322232332
222322232332332222223222323323322222232223233233
222322232333222232223233322223222323332222322232
222322232333222322223222323332223222232223233322
222322232333232222223222323332322222232223233323
222322232333322232223233332223222323333222322232
222322233222232222223222332222322222232223322223
222322233222232232223222332222322322232223322223
222322233222322232222322233222322232222322233222
222322233222322232322232223322232223232223222332
222322233222332222223222332223322222232223322233
222322233223222322223222332232223222232223322322
222322233223222323222322233223222323222322233223
222322233223222332223222332232223322232223322322
222322233223232222223222332232322222232223322323
222322233232223222222322233232223222222322233232
222322233232223223222322233232223223222322233232
222322233232223232223222332322232322232223323222
222322233232323322223222332323233222232223323232
222322233232332222223222332323322222232223323233
222322233233222322222322233233222322222322233233
222322233233222322223222332332223222232223323322
222322233233222323222322233233222323222322233233
222322233233232222223222332332322222232223323323
222322233322232222223222333222322222232223332223
222322233322232232223222333222322322232223332223
222322233323222322223222333232223222232223332322
222322233323222323222322233323222323222322233323
222322233332223222222322233332223222222322233332
222322233332223222223222333322232222232223333222
222322233332223223222322233332223223222322233332
222322233332223232223222333322232322232223333222
222322233332332222223222333323322222232223333233
222322233333222322223222333332223222232223333322
222322233333232222223222333332322222232223333323
222322322222232222223223222222322222232232222223
222322322222232232223223222222322322232232222223
222322322222332222223223222223322222232232222233
222322322223222322223223222232223222232232222322
222322322223222323222322322223222323222322322223
222322322223222332223223222232223322232232222322
222322322223232222223223222232322222232232222323
222322322232223232222223223222322232322222232232
222322322232223232222322322232223232222322322232
222322322232223232232223223222322232322322232232
222322322232223232322232232223222323232223223222
222322322232223233222322322232223233222322322232
222322322232232222223223222322322222232232223223
222322322232322232232223223222323222322322232232
222322322232332222223223222323322222232232223233
222322322233222322222322322233222322222322322233
222322322233222323222322322233222323222322322233
222322322233232222223223222332322222232232223323
222322322322232222223223223222322222232232232223
222322322322232232223223223222322322232232232223
222322322323222322223223223232223222232232232322
222322322323222323222322322323222323222322322323
222322322332223222222322322332223222222322322332
222322322332223222223223223322232222232232233222
222322322332223232223223223322232322232232233222
222322322332332222223223223323322222232232233233
222322322333222232232233322223223223332222322322
222322322333222322223223223332223222232232233322
222322322333232222223223223332322222232232233323
222322322333322232232233332223223223333222322322
222322323222232222223223232222322222232232322223
222322323222232232223223232222322322232232322223
222322323222322232222232232322232223222223223232
222322323222322232222322323222322232222322323222
222322323222322232322232232322232223232223223232
222322323222322233222322323222322233222322323222
222322323222332222223223232223322222232232322233
222322323223222322223223232232223222232232322322
222322323223222323222322323223222323222322323223
222322323223222332223223232232223322232232322322
222322323232223232223223232322232322232232323222
222322323232332222223223232323322222232232323233
222322323233222322222322323233222322222322323233
222322323233222322223223232332223222232232323322
222322323233222323222322323233222323222322323233
222322323233232222223223232332322222232232323323
222322323322232222223223233222322222232232332223
222322323322232223222232232332223222322223223233
222322323322232223322232232332223222332223223233
222322323322232232223223233222322322232232332223
222322323323222322223223233232223222232232332322
222322323323222323222322323323222323222322323323
222322323332223222222322323332223222222322323332
222322323332223222223223233322232222232232333222
222322323332223223222322323332223223222322323332
222322323332223232223223233322232322232232333222
222322323332332222223223233323322222232232333233
222322323333222322223223233332223222232232333322
222322323333232222223223233332322222232232333323
222322332222232222223223322222322222232233222223
222322332222232232223223322222322322232233222223
222322332222332222223223322223322222232233222233
222322332223222322223223322232223222232233222322
222322332223222323222322332223222323222322332223
222322332223222332223223322232223322232233222322
222322332223232222223223322232322222232233222323
222322332232223223222322332232223223222322332232
222322332232223232223223322322232322232233223222
222322332233222322222322332233222322222322332233
222322332233222323222322332233222323222322332233
222322332233232222223223322332322222232233223323
222322332322232222223223323222322222232233232223
222322332322232223222232233232223222322223223323
222322332322232223322232233232223222332223223323
222322332322232232223223323222322322232233232223
222322332323222322223223323232223222232233232322
222322332323233222222322332323233222222322332323
222322332332223222222322332332223222222322332332
222322332332223222223223323322232222232233233222
222322332332223223222322332332223223222322332332
222322332332223232223223323322232322232233233222
222322332333222232233233322223223323332222322332
222322332333222322223223323332223222232233233322
222322332333232222223223323332322222232233233323
222322332333322232233233332223223323333222322332
222322333222232222223223332222322222232233322223
222322333222232232223223332222322322232233322223
222322333222322232222322333222322232222322333222
222322333222322232322232233322232223232223223332
222322333222322233222322333222322233222322333222
222322333222332222223223332223322222232233322233
222322333223222322223223332232223222232233322322
222322333223222323222322333223222323222322333223
222322333223222332223223332232223322232233322322
222322333223232222223223332232322222232233322323
222322333232223222222322333232223222222322333232
222322333232223223222322333232223223222322333232
222322333232223232223223332322232322232233323222
222322333232323322223223332323233222232233323232
222322333232332222223223332323322222232233323233
222322333233222322222322333233222322222322333233
222322333233222322223223332332223222232233323322
222322333233222323222322333233222323222322333233
222322333233232222223223332332322222232233323323
222322333322232222223223333222322222232233332223
222322333322232232223223333222322322232233332223
222322333323222322223223333232223222232233332322
222322333323222323222322333323222323222322333323
222322333332223222222322333332223222222322333332
222322333332223222223223333322232222232233333222
222322333332223223222322333332223223222322333332
222322333332223232223223333322232322232233333222
222322333332332222223223333323322222232233333233
222322333333222322223223333332223222232233333322
222322333333232222223223333332322222232233333323
222323222222232222223232222222322222232322222223
222323222222232232223232222222322322232322222223
222323222222332222223232222223322222232322222233
222323222223222322223232222232223222232322222322
222323222223222323222323222223222323222323222223
222323222223222332223232222232223322232322222322
222323222223232222223232222232322222232322222323
222323222232223223222323222232223223222323222232
222323222232223232223232222322232322232322223222
222323222232332222223232222323322222232322223233
222323222233222322222323222233222322222323222233
222323222233222323222323222233222323222323222233
222323222233232222223232222332322222232322223323
222323222322232232222223232223222322322222232322
222323222322232232222323222322232232222323222322
222323222322232232232223232223222322322322232322
222323222322232232322232322232223223232223232223
222323222322232233222323222322232233222323222322
222323222323222322222323222323222322222323222323
222323222323222322223232223232223222232322232322
222323222332223222222323222332223222222323222332
222323222332223222223232223322232222232322233222
222323222332223222323222323222332223222323222323
222323222332223223222323222332223223222323222332
222323222332223232223232223322232322232322233222
222323222332332222223232223323322222232322233233
222323222333222232322233322223232223332222323222
222323222333222322223232223332223222232322233322
222323222333232222223232223332322222232322233323
222323222333322232322233332223232223333222323222
222323223222232222223232232222322222232322322223
222323223222232232223232232222322322232322322223
222323223222322232222323223222322232222323223222
222323223222322233222323223222322233222323223222
222323223222332222223232232223322222232322322233
222323223232223222222323223232223222222323223232
222323223232223223222323223232223223222323223232
222323223232223232223232232322232322232322323222
222323223232332222223232232323322222232322323233
222323223233222322222323223233222322222323223233
222323223233222322223232232332223222232322323322
222323223233232222223232232332322222232322323323
222323223322232222223232233222322222232322332223
222323223322232223222232322332223222322223232233
222323223322232223322232322332223222332223232233
222323223322232232223232233222322322232322332223
222323223323222322223232233232223222232322332322
222323223323222323222323223323222323222323223323
222323223332223222222323223332223222222323223332
222323223332223222223232233322232222232322333222
222323223332223223222323223332223223222323223332
222323223332223232223232233322232322232322333222
222323223332332222223232233323322222232322333233
222323223333222322223232233332223222232322333322
222323223333232222223232233332322222232322333323
222323232222232222223232322222322222232323222223
222323232222232232223232322222322322232323222223
222323232222332222223232322223322222232323222233
222323232223222322223232322232223222232323222322
222323232223222323222323232223222323222323232223
222323232223222332223232322232223322232323222322
222323232223232222223232322232322222232323222323
222323232223232232223232322232322322232323222323
222323232232223223222323232232223223222323232232
222323232232223232223232322322232322232323223222
222323232232232322223232322322323222232323223223
222323232232332222223232322323322222232323223233
222323232233222322222323232233222322222323232233
222323232233222323222323232233222323222323232233
222323232322232222223232323222322222232323232223
222323232322232232223232323222322322232323232223
222323232323222322223232323232223222232323232322
222323232332223222222323232332223222222323232332
222323232332223222223232323322232222232323233222
222323232332223223222323232332223223222323232332
222323232332223232223232323322232322232323233222
222323232332332222223232323323322222232323233233
222323232333222322223232323332223222232323233322
222323232333232222223232323332322222232323233323
222323233222232222223232332222322222232323322223
222323233222232232223232332222322322232323322223
222323233222322233222323233222322233222323233222
222323233222332222223232332223322222232323322233
222323233223222322223232332232223222232323322322
222323233223222323222323233223222323222323233223
