22222223222222223222222223
22222232222222232222222232
22222232322222232322222232
22222322222222322222222322
22222322322222322322222322
22222323222222323222222323
22222332222222332222222332
22223222322222322232222232
22223222332222322233222232
22223223222223223222223223
22223233222223233222223233
22223322222223322222223322
22223322222332222233222223
22223323222223323222223323
22223332222223332222223332
22223332222333222233322223
22232223222232223222232223
22232223223232223222322323
22232223232223222323222322
22232223232232223222323223
22232223322232223322232223
22232322222232322222232322
22232322223232222323222232
22232322322232322322232322
22232332223233222323322232
22233223222233223222233223
22233232322233232322233232
22233233222233233222233233
22233233322233233322233233
22233322222233322222233322
22233322223332222333222233
22233323222233323222233323
22233332222233332222233332
22233332223333222333322233
22322223222322223222322223
22322232232223222323222322
22322232232232223223223222
22322232322232223223222322
22322232322322232322322232
22322322232223232223222322
22322322232232223223222322
22322323222322323222322323
22322332222322332222322332
22322332232233223223322322
22323222322232232223222323
22323222322232322232223232
22323223222323223222323223
22323233222323233222323233
22323322222323322222323322
22323322232332223233222323
22323323222323323222323323
22323332222323332222323332
22323332232333223233322323
22332223222223322232222233
22332223222233222322223322
22332223222322233222322232
22332223232233222323223322
22332232222332232222332232
22332233322332233322332233
22332322222332322222332322
22332322233232223323222332
22332323222332323222332323
22332332233233223323322332
22333222322233322232223332
22333223222333223222333223
22333233222333233222333233
22333233322333233322333233
22333322222333322222333322
22333323222333323222333323
22333332222333332222333332
23222223223222223223222223
23222232223222232223222232
23222232323222232323222232
23222322232232223222322322
23222322232322232223223222
23222322233222322232223322
23222322233232223222332322
23222322322232232223223222
23222322323222322323222322
23222323223222323223222323
23222323323222323323222323
23222332223222322233222322
23222332223222332223222332
23222332322233232223323222
23223222332322322233232232
23223223323223223323223223
23223232223223232223223232
23223233223223233223223233
23223322322332232233223223
23223323223223323223223323
23223332223223332223223332
23223332322333232233323223
23232223222232322232222323
23232223223232223223232223
23232223232323222323232322
23232232223232232223232232
23232322223232322223232322
23232322323232232323223232
23232332222323233222232323
23232332323233232323323232
23233222322323322232232332
23233223223233223223233223
23233233223233233223233233
23233233323233233323233233
23233322223233322223233322
23233322323332232333223233
23233323223233323223233323
23233332223233332223233332
23233332323333232333323233
23322223223322223223322223
23322232222332223222233222
23322232223322232223322232
23322232232332223223233222
23322232323322232323322232
23322322332232233223223322
23322323223322323223322323
23322332223322332223322332
23322332332233233223323322
23323222322332322232233232
23323223223323223223323223
23323233223323233223323233
23323233323323233323323233
23323322223323322223323322
23323322332332233233223323
23323323223323323223323323
23323332332333233233323323
23332223222333222322233322
23332223223332223223332223
23332223232333222323233322
23332232223332232223332232
23332322223332322223332322
23332322333232233323223332
23332323223332323223332323
23332332333233233323323332
23333222322333322232233332
23333223223333223223333223
23333233223333233223333233
23333233323333233323333233
23333322223333322223333322
23333323223333323223333323
23333332223333332223333332
32222223232222223232222223
32222232332222232332222232
32222233232222233232222233
32222322332222322332222322
32222323232222323232222323
32222332232222332232222332
32223222322322232223232223
32223222323222322232322232
32223222332223222322233222
32223222333222322233322232
32223223222322232322232223
32223223232223223232223223
32223232223222322322232223
32223232232223232232223232
32223233232223233232223233
32223322232223222332223222
32223322232223322232223322
32223323222332322233232223
32223332232223332232223332
32223333222333322233332223
32232223223322322232233223
32232223232232223232232223
32232223233223222323322322
32232223332232223332232223
32232233223223223322322322
32232233232232233232232233
32232323223232322323232232
32232332232232332232232332
32232333223233322323332232
32233222322322332223223223
32233232232233232232233232
32233233232233233232233233
32233233332233233332233233
32233322232233322232233322
32233323223332322333232233
32233332232233332232233332
32233333223333322333332233
32322223232322223232322223
32322232233232223223323222
32322232332322232332322232
32322233232322233232322233
32322323232232323223232322
32322323232322323232322323
32322332232322332232322332
32322333232233323223332322
32323223232323223232323223
32323233232323233232323233
32323322232323322232323322
32323323232323323232323323
32323323232332323233232323
32323332232323332232323332
32323333232333323233332323
32332223223323322232233233
32332223232332223232332223
32332223233233222323323322
32332233232332233232332233
32332233332332233332332233
32332322232332322232332322
32332323232332323232332323
32332323233232323323232332
32332332232332332232332332
32332333233233323323332332
32333222323233322232323332
32333223232333223232333223
32333233232333233232333233
32333233332333233332333233
32333322232333322232333322
32333332232333332232333332
33222223233222223233222223
33222232233222232233222232
33222232333222232333222232
33222233233222233233222233
33222322232332223222323322
33222322233222322233222322
33222322233332223222333322
33222322333222322333222322
33222323233222323233222323
33222323322232332223233222
33222332233222332233222332
33222333322233332223333222
33223222323322322232332232
33223222333322322233332232
33223223233223223233223223
33223223333223223333223223
33223232233223232233223232
33223233233223233233223233
33223322233223322233223322
33223323233223323233223323
33223323322332332233233223
33223332233223332233223332
33223333322333332233333223
33232223222332322232223323
33232223223332322232233323
33232223233232223233232223
33232223233323222323332322
33232232233232232233232232
33232233233232233233232233
33232322233232322233232322
33232323323232332323233232
33232323323323232332332323
33232332233232332233232332
33232333323233332323333232
33233222323323322232332332
33233223233233223233233223
33233232233233232233233232
33233233333233233333233233
33233322233233322233233322
33233323233233323233233323
33233323323332332333233233
33233332233233332233233332
33233333323333332333333233
33322223233322223233322223
33322232223332223222333222
33322232233322232233322232
33322232233332223223333222
33322232333322232333322232
33322233233322233233322233
33322323233322323233322323
33322323332232333223233322
33322332233322332233322332
33322333332233333223333322
33323222323332322232333232
33323223233323223233323223
33323233233323233233323233
33323322233323322233323322
33323323332332333233233323
33323332233323332233323332
33323333332333333233333323
33332223223333222322333322
33332223233332223233332223
33332223233333222323333322
33332232233332232233332232
33332233233332233233332233
33332322233332322233332322
33332323233332323233332323
33332323333232333323233332
33332332233332332233332332
33332333333233333323333332
33333222323333322232333332
33333223233333223233333223
33333232233333232233333232
33333233233333233233333233
33333233333333233333333233
33333322233333322233333322
33333323233333323233333323
33333332233333332233333332
