222222232222222222322222222223
222222232232222222322322222223
222222332222222223322222222233
222223222322222232223222222322
222223222323222223222323222223
222223222332222232223322222322
222223232222222232322222222323
222223322222233222222332222223
222223332222233322222333222223
222232223223222232223223222232
222232223232222322232322223222
222232322222323222223232222232
222232332222222323322222223233
222232332222323322223233222232
222233222322222233222322222233
222233222323222233222323222233
222233232222222332322222223323
222233322222333222223332222233
222233332222333322223333222233
222322232232322232223223232223
222322232322322232223232232223
222322322223223222232232222322
222322332223223322232233222322
222323222322223232223222232322
222323222332223232223322232322
222323322223233222232332222323
222323332223233322232333222323
222332223222222332223222222332
222332223222223322232222233222
222332223223222332223223222332
222332223232223322232322233222
222332232232223322322322233223
222332322223323222233232222332
222332332222223323322222233233
222332332223323322233233222332
222333222322223332223222233322
222333232222223332322222233323
223222232222232222322222322223
223222232232232222322322322223
223222322233223222322233223222
223222322322232223232223222322
223222323222322232232223222323
223222332222232223322222322233
223222332232223322322233223222
223223222322232232223222322322
223223222322232322232223223222
223223322232233222322332223223
223223332232233322322333223223
223232223222223232223222223232
223232223222322322232223232223
223232223223223232223223223232
223232223232232322232322323222
223232322232323222323232223232
223232332222232323322222323233
223232332232323322323233223232
223233222322223233222322223233
223233222322232332223222323322
223233232222232332322222323323
223233322232333222323332223233
223233332232333322323333223233
223322232222233222322222332223
223322232223222332223222322233
223322232223322332223222332233
223322322233223222332232223322
223323222322233232223222332322
223323222323223323222323223323
223323322233233222332332223323
223323332233233322332333223323
223332223222223332223222223332
223332223222233322232222333222
223332223223223332223223223332
223332223232233322232322333222
223332322233323222333232223332
223332332222233323322222333233
223332332233323322333233223332
223333222322233332223222333322
223333232222233332322222333323
232222232222322222322223222223
232222232232322222322323222223
232222332222322223322223222233
232223222322322232223223222322
232223222322332322232223223323
232223222323222322232232223222
232223222323223222322232322322
232223222323232223222323232223
232223222332222322232223322223
232223222332223222322233222322
232223222332322232223323222322
232223232222322232322223222323
232223232232322232322323222323
232223322232223222332223222322
232223322322233223222332232223
232223332322233323222333232223
232232223223232232223223232232
232232223232322322232323223222
232232233222322322332223223223
232232322232232232322232232232
232232322322323223223232232232
232232332222322323322223223233
232232332322323323223233232232
232233222322232233222322232233
232233222323232233222323232233
232233232222322332322223223323
232233322322333223223332232233
232233332322333323223333232233
232322232222323222322223232223
232322232223223232223222322323
232322232232323222322323232223
232322322323223223232232232322
232322332323223323232233232322
232323222322323232223223232322
232323322232232323322232232323
232323322323233223232332232323
232323332323233323232333232323
232332223222232332223222232332
232332223222323322232223233222
232332223223232332223223232332
232332223232323322232323233222
232332322323323223233232232332
232332332222323323322223233233
232332332323323323233233232332
232333222322323332223223233322
232333232222323332322223233323
233222232222332222322223322223
233222232232332222322323322223
233222322232233222322232233222
233222322232323322232223232332
233222322233233222322233233222
233222322332223223322232233222
233222332222332223322223322233
233222332332223323322233233222
233223222322332232223223322322
233223222323233223222323233223
233223222332332232223323322322
233223232222332232322223322323
233223332332233323322333233223
233232223222233232223222233232
233232223223233232223223233232
233232223232332322232323323222
233232322332323223323232233232
233232323322332323233223323232
233232332222332323322223323233
233232332332323323323233233232
233233222322233233222322233233
233233222322332332223223323322
233233222323233233222323233233
233233232222332332322223323323
233233322332333223323332233233
233233332332333323323333233233
233322232222333222322223332223
233322232232333222322323332223
233322322333223223332232233322
233322332333223323332233233322
233323222322333232223223332322
233323222323233323222323233323
233323322333233223332332233323
233332223222233332223222233332
233332223222333322232223333222
233332223223233332223223233332
233332223232333322232323333222
233332322333323223333232233332
233332332222333323322223333233
233332332333323323333233233332
233333222322333332223223333322
233333232222333332322223333323
322222232233222222322332222223
322222332223222223322232222233
322223222323222232223232222322
322223222333222232223332222322
322223232223222232322232222323
322223323222233232222332322223
322223333222233332222333322223
322232223223222322232322232223
322232223223232223222322323222
322232223232232223222323223222
322232223322232223222332223222
322232232223222322322232223223
322232232223222323222322232232
322232322232223223222322232322
322232323222323232223232322232
322232332223222323322232223233
322232332233222323322332223233
322232333222323332223233322232
322233222322232223322232223222
322233222323322233222323322233
322233232223222332322232223323
322233323222333232223332322233
322233333222333332223333322233
322322232223232232223222323223
322322232223332232223222333223
322322232233223222322332232223
322322323223223232232232322322
322322332223223223322232232233
322322333223223332232233322322
322323222323223232223232232322
322323222323322323222323322323
322323233223223232332232232323
322323323223233232232332322323
322323333223233332232333322323
322332223223223322232232233222
322332223223322332223223322332
322332223233223322232332233222
322332323223323232233232322332
322332332223223323322232233233
322332333223323332233233322332
322333222323223332223232233322
322333232223223332322232233323
323222232233232222322332322223
323222322232323222322232323222
323222322232332322232223233232
323222322233323222322233323222
323222323232223232322232323222
323222332223232223322232322233
323222333232223332322233323222
323223222323232232223232322322
323223222323323223222323323223
323223222333232232223332322322
323223323232233232322332323223
323223333232233332322333323223
323232223233232322232332323222
323232332223232323322232323233
323232333232323332323233323232
323233222323232332223232323322
323233222323323233222323323233
323233232223232332322232323323
323233323232333232323332323233
323233333232333332323333323233
323322232223232332223222323233
323322232223332332223222333233
323322232233233222322332332223
323322323233223232332232323322
323322332223233223322232332233
323322333233223332332233323322
323323222323233232223232332322
323323323233233232332332323323
323323333233233332332333323323
323332223223323332223223323332
323332223233233322232332333222
323332323233323232333232323332
323332332223233323322232333233
323333222323233332223232333322
323333232223233332322232333323
332222232223322222322233222223
332222232233322222322333222223
332222332223322223322233222233
332223222323322232223233222322
332223222333322232223333222322
332223232223322232322233222323
332223323322233233222332332223
332223333322233333222333332223
332232223223332232223223332232
332232223233322322232333223222
332232323322323233223232332232
332232332223322323322233223233
332232333322323333223233332232
332233222322332233222322332233
332233222323332233222323332233
332233232223322332322233223323
332233323322333233223332332233
332233333322333333223333332233
332322232223233232223222323323
332322232223323222322233232223
332322232223333232223222333323
332322232233323222322333232223
332322323323223233232232332322
332322332223323223322233232233
332322333323223333232233332322
332323222323323232223233232322
332323233222332323233222332323
332323233223323232332233232323
332323323323233233232332332323
332323333323233333232333332323
332332223222332332223222332332
332332223223323322232233233222
332332223223332332223223332332
332332223233323322232333233222
332332323323323233233232332332
332332333323323333233233332332
332333222323323332223233233322
332333232223323332322233233323
333222232223332222322233322223
333222232233332222322333322223
333222322232333222322232333222
333222322233333222322233333222
333222323332223233322232333222
333222332223332223322233322233
333222333332223333322233333222
333223222323332232223233322322
333223222323333223222323333223
333223222333332232223333322322
333223232223332232322233322323
333223323332233233322332333223
333223333332233333322333333223
333232223222333232223222333232
333232223223333232223223333232
333232223233332322232333323222
333232323323332323233233323232
333232323332323233323232333232
333232332223332323322233323233
333232333332323333323233333232
333233222322333233222322333233
333233222323332332223233323322
333233222323333233222323333233
333233232223332332322233323323
333233333332333333323333333233
333322232223333222322233332223
333322232233333222322333332223
333322323333223233332232333322
333322332223333223322233332233
333322333333223333332233333322
333323222323333232223233332322
333323222323333323222323333323
333323323333233233332332333323
333323333333233333332333333323
333332223222333332223222333332
333332223223333322232233333222
333332223223333332223223333332
333332223233333322232333333222
333332323333323233333232333332
333332332223333323322233333233
333332333333323333333233333332
333333222323333332223233333322
333333232223333332322233333323
