#start: Thu Mar 26 10:26:14 2015
#  ETA: Fri Dec 20 01:14:12 385146
22222222222223222222222222223222222222222223
22222222222232222222222222232222222222222232
22222222222232322222222222232322222222222232
22222222222322222222222222322222222222222322
22222222222322322222222222322322222222222322
22222222222323222222222222323222222222222323
22222222222332222222222222332222222222222332
22222222223222322222222222322232222222222232
22222222223222332222222222322233222222222232
22222222223223222222222223223222222222223223
22222222223233222222222223233222222222223233
22222222223322222222222223322222222222223322
22222222223323222222222223323222222222223323
22222222223332222222222223332222222222223332
22222222232223222222222232223222222222232223
22222222232223223222222222322232232222222223
22222222232223232222222223222323222222222322
22222222232223322222222232223322222222232223
22222222232322222222222232322222222222232322
22222222233223222222222233223222222222233223
22222222233233222222222233233222222222233233
22222222233233322222222233233322222222233233
22222222233322222222222233322222222222233322
22222222233323222222222233323222222222233323
22222222233332222222222233332222222222233332
22222222322223222222222322223222222222322223
22222222322223322222222322223322222222322223
22222222322232232222222232223223222222223222
22222222322232322222222322232322222222322232
22222222322323222222222322323222222222322323
22222222322332222222222322332222222222322332
22222222323222322222222232322232222222223232
22222222323223222222222323223222222222323223
22222222323233222222222323233222222222323233
22222222323322222222222323322222222222323322
22222222323323222222222323323222222222323323
22222222323332222222222323332222222222323332
22222222332223222222222223322232222222222233
22222222332223222222222233222322222222223322
22222222332223223222222223322232232222222233
22222222332223232222222233222323222222223322
22222222332232222222222332232222222222332232
22222222332233322222222332233322222222332233
22222222332322222222222332322222222222332322
22222222332323222222222332323222222222332323
22222222333222322222222233322232222222223332
22222222333223222222222333223222222222333223
22222222333233222222222333233222222222333233
22222222333233322222222333233322222222333233
22222222333322222222222333322222222222333322
22222222333323222222222333323222222222333323
22222222333332222222222333332222222222333332
22222223222223222222223222223222222223222223
22222223222223322222223222223322222223222223
22222223222232222222223222232222222223222232
22222223222232322222223222232322222223222232
22222223222322322222223222322322222223222322
22222223222323222222223222323222222223222323
22222223222323322222223222323322222223222323
22222223222332222222223222332222222223222332
#  end: Fri Mar 27 11:42:45 2015
# You can pick up from here with:
# rotworker3 -n 44 -s 22222223223222222223222323223322322333232333
