2222223222222223222222223
2222223232222223232222223
2222232222222232222222232
2222232232222232232222232
2222233222222233222222233
2222322232222232223222223
2222322233222232223322223
2222332222222332222222332
2223222322223222322223222
2223222323222322232322232
2223222332223222332223222
2223232222223232222223232
2223232232223232232223232
2223323232223323232223323
2223332222223332222223332
2223332222333222233322223
2223333222333322233332223
2232223223222322232322232
2232223232223222322322232
2232223232232223232232223
2232232223222323222322232
2232233222232233222232233
2232322232223223222322232
2232322232223232223222323
2232323322232323322232323
2232332222232332222232332
2232332223233222323322232
2232333223233322323332232
2233222322223322232222332
2233222322232223322232223
2233222323223322232322332
2233223222233223222233223
2233232222233232222233232
2233332222233332222233332
2322223222322223222322223
2322223232322223232322223
2322232223223222322232232
2322232223232223222322322
2322232223323222322233232
2322232232322232232322232
2322233222322233222322233
2322322233232232223323223
2322323222322323222322323
2322332232233223223322322
2322333232233323223332322
2323222322323222322323222
2323223222323223222323223
2323322232232332223223233
2323332222323332222323332
2323332232333223233322323
2323333232333323233332323
2332223222233222322223322
2332223222332223222332223
2332223223233222322323322
2332223232332223232332223
2332233222332233222332233
2332322232233232223223323
2332332222332332222332332
2332332233233223323322332
2332333233233323323332332
2333222322233322232223332
2333222322333222322333222
2333222323233322232323332
2333223222333223222333223
2333232222333232222333232
2333332222333332222333332
3222223233222223233222223
3222232233222232233222232
3222233223222233223222233
3222322232232223222323222
3222322232322232223232223
3222322233222322232223322
3222322233322232223332223
3222322322232223232223222
3222323222322232232223222
3222323223222323223222323
3222332223222322233222322
3222332223222332223222332
3222332322233232223323222
3222333322233332223333222
3223222323223222323223222
3223222323322322232332232
3223222333223222333223222
3223223322322322332232232
3223233223223233223223233
3223323223223323223223323
3223332223223332223223332
3223332322333232233323223
3223333322333332233333223
3232223223323222322332322
3232223233232223233232223
3232233223232233223232233
3232332223232332223232332
3232332323233232323323232
3232333323233332323333232
3233222323233222323233222
3233222323323322232332332
3233232223233232223233232
3233233223233233223233233
3233332223233332223233332
3322223223322223223322223
3322223233322223233322223
3322232223233222322232332
3322232223322232223322232
3322232223333222322233332
3322232233322232233322232
3322233223322233223322233
3322322232332232223233223
3322322233332232223333223
3322323223322323223322323
3322332223322332223322332
3322332332233233223323322
3322333332233333223333322
3323222323323222323323222
3323222323332322232333232
3323223223323223223323223
3323233223323233223323233
3323322232332332223233233
3323323223323323223323323
3323332223323332223323332
3323332332333233233323323
3323333332333333233333323
3332223222333222322233322
3332223223332223223332223
3332223223333222322333322
3332223233332223233332223
3332233223332233223332233
3332322232333232223233323
3332332223332332223332332
3332332333233233323323332
3332333333233333323333332
3333222322333322232233332
3333222323333222323333222
3333222323333322232333332
3333223223333223223333223
3333232223333232223333232
3333233223333233223333233
3333323223333323223333323
3333332223333332223333332
