222222222322222222222232222222222223
222222222322322222222232232222222223
222222223322222222222332222222222233
222222232223222222223222322222222322
222222232223232222222322232322222223
222222232223322222223222332222222322
222222232322222222223232222222222323
222222322232232222223222322322222232
222222322232322222232223232222223222
222222323322222222232332222222223233
222222332223222222223322232222222233
222222332223232222223322232322222233
222222332322222222233232222222223323
222223222322322222322232232222232223
222223232223222222323222322222232322
222223232223232222232322232322222323
222223322232222222233222322222222332
222223322232222222332223222222233222
222223322232232222233222322322222332
222223322232322222332223232222233222
222223323322222222332332222222233233
222223332223222222333222322222233322
222223332322222222333232222222233323
222232222322222223222232222222322223
222232223322222223222332222222322233
222232232223222223223222322222322322
222232232223232222322322232322223223
222232232223322223223222332222322322
222232322232222222323222322222223232
222232322232232222323222322322223232
222232322232322223232223232222323222
222232323322222223232332222222323233
222232332223222222323322232222223233
222232332223222223233222322222323322
222232332322222223233232222222323323
222232333222223233322222323332222232
222232333322223233332222323333222232
222233222322222223322232222222332223
222233222322232222233222322232222233
222233222322233222233222322233222233
222233222322322223322232232222332223
222233232223222223323222322222332322
222233232223232222332322232322223323
222233322232222222333222322222223332
222233322232222223332223222222333222
222233322232232222333222322322223332
222233322232322223332223232222333222
222233323322222223332332222222333233
222233332223222223333222322222333322
222233332322222223333232222222333323
222322222322222232222232222223222223
222322222322322232222232232223222223
222322223223222232222322322223222232
222322223322222232222332222223222233
222322232223322222232223222332222223
222322232223322222322232223322222322
222322232232223232223222322322232322
222322232232322232223223232223222322
222322232322222232223232222223222323
222322232322232232223222323222322322
222322232322322232223232232223222323
222322322232322232232223232223223222
222322322332222232232233222223223223
222322323322222232232332222223223233
222322332223222223223322232222232233
222322332223232223223322232322232233
222322332223322232233222332223223322
222322332322222232233232222223223323
222322333222232233322223223332222322
222322333322232233332223223333222322
222323222322222232322232222223232223
222323222322232222323222322232222323
222323222322233222323222322233222323
222323222322322232322232232223232223
222323232223222232323222322223232322
222323233222322223232332223222232323
222323322232222223233222322222232332
222323322232222232332223222223233222
222323322232232223233222322322232332
222323323322222232332332222223233233
222323332223222232333222322223233322
222323332322222232333232222223233323
222332222322222233222232222223322223
222332222322322233222232232223322223
222332223222322223322232223222233222
222332223222323222332223222323222332
222332223322222233222332222223322233
222332232223222233223222322223322322
222332232223232223322322232322233223
222332232223322233223222332223322322
222332232322222233223232222223322323
222332322232222223323222322222233232
222332322232232223323222322322233232
222332322232322233232223232223323222
222332323233222233232323322223323232
222332323322222233232332222223323233
222332332223222223323322232222233233
222332332223222233233222322223323322
222332332223232223323322232322233233
222332332322222233233232222223323323
222332333222233233322223323332222332
222332333322233233332223323333222332
222333222322222233322232222223332223
222333222322322233322232232223332223
222333232223222233323222322223332322
222333232223232223332322232322233323
222333322232222223333222322222233332
222333322232222233332223222223333222
222333322232232223333222322322233332
222333322232322233332223232223333222
222333323322222233332332222223333233
222333332223222233333222322223333322
222333332322222233333232222223333323
223222222322222322222232222232222223
223222222322322322222232232232222223
223222223322222322222332222232222233
223222232223222322223222322232222322
223222232223232232222322232322322223
223222232223322322223222332232222322
223222232322222322223232222232222323
223222322232323223222322232323223222
223222322232332232223222323322322232
223222322233222223222322233222223222
223222322233222232223222332222322232
223222322322222322232232222232223223
223222322322232223232223222322322232
223222322322322322232232232232223223
223222323222322232223232223222322232
223222323222322232232223222323222322
223222323322222322232332222232223233
223222332223222232223322232222322233
223222332223232232223322232322322233
223222332322222322233232222232223323
223222333222322233322232223332223222
223222333322322233332232223333223222
223223222322232223223222322232223223
223223222322232322232223223222322232
223223222322322322322232232232232223
223223223232222322322323222232232232
223223232223222322323222322232232322
223223232223232232232322232322322323
223223322232222232233222322222322332
223223322232222322332223222232233222
223223322232322322332223232232233222
223223323322222322332332222232233233
223223332223222322333222322232233322
223223332322222322333232222232233323
223232222322222323222232222232322223
223232222322322323222232232232322223
223232223222322232322232223222323222
223232223222322322232223232223222322
223232223222323223232223222323223232
223232223222332232322232223322323222
223232223322222323222332222232322233
223232232223222323223222322232322322
223232232223232232322322232322323223
223232232223322323223222332232322322
223232322232322323232223232232323222
223232323322222323232332222232323233
223232332223222232323322232222323233
223232332223222323233222322232323322
223232332223232232323322232322323233
223232332322222323233232222232323323
223232333222323233322232323332223232
223232333322323233332232323333223232
223233222322222323322232222232332223
223233222322232223233222322232223233
223233222322233223233222322233223233
223233222322322323322232232232332223
223233232223222323323222322232332322
223233232223232232332322232322323323
223233322232222232333222322222323332
223233322232222323332223222232333222
223233322232232232333222322322323332
223233322232322323332223232232333222
223233323322222323332332222232333233
223233332223222323333222322232333322
223233332322222323333232222232333323
223322222322222332222232222233222223
223322222322322332222232232233222223
223322223322222332222332222233222233
223322232223222332223222322233222322
223322232223223223322232223223223322
223322232223232233222322232322332223
223322232223322332223222332233222322
223322232322222332223232222233222323
223322322232232233223222322322332232
223322322232322332232223232233223222
223322332223222233223322232222332233
223322332223232233223322232322332233
223322332322222332233232222233223323
223322333222332233322233223332223322
223322333322332233332233223333223322
223323222322222332322232222233232223
223323222322232223323222322232223323
223323222322233223323222322233223323
223323222322322332322232232233232223
223323232223222332323222322233232322
223323232332222233232323322222332323
223323322232222233233222322222332332
223323322232222332332223222233233222
223323322232232233233222322322332332
223323322232322332332223232233233222
223323332223222332333222322233233322
223323332322222332333232222233233323
223332222322222333222232222233322223
223332222322322333222232232233322223
223332223222322233322232223222333222
223332223222323223332223222323223332
223332223222332233322232223322333222
223332223322222333222332222233322233
223332232223222333223222322233322322
223332232223232233322322232322333223
223332232223322333223222332233322322
223332232322222333223232222233322323
223332322232222233323222322222333232
223332322232232233323222322322333232
223332322232322333232223232233323222
223332323233222333232323322233323232
223332323322222333232332222233323233
223332332223222233323322232222333233
223332332223222333233222322233323322
223332332223232233323322232322333233
223332332322222333233232222233323323
223332333222333233322233323332223332
223332333322333233332233323333223332
223333222322222333322232222233332223
223333222322322333322232232233332223
223333232223222333323222322233332322
223333232223232233332322232322333323
223333322232222233333222322222333332
223333322232222333332223222233333222
223333322232232233333222322322333332
223333322232322333332223232233333222
223333323322222333332332222233333233
223333332223222333333222322233333322
223333332322222333333232222233333323
232222222322223222222232222322222223
232222222322323222222232232322222223
232222223322223222222332222322222233
232222232223223222223222322322222322
232222232223232322222322232323222223
232222232223323222223222332322222322
232222232322223222223232222322222323
232222322232232322223222322323222232
232222322232323222232223232322223222
232222323322223222232332222322223233
232222332223222322223322232223222233
232222332223232322223322232323222233
232222332322223222233232222322223323
232223222322322323222322232232232322
232223222322323232223222322323232223
232223222322332322232223223323222322
232223222323222322232232223222323222
232223222323222322322232223232223223
232223222323223222322232322322232223
232223222332222322232223322223222322
232223222332223222322233222322232223
232223232223223222323222322322232322
232223232223232322232322232323222323
232223232223323222323222332322232322
232223322232222322233222322223222332
232223322232223222332223222322233222
232223322232232322233222322323222332
232223322232323222332223232322233222
232223323322223222332332222322233233
232223332223223222333222322322233322
232223332322223222333232222322233323
232232222322223223222232222322322223
232232222322323223222232232322322223
232232223222322322322232223223223222
232232223222332322322232223323223222
232232223322223223222332222322322233
232232322232222322323222322223223232
232232322232232322323222322323223232
232232322232323223232223232322323222
232232323322223223232332222322323233
232232332223222322323322232223223233
232232332223223223233222322322323322
232232332322223223233232222322323323
232232333223223233322322323332232232
232232333323223233332322323333232232
232233222322223223322232222322332223
232233222322232232233222322232232233
232233222322233232233222322233232233
232233222322323223322232232322332223
232233232223223223323222322322332322
232233232223232322332322232323223323
232233322232222322333222322223223332
232233322232223223332223222322333222
232233322232232322333222322323223332
232233322232323223332223232322333222
232233323322223223332332222322333233
232233332223223223333222322322333322
232233332322223223333232222322333323
232322222322223232222232222323222223
232322222322323232222232232323222223
232322223322223232222332222323222233
232322232223222323222322232223232223
232322232223223223232223222322322323
232322232223223232223222322323222322
232322232223232323222322232323232223
232322232223323232223222332323222322
232322232322223232223232222323222323
232322232322323232223232232323222323
232322322232232323223222322323232232
232322322232323232232223232323223222
232322322323223232232232322323223223
232322323322223232232332222323223233
232322332223222323223322232223232233
232322332223232323223322232323232233
232322333223232233322323223332232322
232322333323232233332323223333232322
232323222322223232322232222323232223
232323222322323232322232232323232223
232323232223223232323222322323232322
232323322232222323233222322223232332
232323322232223232332223222323233222
232323322232223323232332223222332323
232323322232232323233222322323232332
232323322232323232332223232323233222
232323323322223232332332222323233233
232323332223223232333222322323233322
232323332322223232333232222323233323
232332222322223233222232222323322223
232332222322323233222232232323322223
232332223222322323233222322232232323
232332223222322323322232223223233222
232332223222323232332223222323232332
232332223222332323322232223323233222
232332223322223233222332222323322233
232332232223223233223222322323322322
232332232223232323322322232323233223
232332232223323233223222332323322322
232332232322223233223232222323322323
232332322232222323323222322223233232
232332322232232323323222322323233232
232332322232323233232223232323323222
232332323233223233232323322323323232
232332323233323233232323332323323232
232332323322223233232332222323323233
232332332223222323323322232223233233
232332332223223233233222322323323322
232332332223232323323322232323233233
232332333223233233322323323332232332
232332333323233233332323323333232332
232333222322223233322232222323332223
232333222322323233322232232323332223
232333232223223233323222322323332322
232333232223232323332322232323233323
232333322232222323333222322223233332
232333322232223233332223222323333222
232333322232232323333222322323233332
232333322232323233332223232323333222
232333323322223233332332222323333233
232333332223223233333222322323333322
232333332322223233333232222323333323
233222222322223322222232222332222223
233222222322323322222232232332222223
233222223322223322222332222332222233
233222232223223322223222322332222322
233222232223232332222322232323322223
233222232223323322223222332332222322
233222232322223322223232222332222323
233222322232232332223222322323322232
233222322232323322232223232332223222
233222323322223322232332222332223233
233222323322323322232332232332223233
233222332223223322233222322332223322
233222332223232332223322232323322233
233222332322223322233232222332223323
233222333223322233322332223332233222
233222333323322233332332223333233222
233223222322232233223222322232233223
233223222322233233223222322233233223
233223222322323322322232232332232223
233223232223223322323222322332232322
233223232223232332232322232323322323
233223322232222332233222322223322332
233223322232223322332223222332233222
233223322232232332233222322323322332
233223322232323322332223232332233222
233223323322223322332332222332233233
233223332223223322333222322332233322
233223332322223322333232222332233323
233232222322223323222232222332322223
233232222322323323222232232332322223
233232223222322332322232223223323222
233232223222323233232223222323233232
233232223222332332322232223323323222
233232223322223323222332222332322233
233232232223223323223222322332322322
233232232223232332322322232323323223
233232232223323323223222332332322322
233232322232323323232223232332323222
233232323322223323232332222332323233
233232332223222332323322232223323233
233232332223223323233222322332323322
233232332223232332323322232323323233
233232332322223323233232222332323323
233232333223323233322332323332233232
233232333323323233332332323333233232
233233222322223323322232222332332223
233233222322232233233222322232233233
233233222322323323322232232332332223
233233232223223323323222322332332322
233233322232222332333222322223323332
233233322232223323332223222332333222
233233322232232332333222322323323332
233233322232323323332223232332333222
233233323322223323332332222332333233
233233332223223323333222322332333322
233233332322223323333232222332333323
233322222322223332222232222333222223
233322222322323332222232232333222223
233322223322223332222332222333222233
233322232223223233322232223223233322
233322232223223332223222322333222322
233322232223232333222322232323332223
233322232223323332223222332333222322
233322232322223332223232222333222323
233322322232232333223222322323332232
233322322232323332232223232333223222
233322323322223332232332222333223233
233322332223222333223322232223332233
233322332223232333223322232323332233
233322332322223332233232222333223323
233322333323332233332333223333233322
233323222322223332322232222333232223
233323222322232233323222322232233323
233323222322233233323222322233233323
233323222322323332322232232333232223
233323232223223332323222322333232322
233323232332222333232323322223332323
233323322232222333233222322223332332
233323322232223332332223222333233222
233323322232232333233222322323332332
233323322232323332332223232333233222
233323332223223332333222322333233322
233323332322223332333232222333233323
233332222322223333222232222333322223
233332222322323333222232232333322223
233332223222322333322232223223333222
233332223222323233332223222323233332
233332223222332333322232223323333222
233332223322223333222332222333322233
233332232223223333223222322333322322
233332232223232333322322232323333223
233332232223323333223222332333322322
233332232322223333223232222333322323
233332322232222333323222322223333232
233332322232232333323222322323333232
233332322232323333232223232333323222
233332323233223333232323322333323232
233332323322223333232332222333323233
233332332223222333323322232223333233
233332332223223333233222322333323322
233332332223232333323322232323333233
233332332322223333233232222333323323
233332333223333233322333323332233332
233333222322223333322232222333332223
233333222322323333322232232333332223
233333232223223333323222322333332322
233333232223232333332322232323333323
233333322232222333333222322223333332
233333322232223333332223222333333222
233333322232232333333222322323333332
233333322232323333332223232333333222
233333323322223333332332222333333233
233333332223223333333222322333333322
233333332322223333333232222333333323
322222222322332222222232233222222223
322222223322232222222332223222222233
322222232223232222223222323222222322
322222232223332222223222333222222322
322222232322232222223232223222222323
322222322322232222232232223222223223
322222323322232222232332223222223233
322222332223233222223322232332222233
322222332322232222233232223222223323
322223223322232222322332223222232233
322223232223232222323222323222232322
322223232223233222232322232332222323
322223232332232222323233223222232323
322223322232233222233222322332222332
322223322232332222332223233222233222
322223323322232222332332223222233233
322223332223232222333222323222233322
322223332322232222333232223222233323
322232222322332223222232233222322223
322232223223222322232322232223223222
322232223223222323222322232232223232
322232223223232223222322323222322232
322232223232232223222323223222322232
322232223322232223222332223222322233
322232223322332223222332233222322233
322232232223222323222322232232223222
322232232223232223223222323222322322
322232232223233222322322232332223223
322232232223332223223222333222322322
322232322232223223222322232322232223
322232322232233222323222322332223232
322232322232332223232223233222323222
322232323322232223232332223222323233
322232332223232223233222323222323322
322232332223332223233222333222323322
322232332322232223233232223222323323
322232333232223233323222323332322232
322232333332223233333222323333322232
322233222322232223322232223222332223
322233222322232322233222322232322233
322233222322233322233222322233322233
322233222322332223322232233222332223
322233223322232223322332223222332233
322233232223233222332322232332223323
322233322232233222333222322332223332
322233322232332223332223233222333222
322233323322232223332332223222333233
322233332223232223333222323222333322
322233332322232223333232223222333323
322322222322332232222232233223222223
322322223322232232222332223223222233
322322232223232232223222323223222322
322322232223232322322232223232322322
322322232223232332232223222323233223
322322232223233322322232223233322322
322322232223332232223222333223222322
322322232322232232223232223223222323
322322232322332232223232233223222323
322322322232332232232223233223223222
322322323222323223223232223232232232
322322323322232232232332223223223233
322322332223223223223322232232232233
322322332223233223223322232332232233
322322332322232232233232223223223323
322322333232232233323223223332322322
322322333332232233333223223333322322
322323222322232322323222322232322323
322323222322233322323222322233322323
322323222322332232322232233223232223
322323223322232232322332223223232233
322323232223232232323222323223232322
322323233222323223232332223232232323
322323322232233223233222322332232332
322323322232332232332223233223233222
322323323322232232332332223223233233
322323332223232232333222323223233322
322323332322232232333232223223233323
322332222322332233222232233223322223
322332223222323223322232223232233222
322332223222333223322232223332233222
322332223322232233222332223223322233
322332232223232233223222323223322322
322332232223233223322322232332233223
322332232223332233223222333223322322
322332232322232233223232223223322323
322332322232233223323222322332233232
322332322232332233232223233223323222
322332323233232233232323323223323232
322332323322232233232332223223323233
322332332223232233233222323223323322
322332332223233223323322232332233233
322332332322232233233232223223323323
322332333232233233323223323332322332
322332333332233233333223323333322332
322333222322332233322232233223332223
322333223322232233322332223223332233
322333232223232233323222323223332322
322333232223233223332322232332233323
322333322232233223333222322332233332
322333322232332233332223233223333222
322333323322232233332332223223333233
322333332223232233333222323223333322
322333332322232233333232223223333323
323222222322332322222232233232222223
323222223322232322222332223232222233
323222232223232322223222323232222322
323222232223332322223222333232222322
323222232322232322223232223232222323
323222322232232323222322232232323222
323222322232232332322232223223233232
323222322232233323222322232233323222
323222322232332322232223233232223222
323222322322232322232232223232223223
323222323322232322232332223232223233
323222332223233232223322232332322233
323222332322232322233232223232223323
323222333232322233323232223332323222
323222333332322233333232223333323222
323223222322232323223222322232323223
323223222322233323223222322233323223
323223222322332322322232233232232223
323223223232232322322323223232232232
323223223322232322322332223232232233
323223232223232322323222323232232322
323223232223233232232322232332322323
323223232332232322323233223232232323
323223322232233232233222322332322332
323223322232332322332223233232233222
323223323322232322332332223232233233
323223332223232322333222323232233322
323223332322232322333232223232233323
323232222322332323222232233232322223
323232223222323232322232223232323222
323232223222333232322232223332323222
323232223322232323222332223232322233
323232232223232323223222323232322322
323232232223233232322322232332323223
323232232223332323223222333232322322
323232322232332323232223233232323222
323232323322232323232332223232323233
323232332223223323232332223223323232
323232332223232323233222323232323322
323232332223233232323322232332323233
323232332322232323233232223232323323
323232333332323233333232323333323232
323233222322232323233222322232323233
323233222322233323233222322233323233
323233222322332323322232233232332223
323233223322232323322332223232332233
323233232223232323323222323232332322
323233232223233232332322232332323323
323233322232233232333222322332323332
323233322232332323332223233232333222
323233323322232323332332223232333233
323233332223232323333222323232333322
323233332322232323333232223232333323
323322222322332332222232233233222223
323322223322232332222332223233222233
323322232223232332223222323233222322
323322232223332332223222333233222322
323322232322232332223232223233222323
323322322232233233223222322332332232
323322322232332332232223233233223222
323322332223233233223322232332332233
323322332322232332233232223233223323
323322333232332233323233223332323322
323322333332332233333233223333323322
323323222322232323323222322232323323
323323222322233323323222322233323323
323323222322332332322232233233232223
323323223322232332322332223233232233
323323232223232332323222323233232322
323323232332223233232323322232332323
323323232332232332323233223233232323
323323233233232332323323323233232332
323323322232332332332223233233233222
323323332223232332333222323233233322
323323332322232332333232223233233323
323332222322332333222232233233322223
323332223222323233322232223232333222
323332223222333233322232223332333222
323332223322232333222332223233322233
323332232223232333223222323233322322
323332232223233233322322232332333223
323332232223332333223222333233322322
323332232322232333223232223233322323
323332322232233233323222322332333232
323332322232332333232223233233323222
323332323233232333232323323233323232
323332323322232333232332223233323233
323332332223232333233222323233323322
323332332223233233323322232332333233
323332332322232333233232223233323323
323332333232333233323233323332323332
323332333332333233333233323333323332
323333222322332333322232233233332223
323333223322232333322332223233332233
323333232223232333323222323233332322
323333232223233233332322232332333323
323333322232233233333222322332333332
323333322232332333332223233233333222
323333323322232333332332223233333233
323333332223232333333222323233333322
323333332322232333333232223233333323
332222222322233222222232223322222223
332222222322333222222232233322222223
332222223322233222222332223322222233
332222232223233222223222323322222322
332222232223333222223222333322222322
332222232322233222223232223322222323
332222322322233222232232223322223223
332222323322233222232332223322223233
332222332223223322223322232233222233
332222332223233322223322232333222233
332222332322233222233232223322223323
332223222322233223322232223222332233
332223222322233233222322232223323322
332223223322233222322332223322232233
332223232223233222323222323322232322
332223232223233322232322232333222323
332223232223333222323222333322232322
332223232332233222323233223322232323
332223322232233222332223223322233222
332223322232233322233222322333222332
332223322232333222332223233322233222
332223323322233222332332223322233233
332223332223233222333222323322233322
332223332322233222333232223322233323
332232222322233223222232223322322223
332232222322333223222232233322322223
332232223222323322322232223233223222
332232223222333322322232223333223222
332232232233223322322322332233223223
332232232233233223223223323322322322
332232232322233223223232223322322323
332232322232223322323222322233223232
332232322232233322323222322333223232
332232322232333223232223233322323222
332232323322233223232332223322323233
332232332223223322323322232233223233
332232332223233223233222323322323322
332232332223233322323322232333223233
332232332322233223233232223322323323
332232333233223233323322323332332232
332232333333223233333322323333332232
332233222322232332233222322232332233
332233222322233223322232223322332223
332233222322233332233222322233332233
332233222322333223322232233322332223
332233223323233223322332323322332233
332233232223233223323222323322332322
332233232223233322332322232333223323
332233322232223322333222322233223332
332233322232233223332223223322333222
332233322232233322333222322333223332
332233322232333223332223233322333222
332233323322233223332332223322333233
332233332223233223333222323322333322
332233332322233223333232223322333323
332322222322233232222232223323222223
332322222322333232222232233323222223
332322223322233232222332223323222233
332322232223223233232223222322323323
332322232223223333232223222322333323
332322232223233232223222323323222322
332322232223233323222322232333232223
332322232223333232223222333323222322
332322232322233232223232223323222323
332322232322333232223232233323222323
332322322232233323223222322333232232
332322322232333232232223233323223222
332322322323233232232232323323223223
332322323322233232232332223323223233
332322332223223323223322232233232233
332322332223233323223322232333232233
332322332322233232233232223323223323
332322333233232233323323223332332322
332322333333232233333323223333332322
332323222322233232322232223323232223
332323222322333232322232233323232223
332323223322233232322332223323232233
332323232223233232323222323323232322
332323233222322332323233222322332323
332323233222323323232332223233232323
332323233222323332323233222323332323
332323322232223323233222322233232332
332323322232233232332223223323233222
332323322232233323233222322333232332
332323322232333232332223233323233222
332323323322233232332332223323233233
332323332223233232333222323323233322
332323332322233232333232223323233323
332332222322233233222232223323322223
332332222322333233222232233323322223
332332223222323323322232223233233222
332332223222333323322232223333233222
332332223322233233222332223323322233
332332232223233233223222323323322322
332332232223233323322322232333233223
332332232223333233223222333323322322
332332232322233233223232223323322323
332332322232223323323222322233233232
332332322232233323323222322333233232
332332322232333233232223233323323222
332332323233233233232323323323323232
332332323322233233232332223323323233
332332332223233233233222323323323322
332332333233233233323323323332332332
332332333333233233333323323333332332
332333222322233233322232223323332223
332333222322333233322232233323332223
332333223322233233322332223323332233
332333232223233233323222323323332322
332333232223233323332322232333233323
332333322232223323333222322233233332
332333322232233233332223223323333222
332333322232233323333222322333233332
332333322232333233332223233323333222
332333323322233233332332223323333233
332333332223233233333222323323333322
332333332322233233333232223323333323
333222222322233322222232223332222223
333222222322333322222232233332222223
333222223322233322222332223332222233
333222232223233322223222323332222322
333222232223333322223222333332222322
333222232322233322223232223332222323
333222322322233322232232223332223223
333222323322233322232332223332223233
333222332223223332223322232233322233
333222332223233332223322232333322233
333222332322233322233232223332223323
333222333233322233323332223332333222
333222333333322233333332223333333222
333223222322232333223222322232333223
333223222322233333223222322233333223
333223222322333322322232233332232223
333223223322233322322332223332232233
333223232223233322323222323332232322
333223232223233332232322232333322323
333223232332233322323233223332232323
333223322232223332233222322233322332
333223322232233322332223223332233222
333223322232233332233222322333322332
333223322232333322332223233332233222
333223323322233322332332223332233233
333223332223233322333222323332233322
333223332322233322333232223332233323
333232222322233323222232223332322223
333232222322333323222232233332322223
333232223222323332322232223233323222
333232223222323333232223222323333232
333232223222333332322232223333323222
333232223322233323222332223332322233
333232232223233323223222323332322322
333232232223233332322322232333323223
333232232223333323223222333332322322
333232232322233323223232223332322323
333232322232333323232223233332323222
333232323322233323232332223332323233
333232332223223332323322232233323233
333232332223233323233222323332323322
333232332223233332323322232333323233
333232332322233323233232223332323323
333232333233323233323332323332333232
333232333333323233333332323333333232
333233222322232333233222322232333233
333233222322233323322232223332332223
333233222322233333233222322233333233
333233222322333323322232233332332223
333233223322233323322332223332332233
333233232223233323323222323332332322
333233232223233332332322232333323323
333233322232223332333222322233323332
333233322232233323332223223332333222
333233322232233332333222322333323332
333233322232333323332223233332333222
333233323322233323332332223332333233
333233332223233323333222323332333322
333233332322233323333232223332333323
333322222322233332222232223333222223
333322222322333332222232233333222223
333322223322233332222332223333222233
333322232223233332223222323333222322
333322232223333332223222333333222322
333322232322233332223232223333222323
333322322232233333223222322333332232
333322322232333332232223233333223222
333322323322233332232332223333223233
333322332223223333223322232233332233
333322332223233333223322232333332233
333322332322233332233232223333223323
333322333233332233323333223332333322
333322333333332233333333223333333322
333323222322232333323222322232333323
333323222322233332322232223333232223
333323222322233333323222322233333323
333323222322333332322232233333232223
333323223322233332322332223333232233
333323232223233332323222323333232322
333323232332223333232323322233332323
333323232332233332323233223333232323
333323322232223333233222322233332332
333323322232233332332223223333233222
333323322232233333233222322333332332
333323322232333332332223233333233222
333323332223233332333222323333233322
333323332322233332333232223333233323
333332222322233333222232223333322223
333332222322333333222232233333322223
333332223222323333322232223233333222
333332223222333333322232223333333222
333332223322233333222332223333322233
333332232223233333223222323333322322
333332232223233333322322232333333223
333332232223333333223222333333322322
333332232322233333223232223333322323
333332322232223333323222322233333232
333332322232233333323222322333333232
333332322232333333232223233333323222
333332323233233333232323323333323232
333332323322233333232332223333323233
333332332223223333323322232233333233
333332332223233333233222323333323322
333332332223233333323322232333333233
333332332322233333233232223333323323
333332333233333233323333323332333332
333332333333333233333333323333333332
333333222322233333322232223333332223
333333222322333333322232233333332223
333333223322233333322332223333332233
333333232223233333323222323333332322
333333232223233333332322232333333323
333333322232223333333222322233333332
333333322232233333332223223333333222
333333322232233333333222322333333332
333333322232333333332223233333333222
333333323322233333332332223333333233
333333332223233333333222323333333322
333333332322233333333232223333333323
