22222222322222222232222222223
22222223222222222322222222232
22222223232222222323222222232
22222232222222223222222222322
22222232232222223223222222322
22222232322222223232222222323
22222233222222223322222222332
22222322232222223222322222232
22222322233222223222332222232
22222322322222232232222223223
22222323322222232332222223233
22222332222222233222222223322
22222332322222233232222223323
22222333222222233322222223332
22223222322222322232222232223
22223222322322223222322322223
22223222323222232223232222322
22223222332222322233222232223
22223232222222323222222232322
22223322322222332232222233223
22223323322222332332222233233
22223323332222332333222233233
22223332222222333222222233322
22223332222233322222333222223
22223332322222333232222233323
22223333222222333322222233332
22223333222233332222333322223
22232222332223222233222322223
22232223223232223222322323222
22232223232223222323222322232
22232223232232223222323223222
22232232232223223223222322322
22232232322223223232222322323
22232233222223223322222322332
22232322232222323222322223232
22232322233222323222332223232
22232322322223232232222323223
22232323322223232332222323233
22232332222223233222222323322
22232332222323322223233222232
22232332322223233232222323323
22232333222223233322222323332
22232333222323332223233322232
22233222322222233222322222233
22233222322222332223222223322
22233222322322233222322322233
22233222323222332223232223322
22233223222223322322222332232
22233223332223322333222332233
22233232222223323222222332322
22233232322223323232222332323
22233322232222333222322223332
22233322322223332232222333223
22233323322223332332222333233
22233323332223332333222333233
22233332222223333222222333322
22233332322223333232222333323
22233333222223333322222333332
22322222322232222232223222223
22322223232232222323223222232
22322232223322322232223322322
22322232232223222323222322232
22322232232232223223223222322
22322232322232223223222322232
22322232322232223232223222323
22322232332232223233223222323
22322233222232223322223222332
22322322232223223222322232232
22322322232223232223222322322
22322323222232232322223223232
22322323322232232332223223233
22322332223223322232233222322
22322332322232233232223223323
22322333222232233322223223332
22322333223223332232233322322
22323222322222323222322222323
22323222322232232223222323222
22323222322232322232223232223
22323222322322323222322322323
22323222323223232223232232322
22323223222232322322223232232
22323232222232323222223232322
22323233222223232332222232323
22323322232223233222322232332
22323322322232332232223233223
22323323322232332332223233233
22323323332232332333223233233
22323332222232333222223233322
22323332223233322232333222323
22323332322232333232223233323
22323333222232333322223233332
22323333223233332232333322323
22332222322233222232223322223
22332223222223322232222233222
22332223222233222322223322232
22332223222322233222322232223
22332223232233222323223322232
22332223332233222333223322233
22332232322233223232223322323
22332233222233223322223322332
22332322232223323222322233232
22332322322233232232223323223
22332323322233232332223323233
22332332222233233222223323322
22332332223323322233233222332
22332332322233233232223323323
22332333223323332233233322332
22333222322223332223222233322
22333222322233322232223332223
22333222323223332223232233322
22333223222233322322223332232
22333232222233323222223332322
22333232322233323232223332323
22333322232223333222322233332
22333322322233332232223333223
22333323322233332332223333233
22333323332233332333223333233
22333332222233333222223333322
22333332322233333232223333323
22333333222233333322223333332
23222222322322222232232222223
23222223222322222322232222232
23222223232322222323232222232
23222232232322223223232222322
23222232322322223232232222323
23222233222322223322232222332
23222322232232223222322322232
23222322232322232223223222322
23222322232322322232223232232
23222322232323222322232323222
23222322233222322232223322232
23222322233232223222332322232
23222322322322232232232223223
23222323232322232323232223232
23222323322322232332232223233
23222332222322233222232223322
23222332223222322233222322232
23222332232223322322233223222
23222332322322233232232223323
23222332332322233233232223323
23222333222322233322232223332
23222333232223332322233323222
23223222322322322232232232223
23223222322323223222322323223
23223222323232232223232322322
23223222332322322233232232223
23223322322322332232232233223
23223323322322332332232233233
23223323332322332333232233233
23223332222322333222232233322
23223332232233322322333223223
23223332322322333232232233323
23223333222322333322232233332
23223333232233332322333323223
23232222322323222232232322223
23232223222232322232222323222
23232223223232322232232323222
23232223232323222323232322232
23232233222323223322232322332
23232322322323232232232323223
23232323322323232332232323233
23232332222323233222232323322
23232332232323322323233223232
23232332322323233232232323323
23232333222323233322232323332
23232333232323332323233323232
23233222322223233222322223233
23233222322232332223222323322
23233222322323233222322323233
23233222322323322232232332223
23233222323232332223232323322
23233223222323322322232332232
23233223332323322333232332233
23233232222323323222232332322
23233322232232333222322323332
23233322322323332232232333223
23233323322323332332232333233
23233323332323332333232333233
23233332222323333222232333322
23233332322323333232232333323
23233333222323333322232333332
23322222322332222232233222223
23322223222332222322233222232
23322223232332222323233222232
23322232222332223222233222322
23322232223223322232223223322
23322232223232332223222323233
23322232223323322232223323322
23322232232332223223233222322
23322232322332223232233222323
23322322232233223222322332232
23322322233233223222332332232
23322322322332232232233223223
23322322332332232233233223223
23322323322332232332233223233
23322332322332233232233223323
23322333222332233322233223332
23322333233223332332233323322
23323222322223323222322223323
23323222322323323222322323323
23323222322332322232233232223
23323222323233232223232332322
23323223222332322322233232232
23323223322332322332233232233
23323232222332323222233232322
23323232332233232323322332323
23323322232233233222322332332
23323322322332332232233233223
23323332222332333222233233322
23323332233233322332333223323
23323332322332333232233233323
23323333222332333322233233332
23323333233233332332333323323
23332222322333222232233322223
23332223222233322232222333222
23332223222333222322233322232
23332223223233322232232333222
23332223232333222323233322232
23332232322333223232233322323
23332233222333223322233322332
23332322232233323222322333232
23332322322333232232233323223
23332323322333232332233323233
23332332222333233222233323322
23332332233323322333233223332
23333222322233332223222333322
23333222322333322232233332223
23333222323233332223232333322
23333223222333322322233332232
23333232222333323222233332322
23333232322333323232233332323
23333322232233333222322333332
23333322322333332232233333223
23333323322333332332233333233
23333323332333332333233333233
23333332222333333222233333322
23333332322333333232233333323
23333333222333333322233333332
32222222323222222232322222223
32222223233222222323322222232
32222223323222222332322222233
32222232233222223223322222322
32222232323222223232322222323
32222233223222223322322222332
32222322232322223222323222232
32222322233322223222333222232
32222322323222232232322223223
32222323223222232322322223232
32222323323222232332322223233
32222332223222233222322223322
32222333223222233322322223332
32223222322322232223232223222
32223222322323222322232232322
32223222323222322232322232223
32223222323223222322232322322
32223222332223222322233222322
32223222333222322233322232223
32223223222322232232223222322
32223223222322232322232223223
32223223323222322332322232233
32223232223222322322232223232
32223232223222323222322232322
32223233223222323322322232332
32223233233222323323322232332
32223322232223222332223222322
32223323323222332332322233233
32223323333222332333322233233
32223332223222333222322233322
32223332322233323222333232223
32223333223222333322322233332
32223333322233333222333332223
32232222323223222232322322223
32232223223322322232233223222
32232223233223222323322322232
32232223323223222332322322233
32232232323223223232322322323
32232233222322322332223223223
32232233223223223322322322332
32232322232322323222323223232
32232323323223232332322323233
32232332223223233222322323322
32232332322323323223233232232
32232332323223233232322323323
32232333223223233322322323332
32232333322323333223233332232
32233222322322332223223223322
32233222322332233222322332233
32233222323322332223233223322
32233223223223322322322332232
32233223323223322332322332233
32233223333223322333322332233
32233232223223323222322332322
32233232323223323232322332323
32233233223223323322322332332
32233322232322333222323223332
32233322323223332232322333223
32233323323223332332322333233
32233323333223332333322333233
32233332223223333222322333322
32233333223223333322322333332
32322222323232222232323222223
32322223233232222323323222232
32322223323232222332323222233
32322232223232322232223232322
32322232223233232223222323323
32322232223332322232223332322
32322232233232223223323222322
32322232323232223232323222323
32322232333232223233323222323
32322233223232223322323222332
32322322232323223222323232232
32322322233323223222333232232
32322322323232232232323223223
32322322333232232233323223223
32322323323232232332323223233
32322332223232233222323223322
32322332323223323232233232322
32322333223232233322323223332
32322333323223333232233332322
32323222323232322232323232223
32323222323323232223233232322
32323223323232322332323232233
32323232223232323222323232322
32323233223232323322323232332
32323322232323233222323232332
32323322323232332232323233223
32323323323232332332323233233
32323323333232332333323233233
32323332223232333222323233322
32323332323233323232333232323
32323333223232333322323233332
32323333323233333232333332323
32332222323233222232323322223
32332223222323233222322232323
32332223223323322232233233222
32332223233233222323323322232
32332223323233222332323322233
32332232323233223232323322323
32332233223233223322323322332
32332322232323323222323233232
32332322323233232232323323223
32332323333233232333323323233
32332332223233233222323323322
32332332323323323233233232332
32332333323323333233233332332
32333222323233322232323332223
32333222323323332223233233322
32333223323233322332323332233
32333232223233323222323332322
32333232323233323232323332323
32333233223233323322323332332
32333322232323333222323233332
32333322323233332232323333223
32333323323233332332323333233
32333332223233333222323333322
32333333223233333322323333332
33222222323322222232332222223
33222223223322222322332222232
33222223233322222323332222232
33222223323322222332332222233
33222232223322223222332222322
33222232233322223223332222322
33222232323322223232332222323
33222233223322223322332222332
33222322232332223222323322232
33222322233332223222333322232
33222322323322232232332223223
33222323223322232322332223232
33222323323322232332332223233
33222332332223323322233233222
33222333223322233322332223332
33222333332223333322233333222
33223222322333223222322333223
33223222323322322232332232223
33223222323332232223233322322
33223222333322322233332232223
33223223223322322322332232232
33223223323322322332332232233
33223232223322323222332232322
33223233223322323322332232332
33223322323322332232332233223
33223323223322332322332233232
33223323323322332332332233233
33223323333322332333332233233
33223332223322333222332233322
33223332323322333232332233323
33223332332233323322333233223
33223333223322333322332233332
33223333332233333322333333223
33232222323323222232332322223
33232223222332322232223323222
33232223223332322232233323222
33232223233323222323332322232
33232223323323222332332322233
33232232323323223232332322323
33232233223323223322332322332
33232322323323232232332323223
33232323322332323233223323232
33232323323323232332332323233
33232332223323233222332323322
33232332332323323323233233232
33232333223323233322332323332
33232333332323333323233333232
33233222322233233222322233233
33233222322332332223223323322
33233222322333233222322333233
33233222323323322232332332223
33233222323332332223233323322
33233223223323322322332332232
33233223323323322332332332233
33233223333323322333332332233
33233232223323323222332332322
33233232323323323232332332323
33233322232332333222323323332
33233322323323332232332333223
33233323223323332322332333232
33233323323323332332332333233
33233323333323332333332333233
33233332223323333222332333322
33233332323323333232332333323
33233333223323333322332333332
33322222323332222232333222223
33322223223332222322333222232
33322223233332222323333222232
33322223323332222332333222233
33322232223233322232223233322
33322232223332223222333222322
33322232223333322232223333322
33322232233332223223333222322
33322232323332223232333222323
33322233223332223322333222332
33322322232333223222323332232
33322322233333223222333332232
33322322323332232232333223223
33322322333332232233333223223
33322323223332232322333223232
33322323323332232332333223233
33322332223332233222333223322
33322332323332233232333223323
33322332333223323332233233322
33322333333223333332233333322
33323222322233323222322233323
33323222322333323222322333323
33323222323332322232333232223
33323222323333232223233332322
33323223223332322322333232232
33323223323332322332333232233
33323232223332323222333232322
33323232332333232323323332323
33323233223332323322333232332
33323322232333233222323332332
33323322323332332232333233223
33323323223332332322333233232
33323323323332332332333233233
33323323333332332333333233233
33323332223332333222333233322
33323332323332333232333233323
33323333223332333322333233332
33323333333233333332333333323
33332222323333222232333322223
33332223222333322232223333222
33332223223333222322333322232
33332223223333322232233333222
33332223233333222323333322232
33332223323333222332333322233
33332232323333223232333322323
33332233223333223322333322332
33332322232333323222323333232
33332322323333232232333323223
33332323323333232332333323233
33332332223333233222333323322
33332332333323323333233233332
33332333223333233322333323332
33332333333323333333233333332
33333222322333332223223333322
33333222323333322232333332223
33333222323333332223233333322
33333223223333322322333332232
33333223323333322332333332233
33333232223333323222333332322
33333232323333323232333332323
33333233223333323322333332332
33333322232333333222323333332
33333322323333332232333333223
33333323223333332322333333232
33333323323333332332333333233
33333323333333332333333333233
33333332223333333222333333322
33333332323333333232333333323
33333333223333333322333333332
