222222223222222222223222222222223
222222223223222222223223222222223
222222233222222222233222222222233
222222322232222222322232222222322
222222322232322222232223232222223
222222322233222222322233222222322
222222323222222222323222222222323
222223222322322222322232232222232
222223222323222223222323222223222
222223233222222223233222222223233
222223322232222222332223222222233
222223322232322222332223232222233
222223323222222223323222222223323
222223332222223332222223332222223
222223333222223333222223333222223
222232223223222232223223222232223
222232322232222232322232222232322
222232322232322223232223232222323
222232332222232332222232332222232
222232333222232333222232333222232
222233222322222223322232222222332
222233222322222233222322222233222
222233222322322223322232232222332
222233222323222233222323222233222
222233233222222233233222222233233
222233322232222233322232222233322
222233323222222233323222222233323
222322223222222322223222222322223
222322223223222322223223222322223
222322232232322232223223232223222
222322232322322232223232232223222
222322233222222322233222222322233
222322322232222322322232222322322
222322322232322232232223232223223
222322322233222322322233222322322
222322332222322332222322332222322
222322333222322333222322333222322
222323222322222232322232222223232
222323222322322232322232232223232
222323223223222323223223222323223
222323233222222323233222222323233
222323322232222232332223222223233
222323322232222323322232222323322
222323322233222323322233222323322
222323323222222323323222222323323
222323332222323332222323332222323
222323333222323333222323333222323
222332223222222332223222222332223
222332223222322223322232223222233
222332223223222332223223222332223
222332322232222332322232222332322
222332322232322233232223232223323
222332332222332332222332332222332
222332333222332333222332333222332
222333222322222233322232222223332
222333222322222333222322222333222
222333222322322233322232232223332
222333222323222333222323222333222
222333233222222333233222222333233
222333322232222333322232222333322
222333323222222333323222222333323
223222223223223222223223223222223
223222233222223222233222223222233
223222322232323223222322232323223
223222322232332232223222323322322
223222322233222223222322233222223
223222322233222232223222332222322
223222322233223222322233223222322
223222322322232223232223222322322
223222323222223222323222223222323
223222323222322232232223222323222
223222323223223222323223223222323
223222332223222332223222332223222
223222333223222333223222333223222
223223222322232322232223223222322
223223222323223223222323223223222
223223223322223223223322223223223
223223233222223223233222223223233
223223322232222322332223222232233
223223322232322322332223232232233
223223323222223223323222223223323
223223332223223332223223332223223
223223333223223333223223333223223
223232223222223232223222223232223
223232223222322232322232223222323
223232223222322322232223232223222
223232223222332232322232223322323
223232223223223232223223223232223
223232322232223232322232223232322
223232332223222323233222322232323
223232332223232332223232332223232
223232333223232333223232333223232
223233222322222323322232222232332
223233222322223233222322223233222
223233222322322323322232232232332
223233233222223233233222223233233
223233322232223233322232223233322
223233323222223233323222223233323
223322223222223322223222223322223
223322223223223322223223223322223
223322232223222332223222322233222
223322232223223223322232223223223
223322232223232233222322232322332
223322232223322332223222332233222
223322233222223322233222223322233
223322322232223322322232223322322
223322322232322332232223232233223
223322322233223322322233223322322
223322323222223322323222223322323
223322332223322332223322332223322
223322333223322333223322333223322
223323222322222332322232222233232
223323222322322332322232232233232
223323222323223323222323223323222
223323232332223323232332223323232
223323233222223323233222223323233
223323322232222332332223222233233
223323322232223323322232223323322
223323322232322332332223232233233
223323323222223323323222223323323
223323332223323332223323332223323
223323333223323333223323333223323
223332223222223332223222223332223
223332223223223332223223223332223
223332322232223332322232223332322
223332322232322333232223232233323
223332332223332332223332332223332
223332333223332333223332333223332
223333222322222333322232222233332
223333222322223333222322223333222
223333222322322333322232232233332
223333222323223333222323223333222
223333233222223333233222223333233
223333322232223333322232223333322
223333323222223333323222223333323
232222223222232222223222232222223
232222223223232222223223232222223
232222233222232222233222232222233
232222322232232222322232232222322
232222322232323222232223232322223
232222322233232222322233232222322
232222323222232222323222232222323
232223222322322323222322232232232
232223222322332322232223223323222
232223222323222322232232223222323
232223222323223222322232322322232
232223222323232223222323232223222
232223222332222322232223322223222
232223222332223222322233222322232
232223223222232223223222232223223
232223233222232223233222232223233
232223322232223222332223222322233
232223322232323222332223232322233
232223323222232223323222232223323
232223332232223332232223332232223
232223333232223333232223333232223
232232223222332322322232223323223
232232223223232232223223232232223
232232232322232232232322232232232
232232322232232232322232232232322
232232322232323223232223232322323
232232332232232332232232332232232
232232333232232333232232333232232
232233222322223223322232222322332
232233222322232233222322232233222
232233222322323223322232232322332
232233222323232233222323232233222
232233233222232233233222232233233
232233322232232233322232232233322
232233323222232233323222232233323
232322223222232322223222232322223
232322223223232322223223232322223
232322232223222323222322232223232
232322232223223232223222322323222
232322232223323232223222332323222
232322233222232322233222232322233
232322322232232322322232232322322
232322322232323232232223232323223
232322322233232322322233232322322
232322332232322332232322332232322
232322333232322333232322333232322
232323222323232323222323232323222
232323233222232323233222232323233
232323322232223232332223222323233
232323322232232323322232232323322
232323322232323232332223232323233
232323323222232323323222232323323
232323332232323332232323332232323
232323333232323333232323333232323
232332223222232332223222232332223
232332223222322323322232223223233
232332223222332323322232223323233
232332223223232332223223232332223
232332322232232332322232232332322
232332322232323233232223232323323
232332332232332332232332332232332
232332333232332333232332333232332
232333222322223233322232222323332
232333222322232333222322232333222
232333222322323233322232232323332
232333222323232333222323232333222
232333233222232333233222232333233
232333322232232333322232232333322
232333323222232333323222232333323
233222223222233222223222233222223
233222223223233222223223233222223
233222322232232332223222322323322
233222322232233222322232233222322
233222322232323322232223232332223
233222322233233222322233233222322
233222323222233222323222233222323
233222332233222332233222332233222
233222333233222333233222333233222
233223222322323322322232232332232
233223222323233223222323233223222
233223322232223322332223222332233
233223322232323322332223232332233
233223323222233223323222233223323
233223332233223332233223332233223
233223333233223333233223333233223
233232223222233232223222233232223
233232223222322332322232223223323
233232223222332332322232223323323
233232223223233232223223233232223
233232322232233232322232233232322
233232323322223323232332222332323
233232332233232332233232332233232
233232333233232333233232333233232
233233222322223323322232222332332
233233222322233233222322233233222
233233222322323323322232232332332
233233222323233233222323233233222
233233322232233233322232233233322
233233323222233233323222233233323
233322223222233322223222233322223
233322223223233322223223233322223
233322232223223332223222322333222
233322232223232333222322232323332
233322232223323332223222332333222
233322233222233322233222233322233
233322322232233322322232233322322
233322322232323332232223232333223
233322322233233322322233233322322
233322323222233322323222233322323
233322332233322332233322332233322
233322333233322333233322333233322
233323222322223332322232222333232
233323222322323332322232232333232
233323222323233323222323233323222
233323232332233323232332233323232
233323233222233323233222233323233
233323322232223332332223222333233
233323322232233323322232233323322
233323322232323332332223232333233
233323323222233323323222233323323
233323332233323332233323332233323
233323333233323333233323333233323
233332223222233332223222233332223
233332223223233332223223233332223
233332322232233332322232233332322
233332322232323333232223232333323
233332332233332332233332332233332
233332333233332333233332333233332
233333222322223333322232222333332
233333222322233333222322233333222
233333222322323333322232232333332
233333222323233333222323233333222
233333233222233333233222233333233
233333322232233333322232233333322
233333323222233333323222233333323
322222223223322222223223322222223
322222233222322222233222322222233
322222322232322222322232322222322
322222322233322222322233322222322
322222323222322222323222322222323
322223223222322223223222322223223
322223233222322223233222322223233
322223322232332222332223233222233
322223323222322223323222322223323
322223332322223332322223332322223
322223333322223333322223333322223
322232223223222322232322232223223
322232223223232223222322323222322
322232223232232223222323223222322
322232223322232223222332223222322
322232232223222323222322232232223
322232233222322232233222322232233
322232233223322232233223322232233
322232322232223223222322232322232
322232322232332223232223233222323
322232322233322232322233322232322
322232323322322232323322322232323
322232332322232332322232332322232
322232333322232333322232333322232
322233222322232223322232223222332
322233222322332223322232233222332
322233222323322233222323322233222
322233223222322233223222322233223
322233233222322233233222322233233
322233322232322233322232322233322
322233323222322233323222322233323
322322223223322322223223322322223
322322232223232232223222323223222
322322232223332232223222333223222
322322233222322322233222322322233
322322322332322322322332322322322
322322332322322332322322332322322
322322333322322333322322333322322
322323222322332232322232233223232
322323222323322323222323322323222
322323233222322323233222322323233
322323322232322323322232322323322
322323322232332232332223233223233
322323323222322323323222322323323
322323332322323332322323332322323
322323333322323333322323333322323
322332223222323223322232223232233
322332223222333223322232223332233
322332223223322332223223322332223
322332233222322332233222322332233
322332322232322332322232322332322
322332322232332233232223233223323
322332332322332332322332332322332
322332333322332333322332333322332
322333222322332233322232233223332
322333222323322333222323322333222
322333233222322333233222322333233
322333322232322333322232322333322
322333323222322333323222322333323
323222223223323222223223323222223
323222233222323222233222323222233
323222322232233323222322232233323
323222322232323222322232323222322
323222322232332322232223233232223
323222322233323222322233323222322
323222323223323222323223323222323
323222332323222332323222332323222
323222333323222333323222333323222
323223222322332322322232233232232
323223222323323223222323323223222
323223223232323223223232323223223
323223233222323223233222323223233
323223322232332322332223233232233
323223332323223332323223332323223
323223333323223333323223333323223
323232223223323232223223323232223
323232233222323232233222323232233
323232322232323232322232323232322
323232332223233232323322232332323
323232333323232333323232333323232
323233222322332323322232233232332
323233222323323233222323323233222
323233233222323233233222323233233
323233322232323233322232323233322
323233323222323233323222323233323
323322223223323322223223323322223
323322232223232332223222323233222
323322232223332332223222333233222
323322233222323322233222323322233
323322322232323322322232323322322
323322322232332332232223233233223
323322322233323322322233323322322
323322323222323322323222323322323
323322332323322332323322332323322
323322333323322333323322333323322
323323222322332332322232233233232
323323222323323323222323323323222
323323232332323323232332323323232
323323233222323323233222323323233
323323322232323323322232323323322
323323332323323332323323332323323
323323333323323333323323333323323
323332223223323332223223323332223
323332233222323332233222323332233
323332322232323332322232323332322
323332322232332333232223233233323
323332332323332332323332332323332
323332333323332333323332333323332
323333222322332333322232233233332
323333222323323333222323323333222
323333233222323333233222323333233
323333322232323333322232323333322
323333323222323333323222323333323
332222223222332222223222332222223
332222223223332222223223332222223
332222233222332222233222332222233
332222322232332222322232332222322
332222322233332222322233332222322
332222323222332222323222332222323
332223223222332223223222332223223
332223233222332223233222332223233
332223322232233222332223223322233
332223322232332223322232332223322
332223322232333222332223233322233
332223323222332223323222332223323
332223332332223332332223332332223
332223333332223333332223333332223
332232223222323322322232223233223
332232223222333322322232223333223
332232223223332232223223332232223
332232233222332232233222332232233
332232322232332232322232332232322
332232322232333223232223233322323
332232323322332232323322332232323
332232332332232332332232332332232
332232333332232333332232333332232
332233222322233223322232223322332
332233222322332233222322332233222
332233222322333223322232233322332
332233222323332233222323332233222
332233233222332233233222332233233
332233322232332233322232332233322
332233323222332233323222332233323
332322223222332322223222332322223
332322223223332322223223332322223
332322232223233232223222323323222
332322232223233323222322232333232
332322232223333232223222333323222
332322233222332322233222332322233
332322322232332322322232332322322
332322322232333232232223233323223
332322322233332322322233332322322
332322323222332322323222332322323
332322332332322332332322332332322
332322333332322333332322333332322
332323222323332323222323332323222
332323233222332323233222332323233
332323322232233232332223223323233
332323322232332323322232332323322
332323322232333232332223233323233
332323323222332323323222332323323
332323332332323332332323332332323
332323333332323333332323333332323
332332223222323323322232223233233
332332223222332332223222332332223
332332223222333323322232223333233
332332223223332332223223332332223
332332233222332332233222332332233
332332322232332332322232332332322
332332322232333233232223233323323
332332333332332333332332333332332
332333222322233233322232223323332
332333222322332333222322332333222
332333222322333233322232233323332
332333222323332333222323332333222
332333233222332333233222332333233
332333322232332333322232332333322
332333323222332333323222332333323
333222223222333222223222333222223
333222223223333222223223333222223
333222233222333222233222333222233
333222322232333222322232333222322
333222322233333222322233333222322
333222323222333222323222333222323
333222332333222332333222332333222
333222333333222333333222333333222
333223222322333322322232233332232
333223222323333223222323333223222
333223233222333223233222333223233
333223322232233322332223223332233
333223322232333322332223233332233
333223323222333223323222333223323
333223332333223332333223332333223
333223333333223333333223333333223
333232223222323332322232223233323
333232223222333232223222333232223
333232223222333332322232223333323
333232223223333232223223333232223
333232233222333232233222333232233
333232322232333232322232333232322
333232323322233323232332223332323
333232323322333232323322333232323
333232332333232332333232332333232
333232333333232333333232333333232
333233222322233323322232223332332
333233222322333233222322333233222
333233222322333323322232233332332
333233222323333233222323333233222
333233322232333233322232333233322
333233323222333233323222333233323
333322223222333322223222333322223
333322223223333322223223333322223
333322232223233332223222323333222
333322232223333332223222333333222
333322233222333322233222333322233
333322322232333322322232333322322
333322322232333332232223233333223
333322322233333322322233333322322
333322323222333322323222333322323
333322332333322332333322332333322
333322333333322333333322333333322
333323222322233332322232223333232
333323222322333332322232233333232
333323222323333323222323333323222
333323232332333323232332333323232
333323233222333323233222333323233
333323322232233332332223223333233
333323322232333323322232333323322
333323322232333332332223233333233
333323323222333323323222333323323
333323332333323332333323332333323
333323333333323333333323333333323
333332223222333332223222333332223
333332223223333332223223333332223
333332233222333332233222333332233
333332322232333332322232333332322
333332322232333333232223233333323
333332332333332332333332332333332
333332333333332333333332333333332
333333222322233333322232223333332
333333222322333333222322333333222
333333222322333333322232233333332
333333222323333333222323333333222
333333233222333333233222333333233
333333322232333333322232333333322
333333323222333333323222333333323
