222223222222223222222223
222223223222223223222223
222233222222233222222233
222322232222322232222322
222322232322232223232223
222322233222322233222322
222323222222323222222323
222323223222323223222323
222333322233332223333222
223222322322232223232223
223222323222322232232223
223222323223222323223222
223223222322232322232223
223232223222322322232223
223233222223233222223233
223322232222332223222233
223322232223222332223222
223322232322332223232233
223323222223323222223323
232223222322322232223223
232223222323222322232232
232223222332322232223323
232223223232223223232223
232322232232322232232322
232333223233322323332232
232333323233332323333232
233222322223322232222332
233222322233222322233222
233222322323322232232332
233222323233222323233222
233233222233233222233233
233322232233322232233322
233323222233323222233323
322223223322223223322223
322232223223222322232322
322232223232223222323222
322232223332223222333222
322232232223222323222322
322232322232223223222322
322233222322233222322233
322322232322322232322322
322322232332232223233223
322322233322322233322322
322322332232232233223223
322333232233323223332322
322333332233333223333322
323222322332322232233232
323222323323222323323222
323233222323233222323233
323322232323322232323322
323322232332332223233233
323323222323323222323323
332223222323322232223233
332223222332223222332223
332223223332223223332223
332233222332233222332233
332322232332322232332322
332322232333232223233323
332333233233323323332332
332333333233333323333332
333222322233322232223332
333222322333222322333222
333222322333322232233332
333222323333222323333222
333233222333233222333233
333322232333322232333322
333323222333323222333323
