2222222222322222222222232222222222223
2222222222323222222222232322222222223
2222222223222222222222322222222222232
2222222223223222222222322322222222232
2222222223322222222222332222222222233
2222222232223222222222322232222222223
2222222232223322222222322233222222223
2222222233222222222223322222222222332
2222222322232222222232223222222223222
2222222322232322222223222323222222232
2222222322233222222232223322222223222
2222222323222222222232322222222223232
2222222333222222222233322222222223332
2222223222322322222232223223222222322
2222223222323222222322232322222232223
2222223223322222222322332222222232233
2222223232223222222232322232222222323
2222223232332222222323233222222232323
2222223233222222222323322222222232332
2222223322232222222233222322222222332
2222223322232322222233222323222222332
2222223322322222222332232222222233223
2222223323222222222332322222222233232
2222223332222222333222222233322222223
2222223333222222222333322222222233332
2222223333222222333322222233332222223
2222232222322222223222232222222322223
2222232222323222223222232322222322223
2222232223223222223222322322222322232
2222232223322222223222332222222322233
2222232232223222222322322232222223223
2222232232223322222322322233222223223
2222232232322222223223232222222322323
2222232322232222223232223222222323222
2222232322232322222323222323222223232
2222232322322222223232232222222323223
2222232332222223233222222323322222232
2222232332223222222323322232222223233
2222232333222222223233322222222323332
2222232333222223233322222323332222232
2222233222322222222332223222222223322
2222233222322222223322232222222332223
2222233222322322222332223223222223322
2222233222323222223322232322222332223
2222233223322222223322332222222332233
2222233232223222222332322232222223323
2222233233222222223323322222222332332
2222233322232222222333222322222223332
2222233322232222223332223222222333222
2222233322232322222333222323222223332
2222233322322222223332232222222333223
2222233323222222223332322222222333232
2222233333222222223333322222222333332
2222322222322222232222232222223222223
2222322222323222232222232322223222223
2222322223222222232222322222223222232
2222322223322222232222332222223222233
2222322232223322222232223222332222223
2222322232323222232223232322223222323
2222322233222222232223322222223222332
2222322322232222232232223222223223222
2222322322232322223223222323222232232
2222322322233222232232223322223223222
2222322332222232233222223223322222322
2222322333222222232233322222223223332
2222322333222232233322223223332222322
2222323222322222223232223222222232322
2222323222322322223232223223222232322
2222323222323222232322232322223232223
2222323223322222232322332222223232233
2222323233222222232323322222223232332
2222323322232222223233222322222232332
2222323322232222232332223222223233222
2222323322322222232332232222223233223
2222323323222222232332322222223233232
2222323332222232333222223233322222323
2222323333222222232333322222223233332
2222323333222232333322223233332222323
2222332222322222233222232222223322223
2222332222323222233222232322223322223
2222332223222222233222322222223322232
2222332223222322222332223222322222332
2222332223222332222332223222332222332
2222332223223222233222322322223322232
2222332223322222233222332222223322233
2222332232223222223322322232222233223
2222332232223322223322322233222233223
2222332322232222233232223222223323222
2222332322232322223323222323222233232
2222332322322222233232232222223323223
2222332332222233233222223323322222332
2222332332223222223323322232222233233
2222332333222222233233322222223323332
2222332333222233233322223323332222332
2222333222322222223332223222222233322
2222333222322222233322232222223332223
2222333222322322223332223223222233322
2222333222323222233322232322223332223
2222333223322222233322332222223332233
2222333232223222223332322232222233323
2222333233222222233323322222223332332
2222333322232222223333222322222233332
2222333322232222233332223222223333222
2222333322232322223333222323222233332
2222333322322222233332232222223333223
2222333323222222233332322222223333232
2222333333222222233333322222223333332
2223222222322222322222232222232222223
2223222222323222322222232322232222223
2223222223222222322222322222232222232
2223222223223222322222322322232222232
2223222223322222322222332222232222233
2223222232223322232222322233222322223
2223222232232222322223223222232222322
2223222233222222322223322222232222332
2223222322233222222322232223322222232
2223222322233222223222322233222223222
2223222322322232322232223223222323222
2223222322323222322232232322232223223
2223222323222222322232322222232223232
2223222323222322322232223232223223222
2223222323223222322232322322232223232
2223222332222322233222232223322223222
2223222332223322232223322233222322233
2223222333222222322233322222232223332
2223222333222322233322232223332223222
2223223222323222322322232322232232223
2223223223232222322322323222232232232
2223223223322222322322332222232232233
2223223232223222232232322232222322323
2223223232332222322323233222232232323
2223223233222222322323322222232232332
2223223322232222232233222322222322332
2223223322232322232233222323222322332
2223223322233222322332223322232233222
2223223322322222322332232222232233223
2223223323222222322332322222232233232
2223223332222322333222232233322223223
2223223333222222322333322222232233332
2223223333222322333322232233332223223
2223232222322222323222232222232322223
2223232222323222323222232322232322223
2223232223222222323222322222232322232
2223232223222322223232223222322223232
2223232223222332223232223222332223232
2223232223223222323222322322232322232
2223232223322222323222332222232322233
2223232232223222232322322232222323223
2223232232223322232322322233222323223
2223232232322222323223232222232322323
2223232322232222323232223222232323222
2223232322322222323232232222232323223
2223232332222323233222232323322223232
2223232332223222232323322232222323233
2223232333222222323233322222232323332
2223232333222323233322232323332223232
2223233222322222232332223222222323322
2223233222322222323322232222232332223
2223233222322322232332223223222323322
2223233223322222323322332222232332233
2223233232223222232332322232222323323
2223233233222222323323322222232332332
2223233322232222232333222322222323332
2223233322232222323332223222232333222
2223233322232322232333222323222323332
2223233322322222323332232222232333223
2223233323222222323332322222232333232
2223233333222222323333322222232333332
2223322222322222332222232222233222223
2223322222323222332222232322233222223
2223322223222222332222322222233222232
2223322223223222332222322322233222232
2223322223322222332222332222233222233
2223322232223222233222322232222332223
2223322232223223222332223222322322233
2223322232223232223322232223232223322
2223322233222222332223322222233222332
2223322322232222332232223222233223222
2223322322232322233223222323222332232
2223322322233222332232223322233223222
2223322322323222332232232322233223223
2223322323222222332232322222233223232
2223322323322222332232332222233223233
2223322332222332233222233223322223322
2223322333222332233322233223332223322
2223323222322222233232223222222332322
2223323222322322233232223223222332322
2223323222323222332322232322233232223
2223323232332222332323233222233232323
2223323233222222332323322222233232332
2223323322232222233233222322222332332
2223323322232222332332223222233233222
2223323322232322233233222323222332332
2223323322322222332332232222233233223
2223323323222222332332322222233233232
2223323332222332333222233233322223323
2223323333222222332333322222233233332
2223323333222332333322233233332223323
2223332222322222333222232222233322223
2223332222323222333222232322233322223
2223332223222222333222322222233322232
2223332223222322223332223222322223332
2223332223222332223332223222332223332
2223332223223222333222322322233322232
2223332223322222333222332222233322233
2223332232223222233322322232222333223
2223332232223322233322322233222333223
2223332322232222333232223222233323222
2223332322232322233323222323222333232
2223332322322222333232232222233323223
2223332332222333233222233323322223332
2223332332223222233323322232222333233
2223332333222222333233322222233323332
2223332333222333233322233323332223332
2223333222322222233332223222222333322
2223333222322222333322232222233332223
2223333222322322233332223223222333322
2223333222323222333322232322233332223
2223333223322222333322332222233332233
2223333232223222233332322232222333323
2223333233222222333323322222233332332
2223333322232222233333222322222333332
2223333322232222333332223222233333222
2223333322232322233333222323222333332
2223333322322222333332232222233333223
2223333323222222333332322222233333232
2223333333222222333333322222233333332
2232222222322223222222232222322222223
2232222222323223222222232322322222223
2232222223222223222222322222322222232
2232222223223223222222322322322222232
2232222223322223222222332222322222233
2232222232223222322222322232223222223
2232222232223322322222322233223222223
2232222233222223222223322222322222332
2232222322232223222232223222322223222
2232222322232322322223222323223222232
2232222322233223222232223322322223222
2232222323222223222232322222322223232
2232222333222223222233322222322223332
2232223222323232232223222323232232223
2232223222323322322232223233223222322
2232223222332222232223222332222232223
2232223222332222322232223322223222322
2232223223222223222322322222322232232
2232223223222322232322232223223222322
2232223223223223222322322322322232232
2232223223322223222322332222322232233
2232223232223222322232322232223222323
2232223232223222322322232223232223222
2232223232223322322232322233223222323
2232223232332223222323233222322232323
2232223233222223222323322222322232332
2232223322232222322233222322223222332
2232223322232322322233222323223222332
2232223322322223222332232222322233223
2232223322323223222332232322322233223
2232223323222223222332322222322233232
2232223332223222333222322233322232223
2232223333222223222333322222322233332
2232223333223222333322322233332232223
2232232222322223223222232222322322223
2232232222323223223222232322322322223
2232232223222322232232223222322232232
2232232223222323222322232232223222323
2232232223223223223222322322322322232
2232232223322223223222332222322322233
2232232232322223223223232222322322323
2232232322232223223232223222322323222
2232232322232322322323222323223223232
2232232322322223223232232222322323223
2232232332223222322323322232223223233
2232232332223223233222322323322232232
2232232333222223223233322222322323332
2232232333223223233322322323332232232
2232233222322222322332223222223223322
2232233222322223223322232222322332223
2232233222323223223322232322322332223
2232233223322223223322332222322332233
2232233232223222322332322232223223323
2232233233222223223323322222322332332
2232233322232222322333222322223223332
2232233322232223223332223222322333222
2232233322232322322333222323223223332
2232233322322223223332232222322333223
2232233323222223223332322222322333232
2232233333222223223333322222322333332
2232322222322223232222232222323222223
2232322222323223232222232322323222223
2232322223222223232222322222323222232
2232322223223223232222322322323222232
2232322223322223232222332222323222233
2232322232223222323222322232223232223
2232322232223223222322232322232223223
2232322232223232232322232223232232322
2232322232223322323222322233223232223
2232322232323223232223232322323222323
2232322233222223232223322222323222332
2232322322232223232232223222323223222
2232322322232322323223222323223232232
2232322322233223232232223322323223222
2232322332223232233222323223322232322
2232322332322223232233232222323223323
2232322333222223232233322222323223332
2232322333223232233322323223332232322
2232323222322222323232223222223232322
2232323222322322323232223223223232322
2232323222323223232322232322323232223
2232323223322223232322332222323232233
2232323233222223232323322222323232332
2232323322232222232323322232222232323
2232323322232222323233222322223232332
2232323322232223232332223222323233222
2232323322232232232323322232232232323
2232323322232322323233222323223232332
2232323322322223232332232222323233223
2232323323222223232332322222323233232
2232323332223232333222323233322232323
2232323333222223232333322222323233332
2232323333223232333322323233332232323
2232332222322223233222232222323322223
2232332222323223233222232322323322223
2232332223222223233222322222323322232
2232332223222322232332223222322232332
2232332223222332232332223222332232332
2232332223223223233222322322323322232
2232332223322223233222332222323322233
2232332232223222323322322232223233223
2232332232223322323322322233223233223
2232332322232223233232223222323323222
2232332322232322323323222323223233232
2232332322322223233232232222323323223
2232332332223222323323322232223233233
2232332332223233233222323323322232332
2232332333222223233233322222323323332
2232332333223233233322323323332232332
2232333222322222323332223222223233322
2232333222322223233322232222323332223
2232333222322322323332223223223233322
2232333222323223233322232322323332223
2232333223322223233322332222323332233
2232333232223222323332322232223233323
2232333233222223233323322222323332332
2232333322232222323333222322223233332
2232333322232223233332223222323333222
2232333322232322323333222323223233332
2232333322322223233332232222323333223
2232333323222223233332322222323333232
2232333333222223233333322222323333332
2233222222322223322222232222332222223
2233222222323223322222232322332222223
2233222223222223322222322222332222232
2233222223223223322222322322332222232
2233222223322223322222332222332222233
2233222232223222332222322232223322223
2233222232223322332222322233223322223
2233222233222223322223322222332222332
2233222322232223322232223222332223222
2233222322232232233222322232232233222
2233222322232322332223222323223322232
2233222322233223322232223322332223222
2233222323222223322232322222332223232
2233222323323223322232332322332223233
2233222333222223322233322222332223332
2233222333223322233322332223332233222
2233223222322322332232223223223322322
2233223222323223322322232322332232223
2233223223322223322322332222332232233
2233223232223222332232322232223322323
2233223232332223322323233222332232323
2233223322232222332233222322223322332
2233223322232322332233222323223322332
2233223322322223322332232222332233223
2233223323222223322332322222332233232
2233223332223322333222332233322233223
2233223333222223322333322222332233332
2233223333223322333322332233332233223
2233232222322223323222232222332322223
2233232222323223323222232322332322223
2233232223222223323222322222332322232
2233232223222322233232223222322233232
2233232223222332233232223222332233232
2233232223223223323222322322332322232
2233232232223222332322322232223323223
2233232232223322332322322233223323223
2233232232322223323223232222332322323
2233232322232223323232223222332323222
2233232322322223323232232222332323223
2233232323322222332323233222223323232
2233232332223222332323322232223323233
2233232332223323233222332323322233232
2233232333222223323233322222332323332
2233232333223323233322332323332233232
2233233222322222332332223222223323322
2233233222322223323322232222332332223
2233233222322322332332223223223323322
2233233222323223323322232322332332223
2233233223322223323322332222332332233
2233233232223222332332322232223323323
2233233322232222332333222322223323332
2233233322232223323332223222332333222
2233233322232322332333222323223323332
2233233322322223323332232222332333223
2233233323222223323332322222332333232
2233233333222223323333322222332333332
2233322222322223332222232222333222223
2233322222323223332222232322333222223
2233322223222223332222322222333222232
2233322223223223332222322322333222232
2233322223322223332222332222333222233
2233322232223222333222322232223332223
2233322232223232233322232223232233322
2233322232223322333222322233223332223
2233322233222223332223322222333222332
2233322322232223332232223222333223222
2233322322232322333223222323223332232
2233322322233223332232223322333223222
2233322322323223332232232322333223223
2233322323222223332232322222333223232
2233322332223332233222333223322233322
2233323222322222333232223222223332322
2233323222322322333232223223223332322
2233323222323223332322232322333232223
2233323223322223332322332222333232233
2233323232332223332323233222333232323
2233323233222223332323322222333232332
2233323322232222333233222322223332332
2233323322232223332332223222333233222
2233323322232322333233222323223332332
2233323322322223332332232222333233223
2233323323222223332332322222333233232
2233323332223332333222333233322233323
2233323333222223332333322222333233332
2233323333223332333322333233332233323
2233332222322223333222232222333322223
2233332222323223333222232322333322223
2233332223222223333222322222333322232
2233332223222322233332223222322233332
2233332223222332233332223222332233332
2233332223223223333222322322333322232
2233332223322223333222332222333322233
2233332232223222333322322232223333223
2233332232223322333322322233223333223
2233332322232223333232223222333323222
2233332322232322333323222323223333232
2233332322322223333232232222333323223
2233332332223222333323322232223333233
2233332332223333233222333323322233332
2233332333222223333233322222333323332
2233332333223333233322333323332233332
2233333222322222333332223222223333322
2233333222322223333322232222333332223
2233333222322322333332223223223333322
2233333222323223333322232322333332223
2233333223322223333322332222333332233
2233333232223222333332322232223333323
2233333233222223333323322222333332332
2233333322232222333333222322223333332
2233333322232223333332223222333333222
2233333322232322333333222323223333332
2233333322322223333332232222333333223
2233333323222223333332322222333333232
2233333333222223333333322222333333332
2322222222322232222222232223222222223
2322222222323232222222232323222222223
2322222223222232222222322223222222232
2322222223223232222222322323222222232
2322222223322232222222332223222222233
2322222232223223222222322232232222223
2322222232223323222222322233232222223
2322222233222232222223322223222222332
2322222322232232222232223223222223222
2322222322232323222223222323232222232
2322222322233232222232223323222223222
2322222323222232222232322223222223232
2322222333222232222233322223222223332
2322223222322323222232223223232222322
2322223222323232222322232323222232223
2322223223322232222322332223222232233
2322223232223223222232322232232222323
2322223232332232222323233223222232323
2322223233222232222323322223222232332
2322223322232223222233222322232222332
2322223322232323222233222323232222332
2322223322322232222332232223222233223
2322223323222232222332322223222233232
2322223332232222333223222233322322223
2322223333222232222333322223222233332
2322223333232222333323222233332322223
2322232222322232223222232223222322223
2322232222323232223222232323222322223
2322232223223223232223222322322323222
2322232223223232322232223223232322232
2322232223223323222322232233232223222
2322232223232223222322322232223232223
2322232223232223223222322232322232232
2322232223232232223222323223222322232
2322232223322223222322233222232223222
2322232223322232223222332223222322233
2322232232223323222322322233232223223
2322232232322232223223232223222322323
2322232322232232223232223223222323222
2322232322232323222323222323232223232
2322232322233232223232223323222323222
2322232322322232223232232223222323223
2322232332223223222323322232232223233
2322232332232223233223222323322322232
2322232333222232223233322223222323332
2322232333232223233323222323332322232
2322233222322223222332223222232223322
2322233222322232223322232223222332223
2322233222322323222332223223232223322
2322233222323232223322232323222332223
2322233223322232223322332223222332233
2322233232223223222332322232232223323
2322233233222232223323322223222332332
2322233322232223222333222322232223332
2322233322232232223332223223222333222
2322233322232323222333222323232223332
2322233322322232223332232223222333223
2322233323222232223332322223222333232
2322233333222232223333322223222333332
2322322222322232232222232223223222223
2322322222323232232222232323223222223
2322322223222232232222322223223222232
2322322223223232232222322323223222232
2322322223322232232222332223223222233
2322322232223223223222322232232232223
2322322232223233232232223222323323223
2322322232223323223222322233232232223
2322322232323232232223232323223222323
2322322233222232232223322223223222332
2322322322232232232232223223223223222
2322322322233232232232223323223223222
2322322332232232233223223223322322322
2322322333222232232233322223223223332
2322322333232232233323223223332322322
2322323222322223223232223222232232322
2322323222322323223232223223232232322
2322323222323232232322232323223232223
2322323223322232232322332223223232233
2322323233222232232323322223223232332
2322323322232223223233222322232232332
2322323322232232232332223223223233222
2322323322322232232332232223223233223
2322323323222232232332322223223233232
2322323332232232333223223233322322323
2322323333222232232333322223223233332
2322323333232232333323223233332322323
2322332222322232233222232223223322223
2322332222323232233222232323223322223
2322332223222232233222322223223322232
2322332223222322322332223222322322332
2322332223222332322332223222332322332
2322332223223232233222322323223322232
2322332223322232233222332223223322233
2322332232223223223322322232232233223
2322332232223323223322322233232233223
2322332322232232233232223223223323222
2322332322232323223323222323232233232
2322332322322232233232232223223323223
2322332332223223223323322232232233233
2322332332232233233223223323322322332
2322332333222232233233322223223323332
2322332333232233233323223323332322332
2322333222322223223332223222232233322
2322333222322232233322232223223332223
2322333222322323223332223223232233322
2322333222323232233322232323223332223
2322333223322232233322332223223332233
2322333232223223223332322232232233323
2322333233222232233323322223223332332
2322333322232223223333222322232233332
2322333322232232233332223223223333222
2322333322232323223333222323232233332
2322333322322232233332232223223333223
2322333323222232233332322223223333232
2322333333222232233333322223223333332
2323222222322232322222232223232222223
2323222222323232322222232323232222223
2323222223222232322222322223232222232
2323222223223232322222322323232222232
2323222223322232322222332223232222233
2323222232223223232222322232232322223
2323222232223323232222322233232322223
2323222233222232322223322223232222332
2323222322232223232223222322232322232
2323222322232232232322232223223223232
2323222322232232322232223223232223222
2323222322232323232223222323232322232
2323222322233232322232223323232223222
2323222323222232322232322223232223232
2323222323223232322232322323232223232
2323222332232322233223232223322323222
2323222332323232322233232323232223323
2323222333222232322233322223232223332
2323222333232322233323232223332323222
2323223222322323232232223223232322322
2323223222323232322322232323232232223
2323223223232232322322323223232232232
2323223223322232322322332223232232233
2323223232223223232232322232232322323
2323223232332232322323233223232232323
2323223233222232322323322223232232332
2323223322232223232233222322232322332
2323223322232323232233222323232322332
2323223322322232322332232223232233223
2323223332232322333223232233322323223
2323223333222232322333322223232233332
2323223333232322333323232233332323223
2323232222322232323222232223232322223
2323232222323232323222232323232322223
2323232223222232323222322223232322232
2323232223223232323222322323232322232
2323232223322232323222332223232322233
2323232232223223232322322232232323223
2323232232223323232322322233232323223
2323232232322232323223232223232322323
2323232322232232323232223223232323222
2323232322322232323232232223232323223
2323232332223223232323322232232323233
2323232333222232323233322223232323332
2323233222322223232332223222232323322
2323233222322232323322232223232332223
2323233222322233232323322232223323232
2323233222322323232332223223232323322
2323233222323232323322232323232332223
2323233223322232323322332223232332233
2323233232223223232332322232232323323
2323233233222232323323322223232332332
2323233322232223232333222322232323332
2323233322232232323332223223232333222
2323233322232323232333222323232323332
2323233322322232323332232223232333223
2323233323222232323332322223232333232
2323233333222232323333322223232333332
2323322222322232332222232223233222223
2323322222323232332222232323233222223
2323322223222232332222322223233222232
2323322223223232332222322323233222232
2323322223322232332222332223233222233
2323322232223223232332223222322323233
2323322232223223233222322232232332223
2323322232223232323322232223232323322
2323322232223323233222322233232332223
2323322233222232332223322223233222332
2323322322232232332232223223233223222
2323322322232323233223222323232332232
2323322322233232332232223323233223222
2323322322323232332232232323233223223
2323322323222232332232322223233223232
2323322323322232332232332223233223233
2323322332232332233223233223322323322
2323322333232332233323233223332323322
2323323222322223233232223222232332322
2323323222322323233232223223232332322
2323323222323232332322232323233232223
2323323223322232332322332223233232233
2323323232332232332323233223233232323
2323323232333232332323233323233232323
2323323233222232332323322223233232332
2323323322232223233233222322232332332
2323323322232232332332223223233233222
2323323322232323233233222323232332332
2323323322322232332332232223233233223
2323323323222232332332322223233233232
2323323332232332333223233233322323323
2323323333222232332333322223233233332
2323323333232332333323233233332323323
2323332222322232333222232223233322223
2323332222323232333222232323233322223
2323332223222232333222322223233322232
2323332223222322323332223222322323332
2323332223222332323332223222332323332
2323332223223232333222322323233322232
2323332223322232333222332223233322233
2323332232223223233322322232232333223
2323332232223323233322322233232333223
2323332322232232333232223223233323222
2323332322232323233323222323232333232
2323332322322232333232232223233323223
2323332332223223233323322232232333233
2323332332232333233223233323322323332
2323332333222232333233322223233323332
2323332333232333233323233323332323332
2323333222322223233332223222232333322
2323333222322232333322232223233332223
2323333222322323233332223223232333322
2323333222323232333322232323233332223
2323333223322232333322332223233332233
2323333232223223233332322232232333323
2323333233222232333323322223233332332
2323333322232223233333222322232333332
2323333322232232333332223223233333222
2323333322232323233333222323232333332
2323333322322232333332232223233333223
2323333323222232333332322223233333232
2323333333222232333333322223233333332
2332222222322233222222232223322222223
2332222222323233222222232323322222223
2332222223222233222222322223322222232
2332222223223233222222322323322222232
2332222223322233222222332223322222233
2332222232223223322222322232233222223
2332222232223323322222322233233222223
2332222233222233222223322223322222332
2332222322232233222232223223322223222
2332222322232323322223222323233222232
2332222322233233222232223323322223222
2332222323222233222232322223322223232
2332222333222233222233322223322223332
2332223222322323322232223223233222322
2332223222323233222322232323322232223
2332223223322233222322332223322232233
2332223232223223322232322232233222323
2332223232223323322232322233233222323
2332223232332233222323233223322232323
2332223233222233222323322223322232332
2332223233223233222323322323322232332
2332223322232233222332223223322233222
2332223322232323322233222323233222332
2332223322322233222332232223322233223
2332223323222233222332322223322233232
2332223332233222333223322233322332223
2332223333222233222333322223322233332
2332223333233222333323322233332332223
2332232222322233223222232223322322223
2332232222323233223222232323322322223
2332232223222322332232223222322332232
2332232223222332332232223222332332232
2332232223223233223222322323322322232
2332232223322233223222332223322322233
2332232232322233223223232223322322323
2332232322232233223232223223322323222
2332232322232323322323222323233223232
2332232322322233223232232223322323223
2332232332223223322323322232233223233
2332232332233223233223322323322332232
2332232333222233223233322223322323332
2332232333233223233323322323332332232
2332233222322223322332223222233223322
2332233222322233223322232223322332223
2332233222322323322332223223233223322
2332233222323233223322232323322332223
2332233232223223322332322232233223323
2332233233222233223323322223322332332
2332233322232223322333222322233223332
2332233322232233223332223223322333222
2332233322232323322333222323233223332
2332233322322233223332232223322333223
2332233323222233223332322223322333232
2332233333222233223333322223322333332
2332322222322233232222232223323222223
2332322222323233232222232323323222223
2332322223222233232222322223323222232
2332322223223233232222322323323222232
2332322223322233232222332223323222233
2332322232223223323222322232233232223
2332322232223232332322232223232332322
2332322232223323323222322233233232223
2332322232323233232223232323323222323
2332322233222233232223322223323222332
2332322322232233232232223223323223222
2332322322232323323223222323233232232
2332322322233233232232223323323223222
2332322332233232233223323223322332322
2332322332322233232233232223323223323
2332322333222233232233322223323223332
2332322333233232233323323223332332322
2332323222322223323232223222233232322
2332323222322323323232223223233232322
2332323222323233232322232323323232223
2332323223322233232322332223323232233
2332323233222233232323322223323232332
2332323233222322332323233222322332323
2332323322232223323233222322233232332
2332323322232233232332223223323233222
2332323322232323323233222323233232332
2332323322322233232332232223323233223
2332323323222233232332322223323233232
2332323332233232333223323233322332323
2332323333222233232333322223323233332
2332323333233232333323323233332332323
2332332222322233233222232223323322223
2332332222323233233222232323323322223
2332332223222233233222322223323322232
2332332223222322332332223222322332332
2332332223223233233222322323323322232
2332332232223223323322322232233233223
2332332232223323323322322233233233223
2332332322232233233232223223323323222
2332332322232323323323222323233233232
2332332322322233233232232223323323223
2332332332233233233223323323322332332
2332332333222233233233322223323323332
2332332333233233233323323323332332332
2332333222322223323332223222233233322
2332333222322233233322232223323332223
2332333222322323323332223223233233322
2332333222323233233322232323323332223
2332333223322233233322332223323332233
2332333232223223323332322232233233323
2332333233222233233323322223323332332
2332333322232223323333222322233233332
2332333322232233233332223223323333222
2332333322232323323333222323233233332
2332333322322233233332232223323333223
2332333323222233233332322223323333232
2332333333222233233333322223323333332
2333222222322233322222232223332222223
2333222222323233322222232323332222223
2333222223222233322222322223332222232
2333222223223233322222322323332222232
2333222223322233322222332223332222233
2333222232223223332222322232233322223
2333222232223323332222322233233322223
2333222233222233322223322223332222332
2333222322232232333222322232232333222
2333222322232233322232223223332223222
2333222322232323332223222323233322232
2333222322233233322232223323332223222
2333222323222233322232322223332223232
2333222332233322233223332223322333222
2333222333222233322233322223332223332
2333222333233322233323332223332333222
2333223222322323332232223223233322322
2333223222323233322322232323332232223
2333223223322233322322332223332232233
2333223232223223332232322232233322323
2333223232332233322323233223332232323
2333223233222233322323322223332232332
2333223322232223332233222322233322332
2333223322232323332233222323233322332
2333223322322233322332232223332233223
2333223323222233322332322223332233232
2333223333233322333323332233332333223
2333232222322233323222232223332322223
2333232222323233323222232323332322223
2333232223222233323222322223332322232
2333232223222322333232223222322333232
2333232223222332333232223222332333232
2333232223223233323222322323332322232
2333232223322233323222332223332322233
2333232232223223332322322232233323223
2333232232223323332322322233233323223
2333232232322233323223232223332322323
2333232322232233323232223223332323222
2333232322322233323232232223332323223
2333232323322223332323233222233323232
2333232332223223332323322232233323233
2333232332233323233223332323322333232
2333232333222233323233322223332323332
2333232333233323233323332323332333232
2333233222322223332332223222233323322
2333233222322233323322232223332332223
2333233222322323332332223223233323322
2333233222323233323322232323332332223
2333233223322233323322332223332332233
2333233232223223332332322232233323323
2333233322232223332333222322233323332
2333233322232233323332223223332333222
2333233322232323332333222323233323332
2333233322322233323332232223332333223
2333233323222233323332322223332333232
2333233333222233323333322223332333332
2333322222322233332222232223333222223
2333322222323233332222232323333222223
2333322223222233332222322223333222232
2333322223223233332222322323333222232
2333322223322233332222332223333222233
2333322232223223333222322232233332223
2333322232223232333322232223232333322
2333322232223323333222322233233332223
2333322233222233332223322223333222332
2333322322232233332232223223333223222
2333322322232323333223222323233332232
2333322322233233332232223323333223222
2333322322323233332232232323333223223
2333322323222233332232322223333223232
2333322332233332233223333223322333322
2333322333233332233323333223332333322
2333323222322223333232223222233332322
2333323222322323333232223223233332322
2333323222323233332322232323333232223
2333323223322233332322332223333232233
2333323232332233332323233223333232323
2333323233222233332323322223333232332
2333323322232223333233222322233332332
2333323322232233332332223223333233222
2333323322232323333233222323233332332
2333323322322233332332232223333233223
2333323323222233332332322223333233232
2333323332233332333223333233322333323
2333323333222233332333322223333233332
2333332222322233333222232223333322223
2333332222323233333222232323333322223
2333332223222233333222322223333322232
2333332223222322333332223222322333332
2333332223222332333332223222332333332
2333332223223233333222322323333322232
2333332223322233333222332223333322233
2333332232223223333322322232233333223
2333332232223323333322322233233333223
2333332322232233333232223223333323222
2333332322232323333323222323233333232
2333332322322233333232232223333323223
2333332332223223333323322232233333233
2333332332233333233223333323322333332
2333332333222233333233322223333323332
2333332333233333233323333323332333332
2333333222322223333332223222233333322
2333333222322233333322232223333332223
2333333222322323333332223223233333322
2333333222323233333322232323333332223
2333333223322233333322332223333332233
2333333232223223333332322232233333323
2333333233222233333323322223333332332
2333333322232223333333222322233333332
2333333322232233333332223223333333222
2333333322232323333333222323233333332
2333333322322233333332232223333333223
2333333323222233333332322223333333232
2333333333222233333333322223333333332
3222222222323322222222232332222222223
3222222223223322222222322332222222232
3222222223322322222222332232222222233
3222222232223232222222322232322222223
3222222232223332222222322233322222223
3222222232322322222223232232222222323
3222222233222322222223322232222222332
3222222322232322222232223232222223222
3222222322233322222232223332222223222
3222222323222322222232322232222223232
3222222323322322222232332232222223233
3222222333222322222233322232222223332
3222223223222322222322322232222232232
3222223223322322222322332232222232233
3222223232223232222232322232322222323
3222223232332322222323233232222232323
3222223233222322222323322232222232332
3222223322232332222233222323322222332
3222223323222322222332322232222233232
3222223323322322222332332232222233233
3222223332322222333232222233323222223
3222223333222322222333322232222233332
3222223333322222333332222233333222223
3222232222323322223222232332222322223
3222232223322322223222332232222322233
3222232232223232222322322232322223223
3222232232223332222322322233322223223
3222232232322322223223232232222322323
3222232233222322223223322232222322332
3222232322232322223232223232222323222
3222232322232332222323222323322223232
3222232323322322223232332232222323233
3222232332223232222323322232322223233
3222232332322223233232222323323222232
3222232333222322223233322232222323332
3222232333322223233332222323333222232
3222233222322332222332223223322223322
3222233222323322223322232332222332223
3222233223322322223322332232222332233
3222233232223232222332322232322223323
3222233233222322223323322232222332332
3222233322232322223332223232222333222
3222233322232332222333222323322223332
3222233323222322223332322232222333232
3222233323322322223332332232222333233
3222233333222322223333322232222333332
3222322222323322232222232332223222223
3222322223223322232222322332223222232
3222322223322322232222332232223222233
3222322232232223222323222322232232223
3222322232232223232223222322322232322
3222322232232322232223223232223222322
3222322232322322232223232232223222323
3222322232323322232223232332223222323
3222322233222322232223322232223222332
3222322233223322232223322332223222332
3222322322232223232223222322322232223
3222322322232322232232223232223223222
3222322322232332223223222323322232232
3222322322233322232232223332223223222
3222322322332322232232233232223223223
3222322323322322232232332232223223233
3222322332322232233232223223323222322
3222322332322322232233232232223223323
3222322333222322232233322232223223332
3222322333322232233332223223333222322
3222323222322232232223222323222322232
3222323222322332223232223223322232322
3222323222323322232322232332223232223
3222323223322322232322332232223232233
3222323233222322232323322232223232332
3222323322232322232332223232223233222
3222323322233322232332223332223233222
3222323323222322232332322232223233232
3222323323322322232332332232223233233
3222323323323322232332332332223233233
3222323332322232333232223233323222323
3222323333222322232333322232223233332
3222323333322232333332223233333222323
3222332222323322233222232332223322223
3222332223222322233222322232223322232
3222332223222323222332223222323222332
3222332223222333222332223222333222332
3222332223223322233222322332223322232
3222332223322322233222332232223322233
3222332232223332223322322233322233223
3222332232322322233223232232223322323
3222332233222322233223322232223322332
3222332322232332223323222323322233232
3222332323322322233232332232223323233
3222332332223232223323322232322233233
3222332332322233233232223323323222332
3222332333222322233233322232223323332
3222332333322233233332223323333222332
3222333222322332223332223223322233322
3222333222323322233322232332223332223
3222333223322322233322332232223332233
3222333232223232223332322232322233323
3222333233222322233323322232223332332
3222333322232322233332223232223333222
3222333322232332223333222323322233332
3222333323222322233332322232223333232
3222333323322322233332332232223333233
3222333333222322233333322232223333332
3223222222323322322222232332232222223
3223222223223322322222322332232222232
3223222223322322322222332232232222233
3223222232223232232222322232322322223
3223222232223332232222322233322322223
3223222232322322322223232232232222323
3223222233222322322223322232232222332
3223222322232322322232223232232223222
3223222322232323223222322232323223222
3223222322232323322322232223232332232
3223222322232333223222322232333223222
3223222322233322322232223332232223222
3223222322323322322232232332232223223
3223222323222322322232322232232223232
3223222323223322322232322332232223232
3223222323322322322232332232232223233
3223222332322322233232232223323223222
3223222333222322322233322232232223332
3223222333322322233332232223333223222
3223223222323322322322232332232232223
3223223223322322322322332232232232233
3223223232223232232232322232322322323
3223223232332322322323233232232232323
3223223233222322322323322232232232332
3223223322232232232233222322322322332
3223223322232332232233222323322322332
3223223322322322322332232232232233223
3223223323222322322332322232232233232
3223223323322322322332332232232233233
3223223332322322333232232233323223223
3223223333222322322333322232232233332
3223223333322322333332232233333223223
3223232222323322323222232332232322223
3223232223222323223232223222323223232
3223232223222333223232223222333223232
3223232223223322323222322332232322232
3223232223322322323222332232232322233
3223232232223232232322322232322323223
3223232232223332232322322233322323223
3223232232322322323223232232232322323
3223232233222322323223322232232322332
3223232322232322323232223232232323222
3223232323322322323232332232232323233
3223232332223232232323322232322323233
3223232332322323233232232323323223232
3223232333222322323233322232232323332
3223232333322323233332232323333223232
3223233222322332232332223223322323322
3223233222323322323322232332232332223
3223233223322322323322332232232332233
3223233232223232232332322232322323323
3223233233222322323323322232232332332
3223233322232322323332223232232333222
3223233322232332232333222323322323332
3223233323222322323332322232232333232
3223233323322322323332332232232333233
3223233333222322323333322232232333332
3223322222323322332222232332233222223
3223322223223322332222322332233222232
3223322223322322332222332232233222233
3223322232223232233222322232322332223
3223322232223332233222322233322332223
3223322232322322332223232232233222323
3223322233222322332223322232233222332
3223322322232322332232223232233223222
3223322322232332233223222323322332232
3223322322233322332232223332233223222
3223322322322322332232232232233223223
3223322323222322332232322232233223232
3223322323322322332232332232233223233
3223322332322322332233232232233223323
3223322332322332233232233223323223322
3223322333222322332233322232233223332
3223322333322332233332233223333223322
3223323222322332233232223223322332322
3223323222323322332322232332233232223
3223323223322322332322332232233232233
3223323232332232233232323322322332323
3223323232332322332323233232233232323
3223323233222322332323322232233232332
3223323322232322332332223232233233222
3223323322232332233233222323322332332
3223323323222322332332322232233233232
3223323332322332333232233233323223323
3223323333222322332333322232233233332
3223323333322332333332233233333223323
3223332222323322333222232332233322223
3223332223222323223332223222323223332
3223332223222333223332223222333223332
3223332223223322333222322332233322232
3223332223322322333222332232233322233
3223332232223232233322322232322333223
3223332232223332233322322233322333223
3223332232322322333223232232233322323
3223332233222322333223322232233322332
3223332322232322333232223232233323222
3223332322232332233323222323322333232
3223332323322322333232332232233323233
3223332332223232233323322232322333233
3223332332322333233232233323323223332
3223332333222322333233322232233323332
3223332333322333233332233323333223332
3223333222322332233332223223322333322
3223333222323322333322232332233332223
3223333223322322333322332232233332233
3223333232223232233332322232322333323
3223333233222322333323322232233332332
3223333322232322333332223232233333222
3223333322232332233333222323322333332
3223333323222322333332322232233333232
3223333323322322333332332232233333233
3223333333222322333333322232233333332
3232222222323323222222232332322222223
3232222223223323222222322332322222232
3232222223322323222222332232322222233
3232222232223232322222322232323222223
3232222232223332322222322233323222223
3232222232322323222223232232322222323
3232222233222323222223322232322222332
3232222322232323222232223232322223222
3232222322233323222232223332322223222
3232222323222323222232322232322223232
3232222323322323222232332232322223233
3232222333222323222233322232322223332
3232223222322322232322232223223222323
3232223222322322332322232223223223323
3232223222322323232223222322323232223
3232223222322323323222322232232332322
3232223222322333232223222322333232223
3232223222323323222322232332322232223
3232223223222323222322322232322232232
3232223223322323222322332232322232233
3232223232223232322232322232323222323
3232223232223332322232322233323222323
3232223232332323222323233232322232323
3232223233222323222323322232322232332
3232223322232332322233222323323222332
3232223323222323222332322232322233232
3232223323322323222332332232322233233
3232223332323222333232322233323232223
3232223333222323222333322232322233332
3232223333323222333332322233333232223
3232232222323323223222232332322322223
3232232223222323232232223222323232232
3232232223222333232232223222333232232
3232232223223323223222322332322322232
3232232223322323223222332232322322233
3232232232322323223223232232322322323
3232232233222323223223322232322322332
3232232322232323223232223232322323222
3232232322232332322323222323323223232
3232232323322323223232332232322323233
3232232332223232322323322232323223233
3232232332323223233232322323323232232
3232232333222323223233322232322323332
3232232333323223233332322323333232232
3232233222322332322332223223323223322
3232233222323323223322232332322332223
3232233223322323223322332232322332233
3232233232223232322332322232323223323
3232233233222323223323322232322332332
3232233322232323223332223232322333222
3232233322232332322333222323323223332
3232233323222323223332322232322333232
3232233323322323223332332232322333233
3232233333222323223333322232322333332
3232322222323323232222232332323222223
3232322223223323232222322332323222232
3232322223322323232222332232323222233
3232322232223232323222322232323232223
3232322232223233232322232223233232322
3232322232223332323222322233323232223
3232322232322323232223232232323222323
3232322232323323232223232332323222323
3232322233222323232223322232323222332
3232322322232323232232223232323223222
3232322322232332323223222323323232232
3232322322233323232232223332323223222
3232322323322323232232332232323223233
3232322332322323232233232232323223323
3232322332323232233232323223323232322
3232322333222323232233322232323223332
3232322333323232233332323223333232322
3232323222322332323232223223323232322
3232323222323323232322232332323232223
3232323223322323232322332232323232233
3232323233222323232323322232323232332
3232323322232233232323322232233232323
3232323322232323232332223232323233222
3232323322232332323233222323323232332
3232323323222323232332322232323233232
3232323323322323232332332232323233233
3232323333222323232333322232323233332
3232323333323232333332323233333232323
3232332222323323233222232332323322223
3232332223222323232332223222323232332
3232332223222333232332223222333232332
3232332223223323233222322332323322232
3232332223322323233222332232323322233
3232332232223232323322322232323233223
3232332232223332323322322233323233223
3232332233222323233223322232323322332
3232332322232323233232223232323323222
3232332322232332323323222323323233232
3232332323322323233232332232323323233
3232332332223232323323322232323233233
3232332332323233233232323323323232332
3232332333222323233233322232323323332
3232332333323233233332323323333232332
3232333222322332323332223223323233322
3232333222323323233322232332323332223
3232333223322323233322332232323332233
3232333232223232323332322232323233323
3232333233222323233323322232323332332
3232333322232323233332223232323333222
3232333322232332323333222323323233332
3232333323222323233332322232323333232
3232333323322323233332332232323333233
3232333333222323233333322232323333332
3233222222323323322222232332332222223
3233222223223323322222322332332222232
3233222223322323322222332232332222233
3233222232223232332222322232323322223
3233222232223332332222322233323322223
3233222232322323322223232232332222323
3233222233222323322223322232332222332
3233222322232323322232223232332223222
3233222322233323322232223332332223222
3233222323222323322232322232332223232
3233222323322323322232332232332223233
3233222323323323322232332332332223233
3233222332323322233232332223323233222
3233222333222323322233322232332223332
3233222333323322233332332223333233222
3233223222322332332232223223323322322
3233223222323323322322232332332232223
3233223223322323322322332232332232233
3233223232223232332232322232323322323
3233223232332323322323233232332232323
3233223322232332332233222323323322332
3233223323222323322332322232332233232
3233223323322323322332332232332233233
3233223332323322333232332233323233223
3233223333222323322333322232332233332
3233223333323322333332332233333233223
3233232222323323323222232332332322223
3233232223222323233232223222323233232
3233232223222333233232223222333233232
3233232223223323323222322332332322232
3233232223322323323222332232332322233
3233232232223232332322322232323323223
3233232232223332332322322233323323223
3233232232322323323223232232332322323
3233232233222323323223322232332322332
3233232322232323323232223232332323222
3233232323322232332323233222323323232
3233232323322323323232332232332323233
3233232332223232332323322232323323233
3233232332332323323233233232332323323
3233232333222323323233322232332323332
3233232333323323233332332323333233232
3233233222322332332332223223323323322
3233233222323323323322232332332332223
3233233223322323323322332232332332233
3233233322232323323332223232332333222
3233233322232332332333222323323323332
3233233323222323323332322232332333232
3233233323322323323332332232332333233
3233233333222323323333322232332333332
3233322222323323332222232332333222223
3233322223223323332222322332333222232
3233322223322323332222332232333222233
3233322232223232333222322232323332223
3233322232223332333222322233323332223
3233322232322323332223232232333222323
3233322233222323332223322232333222332
3233322322232323332232223232333223222
3233322322232332333223222323323332232
3233322322233323332232223332333223222
3233322323222323332232322232333223232
3233322323322323332232332232333223233
3233322332322323332233232232333223323
3233322332323332233232333223323233322
3233322333222323332233322232333223332
3233322333323332233332333223333233322
3233323222322332333232223223323332322
3233323222323323332322232332333232223
3233323223322323332322332232333232233
3233323232332232333232323322323332323
3233323232332323332323233232333232323
3233323233222323332323322232333232332
3233323322232323332332223232333233222
3233323322232332333233222323323332332
3233323323222323332332322232333233232
3233323332323332333232333233323233323
3233323333222323332333322232333233332
3233323333323332333332333233333233323
3233332222323323333222232332333322223
3233332223222323233332223222323233332
3233332223222333233332223222333233332
3233332223223323333222322332333322232
3233332223322323333222332232333322233
3233332232223232333322322232323333223
3233332232223332333322322233323333223
3233332232322323333223232232333322323
3233332233222323333223322232333322332
3233332322232323333232223232333323222
3233332322232332333323222323323333232
3233332323322323333232332232333323233
3233332332223232333323322232323333233
3233332332323333233232333323323233332
3233332333222323333233322232333323332
3233333222322332333332223223323333322
3233333222323323333322232332333332223
3233333223322323333322332232333332233
3233333232223232333332322232323333323
3233333233222323333323322232333332332
3233333322232323333332223232333333222
3233333322232332333333222323323333332
3233333323222323333332322232333333232
3233333323322323333332332232333333233
3233333333222323333333322232333333332
3322222222322332222222232233222222223
3322222222323332222222232333222222223
3322222223222332222222322233222222232
3322222223223332222222322333222222232
3322222223322332222222332233222222233
3322222232223233222222322232332222223
3322222232223333222222322233332222223
3322222232322332222223232233222222323
3322222233222332222223322233222222332
3322222322232332222232223233222223222
3322222322233332222232223333222223222
3322222322322332222232232233222223223
3322222323222332222232322233222223232
3322222323322332222232332233222223233
3322222332322332222233232233222223323
3322222333222332222233322233222223332
3322223223222332222322322233222232232
3322223223322332222322332233222232233
3322223232223233222232322232332222323
3322223232332332222323233233222232323
3322223233222332222323322233222232332
3322223322232233222233222322332222332
3322223322232333222233222323332222332
3322223322322332222332232233222233223
3322223323222332222332322233222233232
3322223323322332222332332233222233233
3322223332322332222333232233222233323
3322223332332222333233222233323322223
3322223333222332222333322233222233332
3322223333332222333333222233333322223
3322232222322332223222232233222322223
3322232222323332223222232333222322223
3322232223222332233222322232223322332
3322232223222332332223222322233233222
3322232223322332223222332233222322233
3322232232223233222322322232332223223
3322232232223333222322322233332223223
3322232232322332223223232233222322323
3322232233222332223223322233222322332
3322232322232332223232223233222323222
3322232322232333222323222323332223232
3322232322233332223232223333222323222
3322232322322332223232232233222323223
3322232323322332223232332233222323233
3322232332223333222323322233332223233
3322232332322332223233232233222323323
3322232332332223233233222323323322232
3322232333222332223233322233222323332
3322232333223332223233322333222323332
3322232333332223233333222323333322232
3322233222322332223322232233222332223
3322233222322333222332223223332223322
3322233222323332223322232333222332223
3322233223322332223322332233222332233
3322233233222332223323322233222332332
3322233322232233222333222322332223332
3322233322232332223332223233222333222
3322233322232333222333222323332223332
3322233322322332223332232233222333223
3322233323222332223332322233222333232
3322233323322332223332332233222333233
3322233332322332223333232233222333323
3322233333222332223333322233222333332
3322322222322332232222232233223222223
3322322222323332232222232333223222223
3322322223222332232222322233223222232
3322322223223332232222322333223222232
3322322223322332232222332233223222233
3322322232223232332232223222323233223
3322322232223233223222322232332232223
3322322232223233332232223222323333223
3322322232223333223222322233332232223
3322322232322332232223232233223222323
3322322232323332232223232333223222323
3322322322232332232232223233223223222
3322322322233332232232223333223223222
3322322322332233223223223322332232232
3322322322332332232232233233223223223
3322322323222332232232322233223223232
3322322323322332232232332233223223233
3322322332322332232233232233223223323
3322322332332232233233223223323322322
3322322333222332232233322233223223332
3322322333332232233333223223333322322
3322323222322233223232223222332232322
3322323222322333223232223223332232322
3322323222323332232322232333223232223
3322323223322332232322332233223232233
3322323233222332232323322233223232332
3322323322232233223233222322332232332
3322323322232332232332223233223233222
3322323322232333223233222323332232332
3322323322322332232332232233223233223
3322323323222332232332322233223233232
3322323323322332232332332233223233233
3322323332322332232333232233223233323
3322323332332232333233223233323322323
3322323333222332232333322233223233332
3322323333332232333333223233333322323
3322332222322332233222232233223322223
3322332222323332233222232333223322223
3322332223222323322332223222323322332
3322332223222332233222322233223322232
3322332223222333322332223222333322332
3322332223223332233222322333223322232
3322332223322332233222332233223322233
3322332232223233223322322232332233223
3322332232223333223322322233332233223
3322332232322332233223232233223322323
3322332233232332233223323233223322332
3322332322232332233232223233223323222
3322332322232333223323222323332233232
3322332322322332233232232233223323223
3322332323322332233232332233223323233
3322332332223233223323322232332233233
3322332332322332233233232233223323323
3322332332332233233233223323323322332
3322332333222332233233322233223323332
3322332333332233233333223323333322332
3322333222322233223332223222332233322
3322333222322332233322232233223332223
3322333222322333223332223223332233322
3322333222323332233322232333223332223
3322333223322332233322332233223332233
3322333232223233223332322232332233323
3322333233222332233323322233223332332
3322333322232233223333222322332233332
3322333322232332233332223233223333222
3322333322232333223333222323332233332
3322333322322332233332232233223333223
3322333323222332233332322233223333232
3322333323322332233332332233223333233
3322333332322332233333232233223333323
3322333333222332233333322233223333332
3323222222322332322222232233232222223
3323222222323332322222232333232222223
3323222223222332322222322233232222232
3323222223223332322222322333232222232
3323222223322332322222332233232222233
3323222232223233232222322232332322223
3323222232223333232222322233332322223
3323222232322332322223232233232222323
3323222233222332322223322233232222332
3323222322232232332322232223223233232
3323222322232233332322232223223333232
3323222322232332322232223233232223222
3323222322232333232223222323332322232
3323222322233332322232223333232223222
3323222322322332322232232233232223223
3323222323222332322232322233232223232
3323222323223332322232322333232223232
3323222332322332322233232233232223323
3323222332332322233233232223323323222
3323222333222332322233322233232223332
3323222333332322233333232223333323222
3323223222322333232232223223332322322
3323223222323332322322232333232232223
3323223223232332322322323233232232232
3323223223322332322322332233232232233
3323223232223233232232322232332322323
3323223232332332322323233233232232323
3323223233222332322323322233232232332
3323223322232233232233222322332322332
3323223322232333232233222323332322332
3323223322322332322332232233232233223
3323223323222332322332322233232233232
3323223323322332322332332233232233233
3323223332322332322333232233232233323
3323223332332322333233232233323323223
3323223333222332322333322233232233332
3323223333332322333333232233333323223
3323232222322332323222232233232322223
3323232222323332323222232333232322223
3323232223222332323222322233232322232
3323232223223332323222322333232322232
3323232223322332323222332233232322233
3323232232223233232322322232332323223
3323232232223333232322322233332323223
3323232232322332323223232233232322323
3323232233222332323223322233232322332
3323232322232332323232223233232323222
3323232322322332323232232233232323223
3323232323322332323232332233232323233
3323232332223223323232332223223323232
3323232332223233232323322232332323233
3323232332223233323232332223233323232
3323232332332323233233232323323323232
3323232333222332323233322233232323332
3323232333332323233333232323333323232
3323233222322233232332223222332323322
3323233222322332323322232233232332223
3323233222322333232332223223332323322
3323233222323332323322232333232332223
3323233223322332323322332233232332233
3323233232223233232332322232332323323
3323233233222332323323322233232332332
3323233322232233232333222322332323332
3323233322232332323332223233232333222
3323233322232333232333222323332323332
3323233322322332323332232233232333223
3323233323222332323332322233232333232
3323233323322332323332332233232333233
3323233332322332323333232233232333323
3323233333222332323333322233232333332
3323322222322332332222232233233222223
3323322222323332332222232333233222223
3323322223222332332222322233233222232
3323322223223332332222322333233222232
3323322223322332332222332233233222233
3323322232223233233222322232332332223
3323322232223333233222322233332332223
3323322232322332332223232233233222323
3323322233222332332223322233233222332
3323322322232332332232223233233223222
3323322322232333233223222323332332232
3323322322233332332232223333233223222
3323322322322332332232232233233223223
3323322323222332332232322233233223232
3323322323322332332232332233233223233
3323322332322332332233232233233223323
3323322332332332233233233223323323322
3323322333222332332233322233233223332
3323322333332332233333233223333323322
3323323222322233233232223222332332322
3323323222322333233232223223332332322
3323323222323332332322232333233232223
3323323223322332332322332233233232233
3323323232332233233232323322332332323
3323323232332332332323233233233232323
3323323233222332332323322233233232332
3323323322232332332332223233233233222
3323323322322332332332232233233233223
3323323323222332332332322233233233232
3323323332322332332333232233233233323
3323323332332332333233233233323323323
3323323333222332332333322233233233332
3323323333332332333333233233333323323
3323332222322332333222232233233322223
3323332222323332333222232333233322223
3323332223222323323332223222323323332
3323332223222332333222322233233322232
3323332223222333323332223222333323332
3323332223223332333222322333233322232
3323332223322332333222332233233322233
3323332232223233233322322232332333223
3323332232223333233322322233332333223
3323332232322332333223232233233322323
3323332233222332333223322233233322332
3323332322232332333232223233233323222
3323332322232333233323222323332333232
3323332322322332333232232233233323223
3323332323322332333232332233233323233
3323332332223233233323322232332333233
3323332332322332333233232233233323323
3323332332332333233233233323323323332
3323332333222332333233322233233323332
3323332333332333233333233323333323332
3323333222322233233332223222332333322
3323333222322332333322232233233332223
3323333222322333233332223223332333322
3323333222323332333322232333233332223
3323333223322332333322332233233332233
3323333232223233233332322232332333323
3323333233222332333323322233233332332
3323333322232233233333222322332333332
3323333322232332333332223233233333222
3323333322232333233333222323332333332
3323333322322332333332232233233333223
3323333323222332333332322233233333232
3323333323322332333332332233233333233
3323333332322332333333232233233333323
3323333333222332333333322233233333332
3332222222322333222222232233322222223
3332222222323333222222232333322222223
3332222223222333222222322233322222232
3332222223223333222222322333322222232
3332222223322333222222332233322222233
3332222232223233322222322232333222223
3332222232223333322222322233333222223
3332222232322333222223232233322222323
3332222233222333222223322233322222332
3332222322232333222232223233322223222
3332222322233333222232223333322223222
3332222322322333222232232233322223223
3332222323222333222232322233322223232
3332222323322333222232332233322223233
3332222332322333222233232233322223323
3332222333222333222233322233322223332
3332223223222333222322322233322232232
3332223223322333222322332233322232233
3332223232223233322232322232333222323
3332223232223333322232322233333222323
3332223232332333222323233233322232323
3332223233222333222323322233322232332
3332223322232233322233222322333222332
3332223322232333322233222323333222332
3332223322322333222332232233322233223
3332223323222333222332322233322233232
3332223323322333222332332233322233233
3332223332322333222333232233322233323
3332223332333222333233322233323332223
3332223333222333222333322233322233332
3332223333333222333333322233333332223
3332232222322333223222232233322322223
3332232222323333223222232333322322223
3332232223222323332232223222323332232
3332232223222333332232223222333332232
3332232223223333223222322333322322232
3332232223322333223222332233322322233
3332232232233233322322322332333223223
3332232232322333223223232233322322323
3332232233222333223223322233322322332
3332232322232333223232223233322323222
3332232322232333322323222323333223232
3332232322322333223232232233322323223
3332232323322333223232332233322323233
3332232332223233322323322232333223233
3332232332322333223233232233322323323
3332232332333223233233322323323332232
3332232333222333223233322233322323332
3332232333333223233333322323333332232
3332233222322233322332223222333223322
3332233222322333223322232233322332223
3332233222322333322332223223333223322
3332233222323333223322232333322332223
3332233223322333223322332233322332233
3332233223323333223322332333322332233
3332233232223233322332322232333223323
3332233233222333223323322233322332332
3332233322232233322333222322333223332
3332233322232333223332223233322333222
3332233322232333322333222323333223332
3332233322322333223332232233322333223
3332233323222333223332322233322333232
3332233323322333223332332233322333233
3332233332322333223333232233322333323
3332233333222333223333322233322333332
3332322222322333232222232233323222223
3332322222323333232222232333323222223
3332322223222333232222322233323222232
3332322223223333232222322333323222232
3332322223322333232222332233323222233
3332322232223233323222322232333232223
3332322232223233332322232223233332322
3332322232223333323222322233333232223
3332322232322333232223232233323222323
3332322232323333232223232333323222323
3332322233222333232223322233323222332
3332322322232333232232223233323223222
3332322322232333323223222323333232232
3332322322233333232232223333323223222
3332322323222333232232322233323223232
3332322323322333232232332233323223233
3332322332322333232233232233323223323
3332322332333232233233323223323332322
3332322333222333232233322233323223332
3332322333333232233333323223333332322
3332323222322233323232223222333232322
3332323222322333323232223223333232322
3332323222323333232322232333323232223
3332323223322333232322332233323232233
3332323233222323332323233222323332323
3332323233222333232323322233323232332
3332323322232233323233222322333232332
3332323322232333232332223233323233222
3332323322232333323233222323333232332
3332323322322333232332232233323233223
3332323323222333232332322233323233232
3332323323322333232332332233323233233
3332323332322333232333232233323233323
3332323332333232333233323233323332323
3332323333222333232333322233323233332
3332323333333232333333323233333332323
3332332222322333233222232233323322223
3332332222323333233222232333323322223
3332332223222323332332223222323332332
3332332223222333233222322233323322232
3332332223222333332332223222333332332
3332332223223333233222322333323322232
3332332223322333233222332233323322233
3332332232223233323322322232333233223
3332332232223333323322322233333233223
3332332232322333233223232233323322323
3332332233222333233223322233323322332
3332332322232333233232223233323323222
3332332322232333323323222323333233232
3332332322322333233232232233323323223
3332332323322333233232332233323323233
3332332332333233233233323323323332332
3332332333222333233233322233323323332
3332332333333233233333323323333332332
3332333222322233323332223222333233322
3332333222322333233322232233323332223
3332333222322333323332223223333233322
3332333222323333233322232333323332223
3332333223322333233322332233323332233
3332333232223233323332322232333233323
3332333233222333233323322233323332332
3332333322232233323333222322333233332
3332333322232333233332223233323333222
3332333322232333323333222323333233332
3332333322322333233332232233323333223
3332333323222333233332322233323333232
3332333323322333233332332233323333233
3332333332322333233333232233323333323
3332333333222333233333322233323333332
3333222222322333322222232233332222223
3333222222323333322222232333332222223
3333222223222333322222322233332222232
3333222223223333322222322333332222232
3333222223322333322222332233332222233
3333222232223233332222322232333322223
3333222232223333332222322233333322223
3333222232322333322223232233332222323
3333222233222333322223322233332222332
3333222322232333322232223233332223222
3333222322233333322232223333332223222
3333222322322333322232232233332223223
3333222323222333322232322233332223232
3333222323322333322232332233332223233
3333222332322333322233232233332223323
3333222332333322233233332223323333222
3333222333222333322233322233332223332
3333222333333322233333332223333333222
3333223222322333332232223223333322322
3333223222323333322322232333332232223
3333223223322333322322332233332232233
3333223232223233332232322232333322323
3333223232332333322323233233332232323
3333223233222333322323322233332232332
3333223322232233332233222322333322332
3333223322232333332233222323333322332
3333223322322333322332232233332233223
3333223323222333322332322233332233232
3333223323322333322332332233332233233
3333223332322333322333232233332233323
3333223332333322333233332233323333223
3333223333222333322333322233332233332
3333223333333322333333332233333333223
3333232222322333323222232233332322223
3333232222323333323222232333332322223
3333232223222323333232223222323333232
3333232223222333323222322233332322232
3333232223222333333232223222333333232
3333232223223333323222322333332322232
3333232223322333323222332233332322233
3333232232223233332322322232333323223
3333232232223333332322322233333323223
3333232232322333323223232233332322323
3333232233222333323223322233332322332
3333232322232333323232223233332323222
3333232322322333323232232233332323223
3333232323322233332323233222333323232
3333232323322333323232332233332323233
3333232332223233332323322232333323233
3333232332333323233233332323323333232
3333232333222333323233322233332323332
3333232333333323233333332323333333232
3333233222322233332332223222333323322
3333233222322333323322232233332332223
3333233222322333332332223223333323322
3333233222323333323322232333332332223
3333233223322333323322332233332332233
3333233232223233332332322232333323323
3333233322232233332333222322333323332
3333233322232333323332223233332333222
3333233322232333332333222323333323332
3333233322322333323332232233332333223
3333233323222333323332322233332333232
3333233323322333323332332233332333233
3333233332322333323333232233332333323
3333233333222333323333322233332333332
3333322222322333332222232233333222223
3333322222323333332222232333333222223
3333322223222333332222322233333222232
3333322223223333332222322333333222232
3333322223322333332222332233333222233
3333322232223233333222322232333332223
3333322232223333333222322233333332223
3333322232322333332223232233333222323
3333322233222333332223322233333222332
3333322322232333332232223233333223222
3333322322232333333223222323333332232
3333322322233333332232223333333223222
3333322322322333332232232233333223223
3333322323222333332232322233333223232
3333322323322333332232332233333223233
3333322332322333332233232233333223323
3333322332333332233233333223323333322
3333322333222333332233322233333223332
3333322333333332233333333223333333322
3333323222322233333232223222333332322
3333323222322333333232223223333332322
3333323222323333332322232333333232223
3333323223322333332322332233333232233
3333323232332233333232323322333332323
3333323232332333332323233233333232323
3333323233222333332323322233333232332
3333323322232233333233222322333332332
3333323322232333332332223233333233222
3333323322232333333233222323333332332
3333323322322333332332232233333233223
3333323323222333332332322233333233232
3333323332322333332333232233333233323
3333323332333332333233333233323333323
3333323333222333332333322233333233332
3333323333333332333333333233333333323
3333332222322333333222232233333322223
3333332222323333333222232333333322223
3333332223222323333332223222323333332
3333332223222333333222322233333322232
3333332223222333333332223222333333332
3333332223223333333222322333333322232
3333332223322333333222332233333322233
3333332232223233333322322232333333223
3333332232223333333322322233333333223
3333332232322333333223232233333322323
3333332233222333333223322233333322332
3333332322232333333232223233333323222
3333332322232333333323222323333333232
3333332322322333333232232233333323223
3333332323322333333232332233333323233
3333332332223233333323322232333333233
3333332332322333333233232233333323323
3333332332333333233233333323323333332
3333332333222333333233322233333323332
3333332333333333233333333323333333332
3333333222322233333332223222333333322
3333333222322333333322232233333332223
3333333222322333333332223223333333322
3333333222323333333322232333333332223
3333333223322333333322332233333332233
3333333232223233333332322232333333323
3333333233222333333323322233333332332
3333333322232233333333222322333333332
3333333322232333333332223233333333222
3333333322232333333333222323333333332
3333333322322333333332232233333333223
3333333323222333333332322233333333232
3333333323322333333332332233333333233
3333333332322333333333232233333333323
3333333333222333333333322233333333332
