2222222232222222222322222222223
2222222232322222222323222222223
2222222322222222223222222222232
2222222322322222223223222222232
2222222332222222223322222222233
2222223222222232222222322222223
2222223222322222223222322222223
2222223222332222223222332222223
2222223322222222233222222222332
2222223322222233222222332222223
2222232222222322222223222222232
2222232223222222322232222223222
2222232223232222232223232222232
2222232223322222322233222223222
2222232322222222323222222223232
2222232322222323222223232222232
2222233222222332222223322222233
2222233322222222333222222223332
2222233322222333222223332222233
2222322222223222222232222222322
2222322232232222322232232222322
2222322232322223222323222232223
2222322322223223222232232222322
2222322332222223223322222232233
2222323222223232222232322222323
2222323222322222323222322222323
2222323233222223232332222232323
2222323322222223233222222232332
2222323322223233222232332222323
2222332223222222332223222222332
2222332223232222332223232222332
2222332232222223322322222233223
2222332322222223323222222233232
2222332322223323222233232222332
2222333222223332222233322222333
2222333322222223333222222233332
2222333322223333222233332222333
2223222222232222222322222223222
2223222232222232222322222322223
2223222232322232222323222322223
2223222322323222322232232322232
2223222323223222322232322322232
2223222332222232223322222322233
2223223222232232222322322223223
2223223222322223223222322223223
2223223222332223223222332223223
2223223232222232232322222322323
2223223322232233222322332223223
2223232222232322222323222223232
2223232223222232322232222323222
2223232223322232322233222323222
2223232232222232322322222323223
2223232322232323222323232223232
2223233222232332222323322223233
2223233222322223233222322223233
2223233222332223233222332223233
2223233322222232333222222323332
2223233322232333222323332223233
2223322232222223322232222223322
2223322232222233222322222332223
2223322232232223322232232223322
2223322232322233222323222332223
2223322322233223222332232223322
2223322322322233223223222332232
2223322332222233223322222332233
2223323222233232222332322223323
2223323222322223323222322223323
2223323322222233233222222332332
2223323322233233222332332223323
2223332223222223332223222223332
2223332223222233322232222333222
2223332223232223332223232223332
2223332232222233322322222333223
2223332322222233323222222333232
2223332322233323222333232223332
2223333322222233333222222333332
2232222232222322222322223222223
2232222232322322222323223222223
2232222322222322223222223222232
2232222322322322223223223222232
2232222332222322223322223222233
2232223222323322322232223233223
2232223222332222322232223322223
2232223222332232223222332232223
2232223223222322232232223222322
2232223223222322232322232223223
2232223232223222322322232223232
2232223232322322232323223222323
2232223322222322233222223222332
2232223322322233223222332232223
2232232222322322223223222232232
2232232223222322322232223223222
2232232223222323222322232232223
2232232223322322322233223223222
2232232322322323223223232232232
2232233222322332223223322232233
2232233322222322333222223223332
2232233322322333223223332232233
2232322232222232322232222232322
2232322232223223222322232322232
2232322232232232322232232232322
2232322232322323222323223232223
2232322322323223223232232232322
2232322332222323223322223232233
2232323222323232223232322232323
2232323322222323233222223232332
2232323322323233223232332232323
2232332222323322223233222232332
2232332223222232332223222232332
2232332223222323322232223233222
2232332232222323322322223233223
2232332322222323323222223233232
2232332322323323223233232232332
2232333222323332223233322232333
2232333322222323333222223233332
2232333322323333223233332232333
2233222232222332222322223322223
2233222232322332222323223322223
2233222322222332223222223322232
2233222322232223322232223222332
2233222322233223322232223322332
2233222322332223223322232233222
2233222332222332223322223322233
2233223222322233223222322233223
2233223222332232223322322233223
2233223222332233223222332233223
2233232222332322223323222233232
2233232223222332322232223323222
2233232223232233232223232233232
2233232232222332322322223323223
2233232322332323223323232233232
2233233222322233233222322233233
2233233222332332223323322233233
2233233322222332333222223323332
2233233322332333223323332233233
2233322232222233322232222233322
2233322232222333222322223332223
2233322232232233322232232233322
2233322232322333222323223332223
2233322322333223223332232233322
2233322332222333223322223332233
2233323222322233323222322233323
2233323222333232223332322233323
2233323322222333233222223332332
2233323322333233223332332233323
2233332223222233332223222233332
2233332223222333322232223333222
2233332223232233332223232233332
2233332232222333322322223333223
2233332322222333323222223333232
2233332322333323223333232233332
2233333322222333333222223333332
2322222232223222222322232222223
2322222232323222222323232222223
2322222322223222223222232222232
2322222322323222223223232222232
2322222332223222223322232222233
2322223222322322223222322322223
2322223222332322223222332322223
2322223223222232232222322322223
2322223322223222233222232222332
2322223323222233232222332322223
2322232223223222322232232223222
2322232223223323222322232233232
2322232223232223222322322232223
2322232223232232223222323223222
2322232223232322232223232322232
2322232223322223222322233222232
2322232223322232223222332223222
2322232223323222322233232223222
2322232322223222323222232223232
2322232322323222323223232223232
2322232323222323232223232322232
2322233222322232223322232223222
2322233223222332232223322322233
2322233232323222332323232223323
2322233322223222333222232223332
2322233323222333232223332322233
2322322223223222232232222322322
2322322232232322322232232322322
2322322232323223222323232232223
2322322323223223232232232322322
2322322332223223223322232232233
2322323222322322323222322322323
2322323223223232232232322322323
2322323233223223232332232232323
2322323322223223233222232232332
2322323323223233232232332322323
2322332223222322332223222322332
2322332223232322332223232322332
2322332232223223322322232233223
2322332322223223323222232233232
2322332323223323232233232322332
2322333223223332232233322322333
2322333322223223333222232233332
2322333323223333232233332322333
2323222232223232222322232322223
2323222232323232222323232322223
2323222322223232223222232322232
2323222322232223232223222322232
2323222322232232322232223223232
2323222322323232223223232322232
2323222323232223232322232323222
2323222332223232223322232322233
2323223222322323223222322323223
2323223222332323223222332323223
2323223223232232232322322323223
2323223232223232232322232322323
2323223323232233232322332323223
2323232223223232322232232323222
2323232223232322232323222323232
2323232232223232322322232323223
2323233222322323233222322323233
2323233223232332232323322323233
2323233322223232333222232323332
2323233323232333232323332323233
2323322232222323322232222323322
2323322232223233222322232332223
2323322232232323322232232323322
2323322232323233222323232332223
2323322323233223232332232323322
2323322332223233223322232332233
2323323222322323323222322323323
2323323223233232232332322323323
2323323322223233233222232332332
2323323323233233232332332323323
2323332223222323332223222323332
2323332223223233322232232333222
2323332223232323332223232323332
2323332232223233322322232333223
2323332322223233323222232333232
2323332323233323232333232323332
2323333322223233333222232333332
2332222232223322222322233222223
2332222232323322222323233222223
2332222322223322223222233222232
2332222322323322223223233222232
2332222332223322223322233222233
2332223222322323322232223223233
2332223222322332223222322332223
2332223222323233222322232323322
2332223222332332223222332332223
2332223223322232233222322332223
2332223322223322233222233222332
2332223323322233233222332332223
2332232223223322322232233223222
2332232223232332232223232332232
2332232223322322233223222332232
2332232223323322322233233223222
2332232232323322322323233223223
2332232322223322323222233223232
2332232323322323233223232332232
2332232332223322323322233223233
2332233323322333233223332332233
2332322232222332322232222332322
2332322232232332322232232332322
2332322232323323222323233232223
2332322323323223233232232332322
2332323223323232233232322332323
2332323233223323232332233232323
2332323322223323233222233232332
2332323323323233233232332332323
2332332223222332332223222332332
2332332223223323322232233233222
2332332223232332332223232332332
2332332223323322233233222332332
2332332232223323322322233233223
2332332322223323323222233233232
2332332323323323233233232332332
2332333223323332233233322332333
2332333322223323333222233233332
2332333323323333233233332332333
2333222232223332222322233322223
2333222232323332222323233322223
2333222322223332223222233322232
2333222322232233322232223223332
2333222322233233322232223323332
2333222322323332223223233322232
2333222323332223233322232333222
2333222332223332223322233322233
2333223222322333223222322333223
2333223222332333223222332333223
2333223223332232233322322333223
2333223323332233233322332333223
2333232223223332322232233323222
2333232223232333232223232333232
2333232223332322233323222333232
2333232232223332322322233323223
2333232323332323233323232333232
2333233222322333233222322333233
2333233223332332233323322333233
2333233322223332333222233323332
2333322232222333322232222333322
2333322232223333222322233332223
2333322232232333322232232333322
2333322232323333222323233332223
2333322323333223233332232333322
2333322332223333223322233332233
2333323222322333323222322333323
2333323223333232233332322333323
2333323322223333233222233332332
2333323323333233233332332333323
2333332223222333332223222333332
2333332223223333322232233333222
2333332223232333332223232333332
2333332232223333322322233333223
2333332322223333323222233333232
2333332323333323233333232333332
2333333322223333333222233333332
3222222232332222222323322222223
3222222322332222223223322222232
3222222332232222223322322222233
3222223222323222223222323222223
3222223222333222223222333222223
3222223232222232322222323222223
3222223232232222232322322222323
3222223322232222233222322222332
3222223332222233322222333222223
3222232223232222322232322223222
3222232223332222322233322223222
3222232232222322322223223222232
3222232322232222323222322223232
3222232332222323322223233222232
3222232332232222323322322223233
3222233232222332322223323222233
3222233322232222333222322223332
3222233332222333322223333222233
3222322232232223222323222322232
3222322232232322232223223232223
3222322232322322232223232232223
3222322233222322232223322232223
3222322322232223223222322232232
3222322322232223232223222322322
3222322332223223322232233222322
3222322332232223223322322232233
3222323222322232232223222323222
3222323222333222323222333222323
3222323232223232322232323222323
3222323233232223232332322232323
3222323322232223233222322232332
3222323322332223233223322232332
3222323332223233322232333222323
3222332223222322233222322232223
3222332223233222332223233222332
3222332322232223323222322233232
3222332332223323322233233222332
3222332332232223323322322233233
3222333232223332322233323222333
3222333322232223333222322233332
3222333332223333322233333222333
3223222232332232222323322322223
3223222322232322322232223232232
3223222322233322322232223332232
3223222322332232223223322322232
3223222332232223322322233223222
3223222332232232223322322322233
3223223232232232232322322322323
3223223232232232322322323223223
3223223322232232233222322322332
3223223332232233322322333223223
3223232223232232322232322323222
3223232223233223232223233223232
3223232232232322322323223223232
3223232332232232323322322323233
3223232332232323322323233223232
3223233222323223233222323223233
3223233232232332322323323223233
3223233322232232333222322323332
3223233332232333322323333223233
3223322232232233222322322332223
3223322232233222322332223223322
3223322232233223322232233223322
3223322232332233222323322332223
3223322332232233223322322332233
3223323222323223323222323223323
3223323232233232322332323223323
3223323322232233233222322332332
3223323332233233322332333223323
3223332223232233322232322333222
3223332223233223332223233223332
3223332322232233323222322333232
3223332332232233323322322333233
3223332332233323322333233223332
3223333322232233333222322333332
3232222232332322222323323222223
3232222322332322223223323222232
3232222332232322223322323222233
3232223222323232223222323232223
3232223222323323222322232332322
3232223222333232223222333232223
3232223232232322232322323222323
3232223232322232323222323232223
3232223232332322232323323222323
3232223322232322233222323222332
3232223332322233323222333232223
3232232223232322322232323223222
3232232223233232232223233232232
3232232223332322322233323223222
3232232232322322323223223232232
3232232332232322323322323223233
3232232332322323323223233232232
3232233232232322332322323223323
3232233232322332323223323232233
3232233322232322333222323223332
3232233332322333323223333232233
3232322232233232322232233232322
3232322232332323222323323232223
3232322332232323223322323232233
3232322332323223323232233232322
3232323322232323233222323232332
3232323332323233323232333232323
3232332223232323322232323233222
3232332223233232332223233232332
3232332232323322323233223232332
3232332322232323323222323233232
3232332332232323323322323233233
3232332332323323323233233232332
3232333232323332323233323232333
3232333322232323333222323233332
3232333332323333323233333232333
3233222232332332222323323322223
3233222322232323322232223232332
3233222322233323322232223332332
3233222322332332223223323322232
3233222332232332223322323322233
3233222332332223323322233233222
3233223222323233223222323233223
3233223222333233223222333233223
3233223232232332232322323322323
3233223232332232323322323233223
3233223322232332233222323322332
3233223332332233323322333233223
3233232223232332322232323323222
3233232223233233232223233233232
3233232232332322323323223233232
3233232332232332323322323323233
3233232332332323323323233233232
3233233222323233233222323233233
3233233232332332323323323233233
3233233322232332333222323323332
3233233332332333323323333233233
3233322232233233322232233233322
3233322232332333222323323332223
3233322332232333223322323332233
3233322332333223323332233233322
3233323222323233323222323233323
3233323232333232323332323233323
3233323322232333233222323332332
3233332223232333322232323333222
3233332223233233332223233233332
3233332322232333323222323333232
3233332332232333323322323333233
3233332332333323323333233233332
3233333322232333333222323333332
3322222232233222222322332222223
3322222232333222222323332222223
3322222322233222223222332222232
3322222322333222223223332222232
3322222332233222223322332222233
3322223222323322223222323322223
3322223222333322223222333322223
3322223232233222232322332222323
3322223233222232332222323322223
3322223322233222233222332222332
3322223333222233332222333322223
3322232223233222322232332223222
3322232223333222322233332223222
3322232232233222322322332223223
3322232233222322332223223322232
3322232322233222323222332223232
3322232332233222323322332223233
3322232333222323332223233322232
3322233222323322233222323322233
3322233232233222332322332223323
3322233233222332332223323322233
3322233322233222333222332223332
3322233333222333332223333322233
3322322232233322322232233322322
3322322232333223222323332232223
3322322233223222332232223322322
3322322332233223223322332232233
3322322333223223332232233322322
3322323222323322323222323322323
3322323233223232332232323322323
3322323233233223232332332232323
3322323322233223233222332232332
3322323333223233332232333322323
3322332223223322332223223322332
3322332223233322332223233322332
3322332322233223323222332233232
3322332332233223323322332233233
3322332333223323332233233322332
3322333232233223332322332233323
3322333233223332332233323322333
3322333322233223333222332233332
3322333333223333332233333322333
3323222232233232222322332322223
3323222232333232222323332322223
3323222322232332322232223233232
3323222322233232223222332322232
3323222322233332322232223333232
3323222322333232223223332322232
3323222332233232223322332322233
3323222333232223332322233323222
3323223222323323223222323323223
3323223222333323223222333323223
3323223232233232232322332322323
3323223233232232332322323323223
3323223322233232233222332322332
3323223333232233332322333323223
3323232223233232322232332323222
3323232232233232322322332323223
3323232233232322332323223323232
3323232332223323232332223323232
3323232332233232323322332323233
3323232333232323332323233323232
3323233222323323233222323323233
3323233233232332332323323323233
3323233322233232333222332323332
3323233333232333332323333323233
3323322232223323322232223323322
3323322232233233222322332332223
3323322232233323322232233323322
3323322232333233222323332332223
3323322332233233223322332332233
3323322333233223332332233323322
3323323233233232332332323323323
3323323333233233332332333323323
3323332223223323332223223323332
3323332223233233322232332333222
3323332223233323332223233323332
3323332232233233322322332333223
3323332233233322332333223323332
3323332322233233323222332333232
3323332332233233323322332333233
3323333232233233332322332333323
3323333322233233333222332333332
3332222232233322222322333222223
3332222232333322222323333222223
3332222322233322223222333222232
3332222322333322223223333222232
3332222332233322223322333222233
3332223222323332223222323332223
3332223222333332223222333332223
3332223232233322232322333222323
3332223233322232333222323332223
3332223322233322233222333222332
3332223333322233333222333332223
3332232223233322322232333223222
3332232223233332232223233332232
3332232223333322322233333223222
3332232232233322322322333223223
3332232233322322333223223332232
3332232322233322323222333223232
3332232332233322323322333223233
3332232333322323333223233332232
3332233232233322332322333223323
3332233233322332333223323332233
3332233322233322333222333223332
3332233333322333333223333332233
3332322232223332322232223332322
3332322232233332322232233332322
3332322232333323222323333232223
3332322332233323223322333232233
3332322333323223333232233332322
3332323233223332323233223332323
3332323233233323232332333232323
3332323233323232333232323332323
3332323322233323233222333232332
3332323333323233333232333332323
3332332223223332332223223332332
3332332223233323322232333233222
3332332223233332332223233332332
3332332232233323322322333233223
3332332233323322333233223332332
3332332322233323323222333233232
3332332333323323333233233332332
3332333232233323332322333233323
3332333322233323333222333233332
3332333333323333333233333332333
3333222232233332222322333322223
3333222232333332222323333322223
3333222322232333322232223233332
3333222322233332223222333322232
3333222322233333322232223333332
3333222322333332223223333322232
3333222332233332223322333322233
3333222333332223333322233333222
3333223222323333223222323333223
3333223222333333223222333333223
3333223232233332232322333322323
3333223233332232333322323333223
3333223322233332233222333322332
3333223333332233333322333333223
3333232223233332322232333323222
3333232223233333232223233333232
3333232232233332322322333323223
3333232233332322333323223333232
3333232332233332323322333323233
3333232333332323333323233333232
3333233222323333233222323333233
3333233232233332332322333323323
3333233233332332333323323333233
3333233322233332333222333323332
3333233333332333333323333333233
3333322232223333322232223333322
3333322232233333222322333332223
3333322232233333322232233333322
3333322232333333222323333332223
3333322332233333223322333332233
3333322333333223333332233333322
3333323222323333323222323333323
3333323233333232333332323333323
3333323322233333233222333332332
3333323333333233333332333333323
3333332223223333332223223333332
3333332223233333322232333333222
3333332223233333332223233333332
3333332232233333322322333333223
3333332322233333323222333333232
3333332332233333323322333333233
3333332333333323333333233333332
3333333232233333332322333333323
3333333322233333333222333333332
