22222322222232222223
22223222222322222232
22223232222323222232
22232222223222222322
22232223232223222323
22232223322232223322
22232232223223222322
22232322223232222323
22233222223322222332
22322232232223222323
22322232322232223223
22322233223222332232
22322322232223232223
22322322232232223223
22322332232233223223
22323222322232232223
22323322232332223233
22332222233222223322
22332322233232223323
22333222233322223332
22333222333222333222
22333322333322333322
23222322232322232223
23222322322232232223
23222322323222322323
23222323232223232322
23232222323222232322
23322232323322232323
23322322332232233223
23323322332332233233
23323332332333233233
23332222333222233322
23332322333232233323
23333222333322233332
32222323222232322223
32223222322322232223
32223223222322232322
32223223322232233222
32223232223222322322
32223233222323322232
32223323222332322233
32232223223222322322
32232322322323223223
32232323223232322323
32233223223322322332
32322323232232323223
32323323232332323233
32332223233222323322
32332323233232323323
32333223233322323332
32333232333232333232
32333332333332333332
33222322233222322233
33222322332223223322
33222323322232332223
33222323332223233322
33223223322322332232
33223323322332332233
33232223323222332322
33232323323232332323
33233223323322332332
33322232333222323332
33322323332232333223
33323223332322333232
33323323332332333233
33323333332333333233
33332223333222333322
33332323333232333323
33333223333322333332
