2222322222232222223
2222323222232322223
2223222222322222232
2223222232222322223
2223222332223222332
2223223222322322232
2223322222332222233
2223322233222332223
2232222322223222232
2232223223222322232
2232223232223222322
2232223322322233223
2232232223222323222
2232322232223223222
2232322323223232232
2233222223322222332
2233222332223322233
2233322333223332233
2322223222232222322
2322232223232223222
2322232232223223222
2322323223232232322
2323222232322223232
2323223232232322323
2323323233232332323
2332323323233232332
2333222233322223332
2333223332233322333
2333323333233332333
3222232222322223222
3222322232232223222
3222322322232223232
3222322332223223322
3222323222322232232
3222323322232332223
3222332223322233222
3223222322322232232
3223232232322323223
3223322322332232233
3223332233322333223
3232232322323223232
3232332323233232323
3232332323323233232
3233222323322232332
3233232332323323233
3233332333323333233
3322232233222322332
3322232332223233222
3322232333222323332
3322322332232233223
3322333223332233322
3323222332322233232
3323233232332323323
3323322332332233233
3323333233332333323
3332322333232233323
3332333323333233332
3333222333322233332
