222322222232222223
222322233222322233
222322322232232223
222332223322233222
223222322322232223
223222323222322232
223223222322232322
223232223222322322
223322222332222233
223322233222332223
223332233322333223
232223222323222322
232223223222322322
232322223232222323
232322323223232232
232332323323233232
233322333223332233
233332333323333233
322232223223222322
322232232223222323
322232233222322332
322232322232223223
322232332223233222
322322232232223223
322323223232232322
322333223332233322
323233232323323232
323322232332223233
323323233232332323
323333233332333323
332223223322232233
332223233222323322
332322233232223323
332323323233232332
332333323333233332
