22222222232222222222322222222223
22222222322222222223222222222232
22222222323222222223232222222232
22222223222222222232222222222322
22222223223222222232232222222322
22222223232222222232322222222323
22222223322222222233222222222332
22222232223222222232223222222232
22222232223322222232223322222232
22222232232222222322322222223223
22222232332222222323322222223233
22222233222222222332222222223322
22222233232222222332322222223323
22222233322222222333222222223332
22222322232222223222322222232223
22222322232232222232223223222223
22222322232322222322232322222322
22222322233222223222332222232223
22222323222222223232222222232322
22222332232222223322322222233223
22222332332222223323322222233233
22222332333222223323332222233233
22222333222222223332222222233322
22222333232222223332322222233323
22222333322222223333222222233332
22223222232222232222322222322223
22223222233222232222332222322223
22223222322322223222322322223222
22223222323222232223232222322232
22223223232222232232322222322323
22223223322222232233222222322332
22223232223222223232223222223232
22223232232222232322322222323223
22223232332222232323322222323233
22223233222222232332222222323322
22223233232222232332322222323323
22223233322222232333222222323332
22223322232222222332223222222233
22223322232222223322232222223322
22223322232232222332223223222233
22223322232322223322232322223322
22223322322222233223222222332232
22223322333222233223332222332233
22223323222222233232222222332322
22223323232222233232322222332323
22223332223222223332223222223332
22223332232222233322322222333223
22223332332222233323322222333233
22223332333222233323332222333233
22223333222222233332222222333322
22223333232222233332322222333323
22223333322222233333222222333332
22232222232222322222322223222223
22232222322222322223222223222232
22232222323222322223232223222232
22232223223232223222322323222322
22232223232222322232322223222323
22232223232232223222323223222322
22232223233222322232332223222323
22232223322222322233222223222332
22232232223222232232223222232232
22232232223322232232223322232232
22232232322222322323222223223232
22232232332222322323322223223233
22232233232222322332322223223323
22232233322222322333222223223332
22232322232222223232223222222323
22232322232222323222322223232223
22232322232232223232223223222323
22232322233222323222332223232223
22232322322222323223222223232232
22232323222222323232222223232322
22232323322222232323322222232323
22232332223222232332223222232332
22232332223322232332223322232332
22232332232222323322322223233223
22232332332222323323322223233233
22232332333222323323332223233233
22232333222222323332222223233322
22232333222232333222232333222232
22232333232222323332322223233323
22232333322222323333222223233332
22232333322232333322232333322232
22233222232222332222322223322223
22233222322222233222322222233222
22233222322222332223222223322232
22233222322322233222322322233222
22233222323222332223232223322232
22233222333222332223332223322233
22233223223222332232232223322322
22233223232222332232322223322323
22233223322222332233222223322332
22233232223222233232223222233232
22233232232222332322322223323223
22233232332222332323322223323233
22233233222222332332222223323322
22233233232222332332322223323323
22233322232222233322232222233322
22233322232222333222322223332223
22233322232322233322232322233322
22233322322222333223222223332232
22233323222222333232222223332322
22233323232222333232322223332323
22233332223222233332223222233332
22233332232222333322322223333223
22233332332222333323322223333233
22233332333222333323332223333233
22233333222222333332222223333322
22233333232222333332322223333323
22233333322222333333222223333332
22322222232223222222322232222223
22322222322223222223222232222232
22322222323223222223232232222232
22322223222223222232222232222322
22322223223223222232232232222322
22322223232223222232322232222323
22322223322223222233222232222332
22322232223233223222322232332232
22322232223322223222322233222232
22322232223322322232223322322232
22322232232223222322322232223223
22322232232223222323222322232232
22322232233223222322332232223223
22322232322232223223222322232322
22322232323223222323232232223232
22322232332223222323322232223233
22322233222223222332222232223322
22322233232223222332322232223323
22322233322223222333222232223332
22322322232223223222322232232223
22322322232223232223222322322232
22322322233223223222332232232223
22322332232223223322322232233223
22322332332223223323322232233233
22322332333223223323332232233233
22322333222223223332222232233322
22322333222322333222322333222322
22322333232223223332322232233323
22322333322223223333222232233332
22322333322322333322322333322322
22323222232223232222322232322223
22323222322222323222322222323222
22323222322232223232223222322232
22323222322232232223222323222322
22323222322322323222322322323222
22323222323223232223232232322232
22323223232223232232322232322323
22323223322223232233222232322332
22323232232223232322322232323223
22323232332223232323322232323233
22323233222223232332222232323322
22323233232223232332322232323323
22323233322223232333222232323332
22323322232222232332223222223233
22323322232222323322232222323322
22323322232223233222322232332223
22323322232232232332223223223233
22323322322223233223222232332232
22323322333223233223332232332233
22323323222223233232222232332322
22323332223222323332223222323332
22323332232223233322322232333223
22323332332223233323322232333233
22323332333223233323332232333233
22323333222223233332222232333322
22323333232223233332322232333323
22323333322223233333222232333332
22332222232223322222322233222223
22332222322223322223222233222232
22332222323223322223232233222232
22332223222223322232222233222322
22332223222322233222322232223322
22332223222323223322232223232233
22332223222332233222322233223322
22332223232223322232322233222323
22332223322223322233222233222332
22332232223222332232223222332232
22332232223322332232223322332232
22332232232223322322322233223223
22332232233223322322332233223223
22332232332223322323322233223233
22332233232223322332322233223323
22332233322223322333222233223332
22332322232222233232223222223323
22332322232223323222322233232223
22332322232232233232223223223323
22332322232322332322232322332322
22332322322223323223222233232232
22332322332223323223322233232233
22332322333223323223332233232233
22332323222223323232222233232322
22332323233222332323233222332323
22332332223222332332223222332332
22332332232223323322322233233223
22332333222223323332222233233322
22332333222332333222332333222332
22332333232223323332322233233323
22332333322223323333222233233332
22332333322332333322332333322332
22333222232223332222322233322223
22333222322222333222322222333222
22333222322223332223222233322232
22333222322322333222322322333222
22333222323223332223232233322232
22333223232223332232322233322323
22333223322223332233222233322332
22333232223222333232223222333232
22333232232223332322322233323223
22333232332223332323322233323233
22333233222223332332222233323322
22333322232222333322232222333322
22333322232223333222322233332223
22333322232322333322232322333322
22333322322223333223222233332232
22333323222223333232222233332322
22333323232223333232322233332323
22333332223222333332223222333332
22333332232223333322322233333223
22333332332223333323322233333233
22333332333223333323332233333233
22333333222223333332222233333322
22333333232223333332322233333323
22333333322223333333222233333332
23222222232232222222322322222223
23222222322232222223222322222232
23222222323232222223232322222232
23222223222232222232222322222322
23222223223232222232232322222322
23222223232232222232322322222323
23222223322232222233222322222332
23222232223223222232223223222232
23222232223323222232223323222232
23222232232232222322322322223223
23222232332232222323322322223233
23222233222232222332222322223322
23222233232232222332322322223323
23222233322232222333222322223332
23222322232232223222322322232223
23222322232233232223222322332322
23222322232322232223223222322232
23222322232322322232223232232223
23222322232323222322232323222322
23222322233222232223222332222322
23222322233222322232223322232223
23222322233232223222332322232223
23222323222232223232222322232322
23222323223232223232232322232322
23222332223222322233222322232223
23222332232232223322322322233223
23222332323232223323232322233232
23222332332232223323322322233233
23222332333232223323332322233233
23222333222232223332222322233322
23222333223222333223222333223222
23222333232232223332322322233323
23222333233232223332332322233323
23222333322232223333222322233332
23222333323222333323222333323222
23223222232232232222322322322223
23223222322323223222322323223222
23223222323232232223232322322232
23223223232232232232322322322323
23223223322232232233222322322332
23223232223223223232223223223232
23223232232232232322322322323223
23223232332232232323322322323233
23223233222232232332222322323322
23223233232232232332322322323323
23223233322232232333222322323332
23223322232222322332223222232233
23223322232223223322232223223322
23223322232232322332223223232233
23223322232323223322232323223322
23223322322232233223222322332232
23223322333232233223332322332233
23223323222232233232222322332322
23223323232232233232322322332323
23223332223223223332223223223332
23223332232232233322322322333223
23223332332232233323322322333233
23223332333232233323332322333233
23223333222232233332222322333322
23223333232232233332322322333323
23223333322232233333222322333332
23232222232232322222322323222223
23232222322232322223222323222232
23232222323232322223232323222232
23232223222232322232222323222322
23232223222322232322232223222323
23232223222322323222322232232322
23232223222332323222322233232322
23232223223232322232232323222322
23232223232232322232322323222323
23232223233232322232332323222323
23232223322232322233222323222332
23232232223223232232223223232232
23232232223323232232223323232232
23232232232232322322322323223223
23232232233232322322332323223223
23232232322232322323222323223232
23232232332232322323322323223233
23232233232232322332322323223323
23232233322232322333222323223332
23232322232232323222322323232223
23232322232323232322232323232322
23232322322232323223222323232232
23232323222232323232222323232322
23232332223222323233222322232323
23232332223223232332223223232332
23232332232232323322322323233223
23232332332232323323322323233233
23232332333232323323332323233233
23232333222232323332222323233322
23232333223232333223232333223232
23232333232232323332322323233323
23232333322232323333222323233332
23232333323232333323232333323232
23233222232232332222322323322223
23233222322223233222322223233222
23233222322232332223222323322232
23233222322323233222322323233222
23233222323232332223232323322232
23233223322232332233222323322332
23233232223223233232223223233232
23233232232232332322322323323223
23233232332232332323322323323233
23233232333232332323332323323233
23233233222232332332222323323322
23233322232223233322232223233322
23233322232232333222322323332223
23233322232323233322232323233322
23233322322232333223222323332232
23233323222232333232222323332322
23233323232232333232322323332323
23233332223223233332223223233332
23233332232232333322322323333223
23233332332232333323322323333233
23233332333232333323332323333233
23233333222232333332222323333322
23233333232232333332322323333323
23233333322232333333222323333332
23322222232233222222322332222223
23322222322233222223222332222232
23322222323233222223232332222232
23322223222233222232222332222322
23322223223233222232232332222322
23322223232233222232322332222323
23322223322233222233222332222332
23322232223223233222322232232332
23322232223223322232223223322232
23322232223232332223222323233222
23322232223323322232223323322232
23322232332233222323322332223233
23322233222233222332222332223322
23322233232233222332322332223323
23322233322233222333222332223332
23322322232232332232223223233223
23322322232233223222322332232223
23322322232323322322232323322322
23322322233233223222332332232223
23322322323233223223232332232232
23322323222233223232222332232322
23322323322233223233222332232332
23322332332233223323322332233233
23322332333233223323332332233233
23322333223322333223322333223322
23322333232233223332322332233323
23322333322233223333222332233332
23322333323322333323322333323322
23323222232233232222322332322223
23323222322223323222322223323222
23323222322323323222322323323222
23323222323233232223232332322232
23323223232233232232322332322323
23323232232233232322322332323223
23323232332233232323322332323233
23323233222233232332222332323322
23323233232233232332322332323323
23323233322233232333222332323332
23323322232222332332223222233233
23323322232223323322232223323322
23323322232232332332223223233233
23323322232233233222322332332223
23323322232323323322232323323322
23323322322233233223222332332232
23323322332233233223322332332233
23323322333233233223332332332233
23323323222233233232222332332322
23323332223223323332223223323332
23323332232233233322322332333223
23323332332233233323322332333233
23323332333233233323332332333233
23323333222233233332222332333322
23323333232233233332322332333323
23323333322233233333222332333332
23332222232233322222322333222223
23332222322233322223222333222232
23332222323233322223232333222232
23332223222233322232222333222322
23332223222322333222322232233322
23332223222332333222322233233322
23332223223233322232232333222322
23332223232233322232322333222323
23332223322233322233222333222332
23332232223223332232223223332232
23332232223323332232223323332232
23332232232233322322322333223223
23332232233233322322332333223223
23332232332233322323322333223233
23332233232233322332322333223323
23332233322233322333222333223332
23332322232222333232223222233323
23332322232232333232223223233323
23332322232233323222322333232223
23332322232323332322232323332322
23332322322233323223222333232232
23332323222233323232222333232322
23332323233223332323233223332323
23332332223223332332223223332332
23332332232233323322322333233223
23332332332233323323322333233233
23332332333233323323332333233233
23332333222233323332222333233322
23332333223332333223332333223332
23332333232233323332322333233323
23332333323332333323332333323332
23333222232233332222322333322223
23333222322223333222322223333222
23333222322233332223222333322232
23333222322323333222322323333222
23333222323233332223232333322232
23333223232233332232322333322323
23333223322233332233222333322332
23333232223223333232223223333232
23333232232233332322322333323223
23333232332233332323322333323233
23333233222233332332222333323322
23333322232223333322232223333322
23333322232233333222322333332223
23333322232323333322232323333322
23333322322233333223222333332232
23333323222233333232222333332322
23333323232233333232322333332323
23333332223223333332223223333332
23333332232233333322322333333223
23333332332233333323322333333233
23333332333233333323332333333233
23333333222233333332222333333322
23333333232233333332322333333323
23333333322233333333222333333332
32222222232322222222323222222223
32222222323322222223233222222232
32222222332322222223323222222233
32222223223322222232233222222322
32222223232322222232323222222323
32222223322322222233223222222332
32222232223232222232223232222232
32222232223332222232223332222232
32222232232322222322323222223223
32222232322322222323223222223232
32222232332322222323323222223233
32222233222322222332223222223322
32222233322322222333223222223332
32222322232322223222323222232223
32222322233322223222333222232223
32222322332322223223323222232233
32222323222322223232223222232322
32222323322322223233223222232332
32222332332322223323323222233233
32222332333322223323333222233233
32222333222322223332223222233322
32222333322322223333223222233332
32223222232322232222323222322223
32223222233322232222333222322223
32223222322322232223232223222322
32223222322323222322232232322232
32223222323223222322232322322232
32223222332223222322233222322232
32223222332322232223323222322233
32223223222322232232223222322322
32223223222322232322232223223222
32223223232322232232323222322323
32223223322322232233223222322332
32223232223222322322232223232223
32223232223332223232223332223232
32223232232322232322323222323223
32223232332322232323323222323233
32223233222322232332223222323322
32223233223322232332233222323322
32223233232322232332323222323323
32223233322322232333223222323332
32223322232223222332223222322233
32223322232233222332223223322233
32223322232332223322232332223322
32223322332322233223323222332233
32223322333322233223333222332233
32223323222322233232223222332322
32223323232322233232323222332323
32223323322322233233223222332332
32223332223232223332223232223332
32223332232322233322323222333223
32223332332322233323323222333233
32223332333322233323333222333233
32223333222322233332223222333322
32223333322322233333223222333332
32232222232322322222323223222223
32232222323322322223233223222232
32232222332322322223323223222233
32232223222323223222322232322322
32232223222333223222322233322322
32232223223322322232233223222322
32232223232322322232323223222323
32232223233322322232333223222323
32232223322322322233223223222332
32232232322322322323223223223232
32232232332322322323323223223233
32232233222322322332223223223322
32232233322322322333223223223332
32232322232233223232223223322323
32232322232322323222323223232223
32232322232332232322232332232322
32232322332322323223323223232233
32232323222322323232223223232322
32232323322232232323322232232323
32232323322322323233223223232332
32232332223232232332223232232332
32232332232322323322323223233223
32232332332322323323323223233233
32232332333322323323333223233233
32232333222322323332223223233322
32232333232232333232232333232232
32232333322322323333223223233332
32232333332232333332232333332232
32233222232322332222323223322223
32233222322322332223223223322232
32233222322332233222322332233222
32233222323322332223233223322232
32233222332322332223323223322233
32233222333322332223333223322233
32233223232322332232323223322323
32233223322322332233223223322332
32233232223232233232223232233232
32233232332322332323323223323233
32233233222322332332223223323322
32233233232322332332323223323323
32233322232322333222323223332223
32233322232332233322232332233322
32233322332322333223323223332233
32233323222322333232223223332322
32233323232322333232323223332323
32233323322322333233223223332332
32233332223232233332223232233332
32233332232322333322323223333223
32233332332322333323323223333233
32233332333322333323333223333233
32233333222322333332223223333322
32233333322322333333223223333332
32322222232323222222323232222223
32322222323323222223233232222232
32322222332323222223323232222233
32322223223323222232233232222322
32322223232323222232323232222323
32322223322323222233223232222332
32322232223232322232223232322232
32322232223233232223222323323222
32322232223332322232223332322232
32322232232323222322323232223223
32322232322323222323223232223232
32322232323323222323233232223232
32322232332323222323323232223233
32322233222323222332223232223322
32322233233323222332333232223323
32322233322323222333223232223332
32322322232233232232223223323223
32322322232323223222323232232223
32322322232332322322232332322322
32322322233323223222333232232223
32322322332323223223323232232233
32322323322323223233223232232332
32322332322323223323223232233232
32322332332323223323323232233233
32322332333323223323333232233233
32322333222323223332223232233322
32322333232322333232322333232322
32322333322323223333223232233332
32322333332322333332322333332322
32323222232323232222323232322223
32323222322332323222322332323222
32323222323323232223233232322232
32323222332323232223323232322233
32323223232323232232323232322323
32323223322323232233223232322332
32323232232323232322323232323223
32323232332323232323323232323233
32323233222323232332223232323322
32323233232323232332323232323323
32323233322323232333223232323332
32323322232233232332223223323233
32323322232323233222323232332223
32323322232332323322232332323322
32323322332323233223323232332233
32323322333323233223333232332233
32323323222323233232223232332322
32323323232323233232323232332323
32323323233323233232333232332323
32323323322323233233223232332332
32323332223232323332223232323332
32323332232323233322323232333223
32323332332323233323323232333233
32323332333323233323333232333233
32323333222323233332223232333322
32323333322323233333223232333332
32332222232323322222323233222223
32332222323323322223233233222232
32332222332323322223323233222233
32332223222323233222322232323322
32332223222333233222322233323322
32332223223323322232233233222322
32332223232323322232323233222323
32332223322323322233223233222332
32332232223232332232223232332232
32332232223332332232223332332232
32332232232323322322323233223223
32332232233323322322333233223223
32332232322323322323223233223232
32332232332323322323323233223233
32332233222323322332223233223322
32332233322323322333223233223332
32332322232233233232223223323323
32332322232323323222323233232223
32332322232332332322232332332322
32332322332323323223323233232233
32332323222323323232223233232322
32332323322323323233223233232332
32332332223232332332223232332332
32332333222323323332223233233322
32332333232332333232332333232332
32332333322323323333223233233332
32332333332332333332332333332332
32333222232323332222323233322223
32333222322332333222322332333222
32333222323323332223233233322232
32333222332323332223323233322233
32333223232323332232323233322323
32333223322323332233223233322332
32333232223232333232223232333232
32333232232323332322323233323223
32333232332323332323323233323233
32333233222323332332223233323322
32333322232323333222323233332223
32333322232332333322232332333322
32333322332323333223323233332233
32333323222323333232223233332322
32333323232323333232323233332323
32333323322323333233223233332332
32333332223232333332223232333332
32333332232323333322323233333223
32333332332323333323323233333233
32333332333323333323333233333233
32333333222323333332223233333322
32333333322323333333223233333332
33222222232332222222323322222223
33222222322332222223223322222232
33222222323332222223233322222232
33222222332332222223323322222233
33222223222332222232223322222322
33222223223332222232233322222322
33222223232332222232323322222323
33222223322332222233223322222332
33222232223233222232223233222232
33222232223333222232223333222232
33222232232332222322323322223223
33222232322332222323223322223232
33222232332332222323323322223233
33222233222332222332223322223322
33222233232332222332323322223323
33222233322332222333223322223332
33222322232332223222323322232223
33222322233332223222333322232223
33222322322332223223223322232232
33222322332332223223323322232233
33222323222332223232223322232322
33222323322332223233223322232332
33222332223233222332223233222332
33222332232332223322323322233223
33222332322332223323223322233232
33222332332332223323323322233233
33222332333332223323333322233233
33222333222332223332223322233322
33222333232332223332323322233323
33222333233222333233222333233222
33222333322332223333223322233332
33222333333222333333222333333222
33223222232332232222323322322223
33223222322333223222322333223222
33223222323332232223233322322232
33223222332332232223323322322233
33223223232332232232323322322323
33223223322332232233223322322332
33223232223233223232223233223232
33223232232332232322323322323223
33223232332332232323323322323233
33223233222332232332223322323322
33223233232332232332323322323323
33223233322332232333223322323332
33223322232223322332223222332233
33223322232233223322232233223322
33223322232233322332223223332233
33223322232333223322232333223322
33223322322332233223223322332232
33223322332332233223323322332233
33223322333332233223333322332233
33223323222332233232223322332322
33223323232332233232323322332323
33223323322332233233223322332332
33223332223233223332223233223332
33223332232332233322323322333223
33223332322332233323223322333232
33223332332332233323323322333233
33223332333332233323333322333233
33223333222332233332223322333322
33223333232332233332323322333323
33223333322332233333223322333332
33232222232332322222323323222223
33232222322332322223223323222232
33232222323332322223233323222232
33232222332332322223323323222233
33232223222323323222322232332322
33232223222323332322232223233323
33232223222332322232223323222322
33232223222333323222322233332322
33232223223332322232233323222322
33232223232332322232323323222323
33232223233332322232333323222323
33232223322332322233223323222332
33232232223233232232223233232232
33232232223333232232223333232232
33232232232332322322323323223223
33232232233332322322333323223223
33232232322332322323223323223232
33232232332332322323323323223233
33232233222332322332223323223322
33232233232332322332323323223323
33232233322332322333223323223332
33232322232332323222323323232223
33232322232333232322232333232322
33232322322332323223223323232232
33232322332332323223323323232233
33232323222332323232223323232322
33232323322233232323322233232323
33232323322332323233223323232332
33232332223233232332223233232332
33232332232332323322323323233223
33232332332332323323323323233233
33232332333332323323333323233233
33232333222332323332223323233322
33232333232332323332323323233323
33232333233232333233232333233232
33232333322332323333223323233332
33232333333232333333232333333232
33233222232332332222323323322223
33233222322233233222322233233222
33233222322332332223223323322232
33233222322333233222322333233222
33233222323332332223233323322232
33233222332332332223323323322233
33233223232332332232323323322323
33233223322332332233223323322332
33233232223233233232223233233232
33233232232332332322323323323223
33233232332332332323323323323233
33233232333332332323333323323233
33233233222332332332223323323322
33233233322332332333223323323332
33233322232233233322232233233322
33233322232332333222323323332223
33233322232333233322232333233322
33233322322332333223223323332232
33233322332332333223323323332233
33233323222332333232223323332322
33233323232332333232323323332323
33233323322332333233223323332332
33233332223233233332223233233332
33233332232332333322323323333223
33233332322332333323223323333232
33233332332332333323323323333233
33233332333332333323333323333233
33233333222332333332223323333322
33233333232332333332323323333323
33233333322332333333223323333332
33322222232333222222323332222223
33322222322333222223223332222232
33322222323333222223233332222232
33322222332333222223323332222233
33322223222333222232223332222322
33322223223333222232233332222322
33322223232333222232323332222323
33322223322333222233223332222332
33322232223233322232223233322232
33322232223333322232223333322232
33322232232333222322323332223223
33322232322333222323223332223232
33322232332333222323323332223233
33322233222333222332223332223322
33322233232333222332323332223323
33322233322333222333223332223332
33322322232233332232223223333223
33322322232333223222323332232223
33322322232333322322232333322322
33322322233333223222333332232223
33322322322333223223223332232232
33322322332333223223323332232233
33322323222333223232223332232322
33322323322333223233223332232332
33322332322333223323223332233232
33322332332333223323323332233233
33322332333333223323333332233233
33322333222333223332223332233322
33322333232333223332323332233323
33322333233322333233322333233322
33322333322333223333223332233332
33322333333322333333322333333322
33323222232333232222323332322223
33323222322233323222322233323222
33323222322333323222322333323222
33323222323333232223233332322232
33323222332333232223323332322233
33323223232333232232323332322323
33323223322333232233223332322332
33323232232333232322323332323223
33323232332233323232332233323232
33323232332333232323323332323233
33323233222333232332223332323322
33323233232333232332323332323323
33323233322333232333223332323332
33323322232223332332223222333233
33323322232233323322232233323322
33323322232233332332223223333233
33323322232333233222323332332223
33323322232333323322232333323322
33323322322333233223223332332232
33323322332333233223323332332233
33323322333333233223333332332233
33323323222333233232223332332322
33323323232333233232323332332323
33323332223233323332223233323332
33323332232333233322323332333223
33323332322333233323223332333232
33323332333333233323333332333233
33323333222333233332223332333322
33323333232333233332323332333323
33323333322333233333223332333332
33332222232333322222323333222223
33332222322333322223223333222232
33332222323333322223233333222232
33332222332333322223323333222233
33332223222323333222322232333322
33332223222333322232223333222322
33332223222333333222322233333322
33332223223333322232233333222322
33332223232333322232323333222323
33332223322333322233223333222332
33332232223233332232223233332232
33332232223333332232223333332232
33332232232333322322323333223223
33332232233333322322333333223223
33332232322333322323223333223232
33332232332333322323323333223233
33332233222333322332223333223322
33332233232333322332323333223323
33332233322333322333223333223332
33332322232223333232223222333323
33332322232233333232223223333323
33332322232333323222323333232223
33332322232333332322232333332322
33332322322333323223223333232232
33332322332333323223323333232233
33332323222333323232223333232322
33332323233233332323233233332323
33332323322333323233223333232332
33332332223233332332223233332332
33332332232333323322323333233223
33332332322333323323223333233232
33332332332333323323323333233233
33332332333333323323333333233233
33332333222333323332223333233322
33332333232333323332323333233323
33332333233332333233332333233332
33332333322333323333223333233332
33332333333332333333332333333332
33333222232333332222323333322223
33333222322233333222322233333222
33333222322333332223223333322232
33333222322333333222322333333222
33333222323333332223233333322232
33333222332333332223323333322233
33333223232333332232323333322323
33333223322333332233223333322332
33333232223233333232223233333232
33333232232333332322323333323223
33333232332333332323323333323233
33333233222333332332223333323322
33333233322333332333223333323332
33333322232233333322232233333322
33333322232333333222323333332223
33333322232333333322232333333322
33333322322333333223223333332232
33333322332333333223323333332233
33333323222333333232223333332322
33333323232333333232323333332323
33333323322333333233223333332332
33333332223233333332223233333332
33333332232333333322323333333223
33333332322333333323223333333232
33333332332333333323323333333233
33333332333333333323333333333233
33333333222333333332223333333322
33333333232333333332323333333323
33333333322333333333223333333332
