33333333333333333333333
33323332333233323332333
23332333233323332333233
33233233233233233233233
32223222323322232223233
23322332233223322332233
33333233333332333333323
23333233233332332333323
32333233323332333233323
22333233223332332233323
33233233332332333323323
23323323323323323323323
23233233232332332323323
32233233322332333223323
22233233222332332223323
33323233333232333332323
23323233233232332332323
32323232323232323232323
33223233332232333322323
23223233232232332322323
32223233322232333222323
22223233222232332222323
22332233223322332233223
33232233332322333323223
23232233232322332323223
23223223223223223223223
22232233222322332223223
23322232233222322332223
22322232223222322232223
33332233332233332233332
33233323332333233323332
23332223332223332223332
32332332332332332332332
33223322332233223322332
22332222332222332222332
23332323233323232333232
22332323223323232233232
23232323232323232323232
32232232232232232232232
23222322232223222322232
33322233322233322233322
32233223322332233223322
23322223322223322223322
32322232322232322232322
33223222332232223322322
22322322322322322322322
32223222322232223222322
22322232222322232222322
33222233222233222233222
23322232223222332223222
22232223222322232223222
22222222222222222222222
