333333333333333333333333
333323333233332333323333
233332333323333233332333
233322333223332233322333
323333233332333323333233
323323233232332323323233
223332233322333223332233
232233222232233222232233
223322233222332223322233
332333323333233332333323
332323323233232332323323
232332323323233232332323
232322323223232232322323
322333223332233322333223
333223222333223222333223
322323223232232322323223
222332223322233222332223
233222322232223322232223
222322223222232222322223
222322232222232223222223
333233332333323333233332
333223332233322333223332
233232332323323233232332
322232223233222322232332
233222332223322233222332
323233232332323323233232
323223232232322323223232
223232232322323223232232
223222232222322223222232
332233322333223332233322
332223322233222332223322
232232322323223232232322
232222322223222232222322
322233222332223322233222
223222322223222322223222
322223222232222322223222
222232222322223222232222
222222222222222222222222
