33333333333333333333333333
33233233233233233233233233
33333323333333323333333323
23333323323333323323333323
32333323332333323332333323
22333323322333323322333323
33233323333233323333233323
23233323323233323323233323
32233323332233323332233323
22233323322233323322233323
33323323333323323333323323
23323323323323323323323323
32323323332323323332323323
22323323322323323322323323
33223323333223323333223323
23223323323223323323223323
32223323332223323332223323
22223323322223323322223323
33332323333332323333332323
23332323323332323323332323
32332323332332323332332323
22332323322332323322332323
33322323333322323333322323
23322323323322323323322323
32322323332322323332322323
22322323322322323322322323
33222323333222323333222323
32222323332222323332222323
22222323322222323322222323
33323223333323223333323223
23323223323323223323323223
32323223332323223332323223
22323223322323223322323223
22322323232232232323223223
23223223223223223223223223
32223223332223223332223223
22223223322223223322223223
32332332332332332332332332
22233222322223322232222332
23333232323333232323333232
22333232322333232322333232
23223232323223232323223232
22223232322223232322223232
23332232323332232323332232
22332232322332232322332232
23232232323232232323232232
32232232232232232232232232
22232232322232232322232232
22322232222322232222322232
23223322223223322223223322
33322322233322322233322322
22322322322322322322322322
23322232223222332223222322
22232223222223222322222322
32223222323322232223233222
22222222222222222222222222
