333333333333333333333333333
333233323332333233323332333
233323332333233323332333233
233223322332233223322332233
233223322223322332222332233
223223322222322332222232233
323332333233323332333233323
323232323232323232323232323
333322322233332232223333223
223322332233223322332233223
232233222322322332223223223
322232223233222322232332223
223222322232223222322232223
222232223222222322232222223
333332233333223333322333332
233332223333222333322233332
332333233323332333233323332
323332232333223233322323332
332223222323332223222323332
223332222333222233322223332
332233223322332233223322332
322332232233223223322322332
222332222233222223322222332
232323232323232323232323232
223223232322322323232232232
232223222322232223222322232
333322233332223333222333322
233322223332222333222233322
323322232332223233222323322
322332233223322332233223322
222332223222233222322223322
223322222332222233222223322
332322233232223323222332322
232322223232222323222232322
322232223222322232223222322
333222233322223332222333222
233222223322222332222233222
323222232322223232222323222
233222322232223322232223222
222322232223222322232223222
222322232222232223222223222
222222222222222222222222222
