3333333333333333333333333333333
3332333233323332333233323332333
2333233323332333233323332333233
3332233222323332233222323332233
2332233223322332233223322332233
2332233222322332233222322332233
2232233222322232233222322232233
2222233222322222233222322222233
2333333232323333332323233333323
2233333232322333332323223333323
2323333232323233332323232333323
2223333232322233332323222333323
3233323332333233323332333233323
2332333232323323332323233233323
2232333232322323332323223233323
2322333232323223332323232233323
2222333232322223332323222233323
2332233232323322332323233223323
2232233232322322332323223223323
2222233232322222332323222223323
3232323232323232323232323232323
2333223232323332232323233322323
2233223232322332232323223322323
2323223232323232232323232322323
2223223232322232232323222322323
2332223232323322232323233222323
2322223232323222232323232222323
2222223232322222232323222222323
2333332232323333322323233333223
2233332232322333322323223333223
2323332232323233322323232333223
2223332232322233322323222333223
2332332232323323322323233233223
2233223322332233223322332233223
2322332232323223322323232233223
2222332232322223322323222233223
2333232232323332322323233323223
2233232232322332322323223323223
2323232232323232322323232323223
2223232232322232322323222323223
2322232232323222322323232223223
2222232232322222322323222223223
3222322232332223222323322232223
2232223222322232223222322232223
2222322232222223222322222232223
3333332233333322333333223333332
2333332223333322233333222333332
3233332232333322323333223233332
2233332222333322223333222233332
3323332333233323332333233323332
2323332223233322232333222323332
2332233322223322333222233223332
3223332232233322322333223223332
2223332222233322222333222223332
2333223322223332233222233322332
2233223323322332233233223322332
3322332233223322332233223322332
2233223322222332233222223322332
2323223322223232233222232322332
2322332223223322232233222322332
2223223322222232233222222322332
3222332232223322322233223222332
2222332222223322222233222222332
2323232323232323232323232323232
3333322322233333223222333332232
3323322322233233223222332332232
2322322323323223223233232232232
3322232223233322232223233322232
2322232223222322232223222322232
3222232223233222232223233222232
2222232223222222232223222222232
3333322233333222333332223333322
3332223222323333222322232333322
2333322223333222233332222333322
3233322232333222323332223233322
2233322222333222223332222233322
3323322233233222332332223323322
2323322223233222232332222323322
3223322332233223322332233223322
2332223222322233222322232223322
2223322222233222222332222223322
3332322233323222333232223332322
2332322223323222233232222332322
3232322232323222323232223232322
2232322222323222223232222232322
3222322232223222322232223222322
3333222233332222333322223333222
2333222223332222233322222333222
3233222232332222323322223233222
3322332223233223322232332233222
2322332223223223322232232233222
2222332223222223322232222233222
2233222222332222223322222233222
3323222233232222332322223323222
2323222223232222232322222323222
3223222232232222322322223223222
2223222322232223222322232223222
2222222222222222222222222222222
