3333333333333333333333333333333333
3233333323333332333333233333323333
3333233332333323333233332333323333
3233332323333232333323233332323333
2233333223333322333332233333223333
2233332223333222333322233332223333
3323333332333333233333323333332333
2333323333233332333323333233332333
3323332332333233233323323332332333
2323333232333323233332323333232333
2323332232333223233322323332232333
3223333322333332233333223333322333
2333223332233322333223332233322333
3223332322333232233323223332322333
2223333222333322233332223333222333
2223332222333222233322223332222333
3332333333233333323333332333333233
3233332333323333233332333323333233
3332332333233233323323332332333233
2332333233233323323332332333233233
2332332233233223323322332332233233
3232333323233332323333232333323233
3233232332323323233232332323323233
3232332323233232323323232332323233
2232333223233322323332232333223233
2232332223233222323322232332223233
3322333332233333223333322333332233
3333223322232333322332223233332233
2233322333223332233322333223332233
2333223322232233322332223223332233
3322332332233233223323322332332233
2233223322232223322332223222332233
2322333232233323223332322333232233
3323223322232332322332223233232233
2323223322232232322332223223232233
2322332232233223223322322332232233
2223223322232222322332223222232233
3222333322233332223333222333322233
2233222332223322233222332223322233
3222332322233232223323222332322233
2222333222233322223332222333222233
3322223322232332222332223233222233
2322223322232232222332223223222233
2222332222233222223322222332222233
2222223322232222222332223222222233
2333333323232333333323232333333323
3333233333323333332333333233333323
2233333323232233333323232233333323
2323333323232323333323232323333323
2223333323232223333323232223333323
3323333233332333323333233332333323
2332333323232332333323232332333323
3333232333323233332323333232333323
2232333323232232333323232232333323
2322333323232322333323232322333323
2222333323232222333323232222333323
2333233323232333233323232333233323
2333233233323323332332333233233323
2233233323232233233323232233233323
2323233323232323233323232323233323
2223233323232223233323232223233323
2332233323232332233323232332233323
2333232233323223332322333232233323
2232233323232232233323232232233323
2322233323232322233323232322233323
2222233323232222233323232222233323
3233233323323332332333233233323323
3323233232332323323233232332323323
3233232323323232332323233232323323
2333223323232333223323232333223323
2233233223323322332332233233223323
2233223323232233223323232233223323
2323223323232323223323232323223323
2223223323232223223323232223223323
2332223323232332223323232332223323
2233232223323222332322233232223323
2232223323232232223323232232223323
2322223323232322223323232322223323
2222223323232222223323232222223323
3323233332323333232333323233332323
2323323233232332323323233232332323
3323232332323233232323323232332323
2323233232323323232332323233232323
2323232232323223232322323232232323
2333322323232333322323232333322323
3223233322323332232333223233322323
2233322323232233322323232233322323
2223322323232223322323232223322323
2332322323232332322323232332322323
3223232322323232232323223232322323
2323223232232322323223232232322323
2322322323232322322323232322322323
2222322323232222322323232222322323
2333222323232333222323232333222323
2223233222323322232332223233222323
2233222323232233222323232233222323
2332222323232332222323232332222323
2223232222323222232322223232222323
2232222323232232222323232232222323
2322222323232322222323232322222323
2222222323232222222323232222222323
2333333223232333333223232333333223
3332233333223333322333332233333223
2233333223232233333223232233333223
2323333223232323333223232323333223
2223333223232223333223232223333223
2332333223232332333223232332333223
3332232333223233322323332232333223
2232333223232232333223232232333223
3223332233322333223332233322333223
2322333223232322333223232322333223
2222333223232222333223232222333223
2333233223232333233223232333233223
2332233233223323322332332233233223
2233233223232233233223232233233223
2332233223232332233223232332233223
2332232233223223322322332232233223
2232233223232232233223232232233223
2322233223232322233223232322233223
2222233223232222233223232222233223
2333323223232333323223232333323223
3232233323223332322333232233323223
2233323223232233323223232233323223
2323323223232323323223232323323223
2223323223232223323223232223323223
2332323223232332323223232332323223
3232232323223232322323232232323223
2232323223232232323223232232323223
2322323223232322323223232322323223
3223232232322323223232232322323223
2222323223232222323223232222323223
2232233223223322322332232233223223
2332223223232332223223232332223223
2232232223223222322322232232223223
2322223223232322223223232322223223
2222223223232222223223232222223223
3322233332223333222333322233332223
3322232332223233222323322232332223
2223322233222332223322233222332223
2322233232223323222332322233232223
2322232232223223222322322232232223
3322232223233322232223233322232223
3222232223233222232223233222232223
2222232223222222232223222222232223
3222233322223332222333222233322223
3222232322223232222323222232322223
2223222232222322223222232222322223
2222233222223322222332222233222223
2222232222223222222322222232222223
3333323333332333333233333323333332
3333322333332233333223333322333332
3332333323333233332333323333233332
2333323233332323333232333323233332
2333322233332223333222333322233332
3233323323332332333233233323323332
3233322323332232333223233322323332
3332233322333223332233322333223332
2333223332222333223332222333223332
2233223332222233223332222233223332
2233323223332322333232233323223332
2332223332232332223332232332223332
2233322223332222333222233322223332
3323323332332333233233323323332332
3323322332332233233223323322332332
2332323323233232332323323233232332
2323323232332323233232323323232332
2323322232332223233222323322232332
2333322332222333322332222333322332
2233322332222233322332222233322332
3223323322332332233233223323322332
2323322332222323322332222323322332
2223322332222223322332222223322332
2332322332222332322332222332322332
2232322332222232322332222232322332
3223322322332232233223223322322332
2322322332222322322332222322322332
2222322332222222322332222222322332
2332223322233222332223322233222332
2223323222332322233232223323222332
2223322222332222233222223322222332
3332323333232333323233332323333232
3332322333232233323223332322333232
3232332323323233232332323323233232
2332323233232323323232332323233232
2332322233232223323222332322233232
2322233232232322233232232322233232
3232323323232332323233232323323232
3232322323232232323223232322323232
2232323223232322323232232323223232
3232232322323223232232322323223232
2232322223232222323222232322223232
3333332232223333332232223333332232
3323332232223323332232223323332232
3322323332232333223233322323332232
3332332232223332332232223332332232
3322332232223322332232223322332232
3322322332232233223223322322332232
2322323232232323223232322323232232
2232322323223232232322323223232232
3232232232333232232232333232232232
2232232232332232232232332232232232
2322322232232223223222322322232232
3332223222323333222322232333322232
3222323322232332223233222323322232
2332223222322233222322232223322232
3222322322232232223223222322322232
3322223222323332222322232333222232
2222323222232322223232222323222232
2322223222322232222322232223222232
2232222322223222232222322223222232
3222223222323322222322232332222232
2222322222232222223222222322222232
2222223222322222222322232222222232
3333222322232333332223222323333322
3333223333322333332233333223333322
3333222333322233332223333222333322
2333223233322323332232333223233322
3322333223332233322333223332233322
2333222322232223332223222322233322
2333222233322223332222333222233322
3233222322232332332223222323323322
3233223323322332332233233223323322
3233222323322232332223233222323322
2233223223322322332232233223223322
3322233222332223322233222332223322
2233222322232222332223222322223322
2233222223322222332222233222223322
3323223332322333232233323223332322
3323222332322233232223323222332322
2323223232322323232232323223232322
2322323223232232322323223232232322
2323222232322223232222323222232322
3223223322322332232233223223322322
3223222322322232232223223222322322
2223223222322322232232223223222322
2322223222232222322223222232222322
2223222222322222232222223222222322
3332223333222333322233332223333222
3332222333222233322223332222333222
2332223233222323322232332223233222
3332233222323332233222323332233222
2332233222322332233222322332233222
2232233222322232233222322232233222
3222332223322233222332223322233222
2332222233222223322222332222233222
2222233222322222233222322222233222
3232223323222332322233232223323222
3232222323222232322223232222323222
2232223223222322322232232223223222
3222232222322223222232222322223222
2232222223222222322222232222223222
3322223332222333222233322223332222
3322222332222233222223322222332222
2322223232222323222232322223232222
2222322223222232222322223222232222
2322222232222223222222322222232222
2222222222222222222222222222222222
