33333333323323333333333233233333333332332
33333332332223333333332332223333333332332
23333333323323233333333233232333333332332
23333333323322233333333233222333333332332
32333333323323323333333233233233333332332
22333333323323223333333233232233333332332
22333333323322223333333233222233333332332
33233333323323332333333233233323333332332
23333332332223323333332332223323333332332
23233333323323232333333233232323333332332
23233333323322232333333233222323333332332
32233333323323322333333233233223333332332
22233333323323222333333233232223333332332
22233333323322222333333233222223333332332
33323333323323333233333233233332333332332
32333332332223332333332332223332333332332
23323333323323233233333233232332333332332
23323333323322233233333233222332333332332
32323333323323323233333233233232333332332
22323333323323223233333233232232333332332
22323333323322223233333233222232333332332
33223333323323332233333233233322333332332
22333332332223322333332332223322333332332
23223333323323232233333233232322333332332
23223333323322232233333233222322333332332
33323322233333233222323333233222333332332
32223333323323322233333233233222333332332
22223333323323222233333233232222333332332
22223333323322222233333233222222333332332
33332333323323333323333233233333233332332
33233332332223333233332332223333233332332
23332333323323233323333233232333233332332
23332333323322233323333233222333233332332
32332333323323323323333233233233233332332
22332333323323223323333233232233233332332
22332333323322223323333233222233233332332
33232333323323332323333233233323233332332
23233332332223323233332332223323233332332
23232333323323232323333233232323233332332
23232333323322232323333233222323233332332
32232333323323322323333233233223233332332
22232333323323222323333233232223233332332
22232333323322222323333233222223233332332
33322333323323333223333233233332233332332
32233332332223332233332332223332233332332
23322333323323233223333233232332233332332
23322333323322233223333233222332233332332
32322333323323323223333233233232233332332
22322333323323223223333233232232233332332
33323322232223223333233222322232233332332
22322333323322223223333233222232233332332
33222333323323332223333233233322233332332
33332332223333233222323333323322233332332
33332332223333233222322333323322233332332
23332332223333233222323233323322233332332
23332332223333233222322233323322233332332
22233332332223322233332332223322233332332
23222333323323232223333233232322233332332
23222333323322232223333233222322233332332
32332223222322233332332223222322233332332
32222333323323322223333233233222233332332
22222333323323222223333233232222233332332
22222333323322222223333233222222233332332
33333233323323333332333233233333323332332
33323332332223333323332332223333323332332
23333233323323233332333233232333323332332
23333233323322233332333233222333323332332
32333233323323323332333233233233323332332
22333233323323223332333233232233323332332
22333233323322223332333233222233323332332
23323332332223323323332332223323323332332
23233233323323232332333233232323323332332
23233233323322232332333233222323323332332
32233233323323322332333233233223323332332
33233222332333233222323332332223323332332
22233233323323222332333233232223323332332
22233233323322222332333233222223323332332
33323233323323333232333233233332323332332
32323332332223332323332332223332323332332
23323233323323233232333233232332323332332
23323233323322233232333233222332323332332
32323233323323323232333233233232323332332
22323233323323223232333233232232323332332
22323233323322223232333233222232323332332
33223233323323332232333233233322323332332
22323332332223322323332332223322323332332
23223233323323232232333233232322323332332
23223233323322232232333233222322323332332
32223233323323322232333233233222323332332
22223233323323222232333233232222323332332
22223233323322222232333233222222323332332
33332233323323333322333233233333223332332
33223332332223333223332332223333223332332
23332233323323233322333233232333223332332
23332233323322233322333233222333223332332
32332233323323323322333233233233223332332
22332233323323223322333233232233223332332
22332233323322223322333233222233223332332
33232233323323332322333233233323223332332
23223332332223323223332332223323223332332
23232233323323232322333233232323223332332
23232233323322232322333233222323223332332
32232233323323322322333233233223223332332
22232233323323222322333233232223223332332
22232233323322222322333233222223223332332
33322233323323333222333233233332223332332
32223332332223332223332332223332223332332
33333233222333233222323333332332223332332
33333233222333233222322333332332223332332
23333233222333233222323233332332223332332
23333233222333233222322233332332223332332
32333233222333233222323323332332223332332
32333233222333233222322323332332223332332
22333233222333233222323223332332223332332
22333233222333233222322223332332223332332
33233233222333233222323332332332223332332
33233233222333233222322332332332223332332
23233233222333233222323232332332223332332
23233233222333233222322232332332223332332
32233233222333233222323322332332223332332
32233233222333233222322322332332223332332
22233233222333233222323222332332223332332
22233233222333233222322222332332223332332
23322233323323233222333233232332223332332
23322233323322233222333233222332223332332
32322233323323323222333233233232223332332
22322233323323223222333233232232223332332
33323322232223222333233222322232223332332
22322233323322223222333233222232223332332
33222233323323332222333233233322223332332
22223332332223322223332332223322223332332
23222233323323232222333233232322223332332
23222233323322232222333233222322223332332
32222233323323322222333233233222223332332
22222233323323222222333233232222223332332
22222233323322222222333233222222223332332
33332323323323333323233233233333232332332
33232332332223333232332332223333232332332
23332323323323233323233233232333232332332
23332323323322233323233233222333232332332
32332323323323323323233233233233232332332
22332323323323223323233233232233232332332
22332323323322223323233233222233232332332
33232323323323332323233233233323232332332
23232332332223323232332332223323232332332
23232323323323232323233233232323232332332
23232323323322232323233233222323232332332
32232323323323322323233233233223232332332
22232323323323222323233233232223232332332
22232323323322222323233233222223232332332
33322323323323333223233233233332232332332
32232332332223332232332332223332232332332
23322323323323233223233233232332232332332
23322323323322233223233233222332232332332
32322323323323323223233233233232232332332
22322323323323223223233233232232232332332
22322323323322223223233233222232232332332
33222323323323332223233233233322232332332
22232332332223322232332332223322232332332
23222323323323232223233233232322232332332
23222323323322232223233233222322232332332
32222323323323322223233233233222232332332
22222323323323222223233233232222232332332
22222323323322222223233233222222232332332
33333223323323333332233233233333322332332
33322332332223333322332332223333322332332
23333223323323233332233233232333322332332
23333223323322233332233233222333322332332
32333223323323323332233233233233322332332
22333223323323223332233233232233322332332
22333223323322223332233233222233322332332
33233223323323332332233233233323322332332
23322332332223323322332332223323322332332
23233223323323232332233233232323322332332
23233223323322232332233233222323322332332
32233223323323322332233233233223322332332
33233222332233233222322332332223322332332
22233223323323222332233233232223322332332
22233223323322222332233233222223322332332
33323223323323333232233233233332322332332
32322332332223332322332332223332322332332
23323223323323233232233233232332322332332
23323223323322233232233233222332322332332
32323223323323323232233233233232322332332
22323223323323223232233233232232322332332
22323223323322223232233233222232322332332
33223223323323332232233233233322322332332
22322332332223322322332332223322322332332
23223223323323232232233233232322322332332
23223223323322232232233233222322322332332
32223223323323322232233233233222322332332
22223223323323222232233233232222322332332
22223223323322222232233233222222322332332
33332223323323333322233233233333222332332
33222332332223333222332332223333222332332
23332223323323233322233233232333222332332
23332223323322233322233233222333222332332
33333323322233233222323333333233222332332
33333323322233233222322333333233222332332
23333323322233233222323233333233222332332
23333323322233233222322233333233222332332
32333323322233233222323323333233222332332
32333323322233233222322323333233222332332
22333323322233233222323223333233222332332
22333323322233233222322223333233222332332
33233323322233233222323332333233222332332
33233323322233233222322332333233222332332
23233323322233233222323232333233222332332
23233323322233233222322232333233222332332
32233323322233233222323322333233222332332
32233323322233233222322322333233222332332
22233323322233233222323222333233222332332
22233323322233233222322222333233222332332
33323323322233233222323333233233222332332
33323323322233233222322333233233222332332
32332223323323323322233233233233222332332
23323323322233233222323233233233222332332
23323323322233233222322233233233222332332
32323323322233233222323323233233222332332
32323323322233233222322323233233222332332
22323323322233233222323223233233222332332
22323323322233233222322223233233222332332
33223323322233233222323332233233222332332
33223323322233233222322332233233222332332
23223323322233233222323232233233222332332
23223323322233233222322232233233222332332
32223323322233233222322322233233222332332
22223323322233233222323222233233222332332
22223323322233233222322222233233222332332
33332323322233233222323333323233222332332
33332323322233233222322333323233222332332
23332323322233233222323233323233222332332
23332323322233233222322233323233222332332
32332323322233233222323323323233222332332
32332323322233233222322323323233222332332
22332323322233233222323223323233222332332
22332323322233233222322223323233222332332
33232323322233233222323332323233222332332
33232323322233233222322332323233222332332
23232323322233233222323232323233222332332
23232323322233233222322232323233222332332
32232323322233233222323322323233222332332
32232323322233233222322322323233222332332
22232323322233233222323222323233222332332
22232323322233233222322222323233222332332
33322323322233233222323333223233222332332
33322323322233233222322333223233222332332
23322323322233233222323233223233222332332
23322323322233233222322233223233222332332
32322323322233233222323323223233222332332
32322323322233233222322323223233222332332
22322323322233233222323223223233222332332
22322323322233233222322223223233222332332
33222323322233233222323332223233222332332
33222323322233233222322332223233222332332
23222323322233233222323232223233222332332
23222323322233233222322232223233222332332
32222323322233233222323322223233222332332
32222323322233233222322322223233222332332
22222323322233233222323222223233222332332
22222323322233233222322222223233222332332
22332223323323223322233233232233222332332
22332223323322223322233233222233222332332
33232223323323332322233233233323222332332
23222332332223323222332332223323222332332
23232223323323232322233233232323222332332
23232223323322232322233233222323222332332
32232223323323322322233233233223222332332
22232223323323222322233233232223222332332
22232223323322222322233233222223222332332
33322223323323333222233233233332222332332
32222332332223332222332332223332222332332
23322223323323233222233233232332222332332
23322223323322233222233233222332222332332
32322223323323323222233233233232222332332
22322223323323223222233233232232222332332
23323322232223222233233222322232222332332
22322223323322223222233233222232222332332
33222223323323332222233233233322222332332
22222332332223322222332332223322222332332
23222223323323232222233233232322222332332
23222223323322232222233233222322222332332
32222223323323322222233233233222222332332
22222223323323222222233233232222222332332
22222223323322222222233233222222222332332
