33333333222333333333332223333333333322233
23333333222333233333332223332333333322233
23333333222332233333332223322333333322233
32333333222333323333332223333233333322233
22333333222333223333332223332233333322233
22333333222332223333332223322233333322233
33233333222333332333332223333323333322233
23233333222333232333332223332323333322233
23233333222332232333332223322323333322233
32233333222333322333332223333223333322233
22233333222333222333332223332223333322233
22233333222332222333332223322223333322233
33323333222333333233332223333332333322233
23323333222333233233332223332332333322233
23323333222332233233332223322332333322233
32323333222333323233332223333232333322233
22323333222333223233332223332232333322233
22323333222332223233332223322232333322233
33223333222333332233332223333322333322233
23223333222333232233332223332322333322233
23223333222332232233332223322322333322233
22223333222333222233332223332222333322233
22223333222332222233332223322222333322233
33332333222333333323332223333333233322233
23332333222333233323332223332333233322233
23332333222332233323332223322333233322233
32332333222333323323332223333233233322233
22332333222333223323332223332233233322233
33232333222333332323332223333323233322233
23232333222333232323332223332323233322233
23232333222332232323332223322323233322233
32232333222333322323332223333223233322233
22232333222333222323332223332223233322233
22232333222332222323332223322223233322233
33322333222333333223332223333332233322233
23322333222333233223332223332332233322233
23322333222332233223332223322332233322233
32322333222333323223332223333232233322233
22322333222333223223332223332232233322233
22322333222332223223332223322232233322233
33222333222333332223332223333322233322233
23222333222333232223332223332322233322233
23222333222332232223332223322322233322233
32222333222333322223332223333222233322233
22222333222333222223332223332222233322233
22222333222332222223332223322222233322233
33333233222333333332332223333333323322233
23333233222333233332332223332333323322233
23333233222332233332332223322333323322233
32333233222333323332332223333233323322233
22333233222333223332332223332233323322233
22333233222332223332332223322233323322233
33233233222333332332332223333323323322233
23233233222333232332332223332323323322233
23233233222332232332332223322323323322233
32233233222333322332332223333223323322233
22233233222332222332332223322223323322233
33323233222333333232332223333332323322233
23323233222333233232332223332332323322233
23323233222332233232332223322332323322233
32323233222333323232332223333232323322233
22323233222333223232332223332232323322233
22323233222332223232332223322232323322233
33223233222333332232332223333322323322233
23223233222333232232332223332322323322233
23223233222332232232332223322322323322233
32223233222333322232332223333222323322233
32332223322232223233222332223222323322233
22223233222333222232332223332222323322233
22223233222332222232332223322222323322233
23332233222332233322332223322333223322233
22332233222332223322332223322233223322233
23232233222332232322332223322323223322233
33222332223222322332223322232223223322233
22232233222332222322332223322223223322233
33333223322233222332333333322332223322233
33333223322233222332323333322332223322233
23333223322233222332332333322332223322233
23333223322233222332322333322332223322233
32333223322233222332333233322332223322233
32333223322233222332323233322332223322233
22333223322233222332332233322332223322233
22333223322233222332322233322332223322233
33233223322233222332333323322332223322233
33233223322233222332323323322332223322233
23233223322233222332332323322332223322233
23233223322233222332322323322332223322233
32233223322233222332333223322332223322233
32233223322233222332323223322332223322233
22233223322233222332332223322332223322233
23322233222332233222332223322332223322233
22233223322233222332322223322332223322233
33323223322233222332333332322332223322233
33323223322233222332323332322332223322233
23323223322233222332332332322332223322233
23323223322233222332322332322332223322233
32323223322233222332333232322332223322233
32323223322233222332323232322332223322233
22323223322233222332332232322332223322233
22323223322233222332322232322332223322233
33223223322233222332333322322332223322233
33223223322233222332323322322332223322233
23223223322233222332332322322332223322233
23223223322233222332322322322332223322233
32223223322233222332333222322332223322233
32223223322233222332323222322332223322233
22223223322233222332332222322332223322233
22223223322233222332322222322332223322233
22322233222332223222332223322232223322233
23222233222332232222332223322322223322233
22222233222332222222332223322222223322233
33333323222333333333232223333333332322233
23333323222333233333232223332333332322233
23333323222332233333232223322333332322233
32333323222333323333232223333233332322233
22333323222333223333232223332233332322233
22333323222332223333232223322233332322233
33233323222333332333232223333323332322233
23233323222333232333232223332323332322233
23233323222332232333232223322323332322233
32233323222333322333232223333223332322233
22233323222333222333232223332223332322233
22233323222332222333232223322223332322233
33323323222333333233232223333332332322233
23323323222333233233232223332332332322233
23323323222332233233232223322332332322233
32323323222333323233232223333232332322233
22323323222333223233232223332232332322233
22323323222332223233232223322232332322233
33223323222333332233232223333322332322233
23223323222333232233232223332322332322233
23223323222332232233232223322322332322233
22223323222333222233232223332222332322233
33332323222333333323232223333333232322233
23332323222333233323232223332333232322233
23332323222332233323232223322333232322233
32332323222333323323232223333233232322233
22332323222333223323232223332233232322233
22332323222332223323232223322233232322233
33232323222333332323232223333323232322233
23232323222333232323232223332323232322233
23232323222332232323232223322323232322233
32232323222333322323232223333223232322233
22232323222333222323232223332223232322233
22232323222332222323232223322223232322233
33322323222333333223232223333332232322233
23322323222333233223232223332332232322233
23322323222332233223232223322332232322233
32322323222333323223232223333232232322233
22322323222333223223232223332232232322233
22322323222332223223232223322232232322233
33222323222333332223232223333322232322233
23222323222333232223232223332322232322233
23222323222332232223232223322322232322233
32222323222333322223232223333222232322233
22222323222333222223232223332222232322233
22222323222332222223232223322222232322233
33333223222333333332232223333333322322233
23333223222333233332232223332333322322233
23333223222332233332232223322333322322233
32333223222333323332232223333233322322233
22333223222333223332232223332233322322233
22333223222332223332232223322233322322233
33233223222333332332232223333323322322233
23233223222333232332232223332323322322233
23233223222332232332232223322323322322233
32233223222333322332232223333223322322233
22233223222333222332232223332223322322233
22322233223222332233222332232223322322233
22233223222332222332232223322223322322233
33323223222333333232232223333332322322233
23323223222333233232232223332332322322233
23323223222332233232232223322332322322233
32323223222333323232232223333232322322233
22323223222333223232232223332232322322233
22323223222332223232232223322232322322233
33223223222333332232232223333322322322233
23223223222333232232232223332322322322233
23223223222332232232232223322322322322233
32223223222333322232232223333222322322233
32232223322232223223222332223222322322233
22223223222333222232232223332222322322233
22223223222332222232232223322222322322233
33332223222333333322232223333333222322233
23332223222333233322232223332333222322233
23332223222332233322232223322333222322233
32332223222333323322232223333233222322233
22332223222333223322232223332233222322233
22332223222332223322232223322233222322233
33232223222333332322232223333323222322233
23232223222333232322232223332323222322233
23232223222332232322232223322323222322233
32232223222333322322232223333223222322233
22232223222333222322232223332223222322233
22232223222332222322232223322223222322233
33322223222333333222232223333332222322233
23322223222333233222232223332332222322233
23322223222332233222232223322332222322233
32322223222333323222232223333232222322233
22322223222333223222232223332232222322233
22322223222332223222232223322232222322233
33222223222333332222232223333322222322233
23222223222333232222232223332322222322233
23222223222332232222232223322322222322233
32222223222333322222232223333222222322233
22222223222333222222232223332222222322233
22222223222332222222232223322222222322233
