33333332322323333333323223233333333232232
32333332322323323333323223233233333232232
32333332322322323333323223223233333232232
33233332322323332333323223233323333232232
32233332322323322333323223233223333232232
32233332322322322333323223223223333232232
33323332322323333233323223233332333232232
32323332322323323233323223233232333232232
32323332322322323233323223223232333232232
33223332322323332233323223233322333232232
32223332322323322233323223233222333232232
32223332322322322233323223223222333232232
33332332322323333323323223233333233232232
32332332322323323323323223233233233232232
32332332322322323323323223223233233232232
33232332322323332323323223233323233232232
32232332322323322323323223233223233232232
32232332322322322323323223223223233232232
33322332322323333223323223233332233232232
32322332322323323223323223233232233232232
32322332322322323223323223223232233232232
33222332322323332223323223233322233232232
32222332322323322223323223233222233232232
32222332322322322223323223223222233232232
33333232322323333332323223233333323232232
32333232322323323332323223233233323232232
32333232322322323332323223223233323232232
33233232322323332332323223233323323232232
32233232322323322332323223233223323232232
32233232322322322332323223223223323232232
33323232322323333232323223233332323232232
32323232322323323232323223233232323232232
32323232322322323232323223223232323232232
33223232322323332232323223233322323232232
32223232322323322232323223233222323232232
32223232322322322232323223223222323232232
33332232322323333322323223233333223232232
32332232322323323322323223233233223232232
32332232322322323322323223223233223232232
33232232322323332322323223233323223232232
32232232322323322322323223233223223232232
32232232322322322322323223223223223232232
33322232322323333222323223233332223232232
32322232322323323222323223233232223232232
32322232322322323222323223223232223232232
33222232322323332222323223233322223232232
32222232322323322222323223233222223232232
32222232322322322222323223223222223232232
33333333333223223223323333333333332232232
33333333333223223223322333333333332232232
23333333333223223223323233333333332232232
23333333333223223223322233333333332232232
32333333333223223223323323333333332232232
32333333333223223223322323333333332232232
22333333333223223223323223333333332232232
22333333333223223223322223333333332232232
33233333333223223223323332333333332232232
33233333333223223223322332333333332232232
23233333333223223223323232333333332232232
23233333333223223223322232333333332232232
32233333333223223223323322333333332232232
32233333333223223223322322333333332232232
22233333333223223223323222333333332232232
22233333333223223223322222333333332232232
33323333333223223223323333233333332232232
33323333333223223223322333233333332232232
23323333333223223223323233233333332232232
23323333333223223223322233233333332232232
32323333333223223223323323233333332232232
32323333333223223223322323233333332232232
22323333333223223223323223233333332232232
33333322322323333333223223233333332232232
22323333333223223223322223233333332232232
33223333333223223223323332233333332232232
33223333333223223223322332233333332232232
23223333333223223223323232233333332232232
33332232232233333332232232233333332232232
23223333333223223223322232233333332232232
32223333333223223223323322233333332232232
32223333333223223223322322233333332232232
22223333333223223223323222233333332232232
22223333333223223223322222233333332232232
33332333333223223223323333323333332232232
33332333333223223223322333323333332232232
23332333333223223223323233323333332232232
23332333333223223223322233323333332232232
32332333333223223223323323323333332232232
32332333333223223223322323323333332232232
22332333333223223223323223323333332232232
22332333333223223223322223323333332232232
33232333333223223223323332323333332232232
33232333333223223223322332323333332232232
23232333333223223223323232323333332232232
23232333333223223223322232323333332232232
32232333333223223223323322323333332232232
32232333333223223223322322323333332232232
22232333333223223223323222323333332232232
22232333333223223223322222323333332232232
33322333333223223223323333223333332232232
33322333333223223223322333223333332232232
23322333333223223223323233223333332232232
23322333333223223223322233223333332232232
32322333333223223223323323223333332232232
32322333333223223223322323223333332232232
22322333333223223223323223223333332232232
22322333333223223223322223223333332232232
33222333333223223223323332223333332232232
33222333333223223223322332223333332232232
23222333333223223223323232223333332232232
23222333333223223223322232223333332232232
32222333333223223223323322223333332232232
32222333333223223223322322223333332232232
22222333333223223223323222223333332232232
22222333333223223223322222223333332232232
33333233333223223223323333332333332232232
33333233333223223223322333332333332232232
23333233333223223223323233332333332232232
23333233333223223223322233332333332232232
32333233333223223223323323332333332232232
32333233333223223223322323332333332232232
22333233333223223223323223332333332232232
22333233333223223223322223332333332232232
33233233333223223223323332332333332232232
33233233333223223223322332332333332232232
23233233333223223223323232332333332232232
23233233333223223223322232332333332232232
32233233333223223223323322332333332232232
32233233333223223223322322332333332232232
22233233333223223223323222332333332232232
22233233333223223223322222332333332232232
33323233333223223223323333232333332232232
33323233333223223223322333232333332232232
23323233333223223223323233232333332232232
23323233333223223223322233232333332232232
32323233333223223223323323232333332232232
32323233333223223223322323232333332232232
22323233333223223223323223232333332232232
22323233333223223223322223232333332232232
33223233333223223223323332232333332232232
33223233333223223223322332232333332232232
23223233333223223223323232232333332232232
23223233333223223223322232232333332232232
32223233333223223223323322232333332232232
32223233333223223223322322232333332232232
22223233333223223223323222232333332232232
22223233333223223223322222232333332232232
33332233333223223223323333322333332232232
33332233333223223223322333322333332232232
23332233333223223223323233322333332232232
23332233333223223223322233322333332232232
32332233333223223223323323322333332232232
32332233333223223223322323322333332232232
22332233333223223223323223322333332232232
22332233333223223223322223322333332232232
33232233333223223223323332322333332232232
33232233333223223223322332322333332232232
23232233333223223223323232322333332232232
23232233333223223223322232322333332232232
32232233333223223223323322322333332232232
32232233333223223223322322322333332232232
22232233333223223223323222322333332232232
22232233333223223223322222322333332232232
33322233333223223223323333222333332232232
33322233333223223223322333222333332232232
23322233333223223223323233222333332232232
23322233333223223223322233222333332232232
32322233333223223223323323222333332232232
32322233333223223223322323222333332232232
22322233333223223223323223222333332232232
23333322322322233333223223222333332232232
22322233333223223223322223222333332232232
33222233333223223223323332222333332232232
33222233333223223223322332222333332232232
23222233333223223223323232222333332232232
23222233333223223223322232222333332232232
32222233333223223223323322222333332232232
32222233333223223223322322222333332232232
22222233333223223223323222222333332232232
22222233333223223223322222222333332232232
33333323333223223223323333333233332232232
33333323333223223223322333333233332232232
23333323333223223223323233333233332232232
23333323333223223223322233333233332232232
32333323333223223223323323333233332232232
32333323333223223223322323333233332232232
22333323333223223223323223333233332232232
22333323333223223223322223333233332232232
33233323333223223223323332333233332232232
33233323333223223223322332333233332232232
23233323333223223223323232333233332232232
23233323333223223223322232333233332232232
32233323333223223223323322333233332232232
32233323333223223223322322333233332232232
22233323333223223223323222333233332232232
22233323333223223223322222333233332232232
33323323333223223223323333233233332232232
33323323333223223223322333233233332232232
23323323333223223223323233233233332232232
23323323333223223223322233233233332232232
32323323333223223223323323233233332232232
32323323333223223223322323233233332232232
22323323333223223223323223233233332232232
32333322322323323333223223233233332232232
22323323333223223223322223233233332232232
33223323333223223223323332233233332232232
33223323333223223223322332233233332232232
23223323333223223223323232233233332232232
23223323333223223223322232233233332232232
32223323333223223223323322233233332232232
32223323333223223223322322233233332232232
22223323333223223223323222233233332232232
22223323333223223223322222233233332232232
33332323333223223223323333323233332232232
33332323333223223223322333323233332232232
23332323333223223223323233323233332232232
23332323333223223223322233323233332232232
32332323333223223223323323323233332232232
32332323333223223223322323323233332232232
22332323333223223223323223323233332232232
22332323333223223223322223323233332232232
33232323333223223223323332323233332232232
33232323333223223223322332323233332232232
23232323333223223223323232323233332232232
23232323333223223223322232323233332232232
32232323333223223223323322323233332232232
32232323333223223223322322323233332232232
22232323333223223223323222323233332232232
22232323333223223223322222323233332232232
33322323333223223223323333223233332232232
33322323333223223223322333223233332232232
23322323333223223223323233223233332232232
23322323333223223223322233223233332232232
32322323333223223223323323223233332232232
32322323333223223223322323223233332232232
22322323333223223223323223223233332232232
32333322322322323333223223223233332232232
22322323333223223223322223223233332232232
33222323333223223223323332223233332232232
33222323333223223223322332223233332232232
23222323333223223223323232223233332232232
23222323333223223223322232223233332232232
32222323333223223223323322223233332232232
32222323333223223223322322223233332232232
22222323333223223223323222223233332232232
22222323333223223223322222223233332232232
33333223333223223223323333332233332232232
33333223333223223223322333332233332232232
23333223333223223223323233332233332232232
23333223333223223223322233332233332232232
32333223333223223223323323332233332232232
32333223333223223223322323332233332232232
22333223333223223223323223332233332232232
22333223333223223223322223332233332232232
33233223333223223223323332332233332232232
33233223333223223223322332332233332232232
23233223333223223223323232332233332232232
23233223333223223223322232332233332232232
32233223333223223223323322332233332232232
32233223333223223223322322332233332232232
22233223333223223223323222332233332232232
22233223333223223223322222332233332232232
33323223333223223223323333232233332232232
33323223333223223223322333232233332232232
23323223333223223223323233232233332232232
23323223333223223223322233232233332232232
32323223333223223223323323232233332232232
32323223333223223223322323232233332232232
22323223333223223223323223232233332232232
22323223333223223223322223232233332232232
33223223333223223223323332232233332232232
33223223333223223223322332232233332232232
23223223333223223223323232232233332232232
23223223333223223223322232232233332232232
32223223333223223223323322232233332232232
32223223333223223223322322232233332232232
22223223333223223223323222232233332232232
22223223333223223223322222232233332232232
33332223333223223223323333322233332232232
33332223333223223223322333322233332232232
23332223333223223223323233322233332232232
23332223333223223223322233322233332232232
32332223333223223223323323322233332232232
32332223333223223223322323322233332232232
22332223333223223223323223322233332232232
22332223333223223223322223322233332232232
33232223333223223223323332322233332232232
33232223333223223223322332322233332232232
23232223333223223223323232322233332232232
23232223333223223223322232322233332232232
32232223333223223223323322322233332232232
32232223333223223223322322322233332232232
22232223333223223223323222322233332232232
22232223333223223223322222322233332232232
33322223333223223223323333222233332232232
33322223333223223223322333222233332232232
23322223333223223223323233222233332232232
23322223333223223223322233222233332232232
32322223333223223223323323222233332232232
32322223333223223223322323222233332232232
22322223333223223223323223222233332232232
22333322322322223333223223222233332232232
22322223333223223223322223222233332232232
33222223333223223223323332222233332232232
33222223333223223223322332222233332232232
23222223333223223223323232222233332232232
23222223333223223223322232222233332232232
32222223333223223223323322222233332232232
32222223333223223223322322222233332232232
22222223333223223223323222222233332232232
22222223333223223223322222222233332232232
33333332333223223223323333333323332232232
33333332333223223223322333333323332232232
23333332333223223223323233333323332232232
23333332333223223223322233333323332232232
32333332333223223223323323333323332232232
32333332333223223223322323333323332232232
22333332333223223223323223333323332232232
22333332333223223223322223333323332232232
33233332333223223223323332333323332232232
33233332333223223223322332333323332232232
23233332333223223223323232333323332232232
23233332333223223223322232333323332232232
32233332333223223223323322333323332232232
32233332333223223223322322333323332232232
22233332333223223223323222333323332232232
22233332333223223223322222333323332232232
33323332333223223223323333233323332232232
33323332333223223223322333233323332232232
23323332333223223223323233233323332232232
23323332333223223223322233233323332232232
32323332333223223223323323233323332232232
32323332333223223223322323233323332232232
22323332333223223223323223233323332232232
33233322322323332333223223233323332232232
22323332333223223223322223233323332232232
33223332333223223223323332233323332232232
33223332333223223223322332233323332232232
23223332333223223223323232233323332232232
23332232232233323332232232233323332232232
23223332333223223223322232233323332232232
32223332333223223223323322233323332232232
32223332333223223223322322233323332232232
22223332333223223223323222233323332232232
22223332333223223223322222233323332232232
33332332333223223223323333323323332232232
33332332333223223223322333323323332232232
23332332333223223223323233323323332232232
23332332333223223223322233323323332232232
32332332333223223223323323323323332232232
32332332333223223223322323323323332232232
22332332333223223223323223323323332232232
22332332333223223223322223323323332232232
33232332333223223223323332323323332232232
33232332333223223223322332323323332232232
23232332333223223223323232323323332232232
23232332333223223223322232323323332232232
32232332333223223223323322323323332232232
32232332333223223223322322323323332232232
22232332333223223223323222323323332232232
22232332333223223223322222323323332232232
33322332333223223223323333223323332232232
33322332333223223223322333223323332232232
23322332333223223223323233223323332232232
23322332333223223223322233223323332232232
32322332333223223223323323223323332232232
32322332333223223223322323223323332232232
22322332333223223223323223223323332232232
22322332333223223223322223223323332232232
33222332333223223223323332223323332232232
33222332333223223223322332223323332232232
23222332333223223223323232223323332232232
23222332333223223223322232223323332232232
32222332333223223223323322223323332232232
32222332333223223223322322223323332232232
22222332333223223223323222223323332232232
22222332333223223223322222223323332232232
33333232333223223223323333332323332232232
33333232333223223223322333332323332232232
23333232333223223223323233332323332232232
23333232333223223223322233332323332232232
32333232333223223223323323332323332232232
32333232333223223223322323332323332232232
22333232333223223223323223332323332232232
22333232333223223223322223332323332232232
33233232333223223223323332332323332232232
33233232333223223223322332332323332232232
23233232333223223223323232332323332232232
23233232333223223223322232332323332232232
32233232333223223223323322332323332232232
32233232333223223223322322332323332232232
22233232333223223223323222332323332232232
22233232333223223223322222332323332232232
33323232333223223223323333232323332232232
33323232333223223223322333232323332232232
23323232333223223223323233232323332232232
23323232333223223223322233232323332232232
32323232333223223223323323232323332232232
32323232333223223223322323232323332232232
22323232333223223223323223232323332232232
22323232333223223223322223232323332232232
33223232333223223223323332232323332232232
33223232333223223223322332232323332232232
23223232333223223223323232232323332232232
23223232333223223223322232232323332232232
32223232333223223223323322232323332232232
32223232333223223223322322232323332232232
22223232333223223223323222232323332232232
22223232333223223223322222232323332232232
33332232333223223223323333322323332232232
33332232333223223223322333322323332232232
23332232333223223223323233322323332232232
23332232333223223223322233322323332232232
32332232333223223223323323322323332232232
32332232333223223223322323322323332232232
22332232333223223223323223322323332232232
22332232333223223223322223322323332232232
33232232333223223223323332322323332232232
33232232333223223223322332322323332232232
23232232333223223223323232322323332232232
23232232333223223223322232322323332232232
32232232333223223223323322322323332232232
32232232333223223223322322322323332232232
22232232333223223223323222322323332232232
22232232333223223223322222322323332232232
33322232333223223223323333222323332232232
33322232333223223223322333222323332232232
23322232333223223223323233222323332232232
23322232333223223223322233222323332232232
32322232333223223223323323222323332232232
32322232333223223223322323222323332232232
22322232333223223223323223222323332232232
23233322322322232333223223222323332232232
22322232333223223223322223222323332232232
33222232333223223223323332222323332232232
33222232333223223223322332222323332232232
23222232333223223223323232222323332232232
23222232333223223223322232222323332232232
32222232333223223223323322222323332232232
32222232333223223223322322222323332232232
22222232333223223223323222222323332232232
22222232333223223223322222222323332232232
33333322333223223223323333333223332232232
33333322333223223223322333333223332232232
23333322333223223223323233333223332232232
23333322333223223223322233333223332232232
32333322333223223223323323333223332232232
32333322333223223223322323333223332232232
22333322333223223223323223333223332232232
22333322333223223223322223333223332232232
33233322333223223223323332333223332232232
33233322333223223223322332333223332232232
23233322333223223223323232333223332232232
23233322333223223223322232333223332232232
32233322333223223223323322333223332232232
32233322333223223223322322333223332232232
22233322333223223223323222333223332232232
22233322333223223223322222333223332232232
33323322333223223223323333233223332232232
33323322333223223223322333233223332232232
23323322333223223223323233233223332232232
23323322333223223223322233233223332232232
32323322333223223223323323233223332232232
32323322333223223223322323233223332232232
22323322333223223223323223233223332232232
32233322322323322333223223233223332232232
22323322333223223223322223233223332232232
33223322333223223223323332233223332232232
33223322333223223223322332233223332232232
23223322333223223223323232233223332232232
23332232232233223332232232233223332232232
23223322333223223223322232233223332232232
32223322333223223223323322233223332232232
32223322333223223223322322233223332232232
22223322333223223223323222233223332232232
22223322333223223223322222233223332232232
33332322333223223223323333323223332232232
33332322333223223223322333323223332232232
23332322333223223223323233323223332232232
23332322333223223223322233323223332232232
32332322333223223223323323323223332232232
32332322333223223223322323323223332232232
22332322333223223223323223323223332232232
22332322333223223223322223323223332232232
33232322333223223223323332323223332232232
33232322333223223223322332323223332232232
23232322333223223223323232323223332232232
23232322333223223223322232323223332232232
32232322333223223223323322323223332232232
32232322333223223223322322323223332232232
22232322333223223223323222323223332232232
22232322333223223223322222323223332232232
33322322333223223223323333223223332232232
33322322333223223223322333223223332232232
23322322333223223223323233223223332232232
23322322333223223223322233223223332232232
32322322333223223223323323223223332232232
32322322333223223223322323223223332232232
22322322333223223223323223223223332232232
32233322322322322333223223223223332232232
22322322333223223223322223223223332232232
33222322333223223223323332223223332232232
33222322333223223223322332223223332232232
23222322333223223223323232223223332232232
23222322333223223223322232223223332232232
32222322333223223223323322223223332232232
32222322333223223223322322223223332232232
22222322333223223223323222223223332232232
22222322333223223223322222223223332232232
33333222333223223223323333332223332232232
33333222333223223223322333332223332232232
23333222333223223223323233332223332232232
23333222333223223223322233332223332232232
32333222333223223223323323332223332232232
32333222333223223223322323332223332232232
22333222333223223223323223332223332232232
22333222333223223223322223332223332232232
33233222333223223223323332332223332232232
33233222333223223223322332332223332232232
23233222333223223223323232332223332232232
23233222333223223223322232332223332232232
32233222333223223223323322332223332232232
32233222333223223223322322332223332232232
22233222333223223223323222332223332232232
22233222333223223223322222332223332232232
33323222333223223223323333232223332232232
33323222333223223223322333232223332232232
23323222333223223223323233232223332232232
23323222333223223223322233232223332232232
32323222333223223223323323232223332232232
32323222333223223223322323232223332232232
22323222333223223223323223232223332232232
22323222333223223223322223232223332232232
33223222333223223223323332232223332232232
33223222333223223223322332232223332232232
23223222333223223223323232232223332232232
23223222333223223223322232232223332232232
32223222333223223223323322232223332232232
32223222333223223223322322232223332232232
22223222333223223223323222232223332232232
22223222333223223223322222232223332232232
33332222333223223223323333322223332232232
33332222333223223223322333322223332232232
23332222333223223223323233322223332232232
23332222333223223223322233322223332232232
32332222333223223223323323322223332232232
32332222333223223223322323322223332232232
22332222333223223223323223322223332232232
22332222333223223223322223322223332232232
33232222333223223223323332322223332232232
33232222333223223223322332322223332232232
23232222333223223223323232322223332232232
23232222333223223223322232322223332232232
32232222333223223223323322322223332232232
32232222333223223223322322322223332232232
22232222333223223223323222322223332232232
22232222333223223223322222322223332232232
33322222333223223223323333222223332232232
33322222333223223223322333222223332232232
23322222333223223223323233222223332232232
23322222333223223223322233222223332232232
32322222333223223223323323222223332232232
32322222333223223223322323222223332232232
22322222333223223223323223222223332232232
22233322322322222333223223222223332232232
22322222333223223223322223222223332232232
33222222333223223223323332222223332232232
33222222333223223223322332222223332232232
23222222333223223223323232222223332232232
23222222333223223223322232222223332232232
32222222333223223223323322222223332232232
32222222333223223223322322222223332232232
22222222333223223223323222222223332232232
22222222333223223223322222222223332232232
33333333233223223223323333333332332232232
33333333233223223223322333333332332232232
23333333233223223223323233333332332232232
23333333233223223223322233333332332232232
32333333233223223223323323333332332232232
32333333233223223223322323333332332232232
22333333233223223223323223333332332232232
22333333233223223223322223333332332232232
33233333233223223223323332333332332232232
33233333233223223223322332333332332232232
23233333233223223223323232333332332232232
23233333233223223223322232333332332232232
32233333233223223223323322333332332232232
32233333233223223223322322333332332232232
22233333233223223223323222333332332232232
22233333233223223223322222333332332232232
33323333233223223223323333233332332232232
33323333233223223223322333233332332232232
23323333233223223223323233233332332232232
23323333233223223223322233233332332232232
32323333233223223223323323233332332232232
32323333233223223223322323233332332232232
22323333233223223223323223233332332232232
33323322322323333233223223233332332232232
22323333233223223223322223233332332232232
33223333233223223223323332233332332232232
33223333233223223223322332233332332232232
23223333233223223223323232233332332232232
32332232232233332332232232233332332232232
23223333233223223223322232233332332232232
32223333233223223223323322233332332232232
32223333233223223223322322233332332232232
22223333233223223223323222233332332232232
22223333233223223223322222233332332232232
33332333233223223223323333323332332232232
33332333233223223223322333323332332232232
23332333233223223223323233323332332232232
23332333233223223223322233323332332232232
32332333233223223223323323323332332232232
32332333233223223223322323323332332232232
22332333233223223223323223323332332232232
22332333233223223223322223323332332232232
33232333233223223223323332323332332232232
33232333233223223223322332323332332232232
23232333233223223223323232323332332232232
23232333233223223223322232323332332232232
32232333233223223223323322323332332232232
32232333233223223223322322323332332232232
22232333233223223223323222323332332232232
22232333233223223223322222323332332232232
33322333233223223223323333223332332232232
33322333233223223223322333223332332232232
23322333233223223223323233223332332232232
23322333233223223223322233223332332232232
32322333233223223223323323223332332232232
32322333233223223223322323223332332232232
22322333233223223223323223223332332232232
22322333233223223223322223223332332232232
33222333233223223223323332223332332232232
33222333233223223223322332223332332232232
23222333233223223223323232223332332232232
23222333233223223223322232223332332232232
32222333233223223223323322223332332232232
32222333233223223223322322223332332232232
22222333233223223223323222223332332232232
22222333233223223223322222223332332232232
33333233233223223223323333332332332232232
33333233233223223223322333332332332232232
23333233233223223223323233332332332232232
23333233233223223223322233332332332232232
32333233233223223223323323332332332232232
32333233233223223223322323332332332232232
22333233233223223223323223332332332232232
22333233233223223223322223332332332232232
33233233233223223223323332332332332232232
33233233233223223223322332332332332232232
23233233233223223223323232332332332232232
23233233233223223223322232332332332232232
32233233233223223223323322332332332232232
32233233233223223223322322332332332232232
22233233233223223223323222332332332232232
22233233233223223223322222332332332232232
33323233233223223223323333232332332232232
33323233233223223223322333232332332232232
23323233233223223223323233232332332232232
23323233233223223223322233232332332232232
32323233233223223223323323232332332232232
32323233233223223223322323232332332232232
22323233233223223223323223232332332232232
22323233233223223223322223232332332232232
33223233233223223223323332232332332232232
33223233233223223223322332232332332232232
23223233233223223223323232232332332232232
23223233233223223223322232232332332232232
32223233233223223223323322232332332232232
32223233233223223223322322232332332232232
22223233233223223223323222232332332232232
22223233233223223223322222232332332232232
33332233233223223223323333322332332232232
33332233233223223223322333322332332232232
23332233233223223223323233322332332232232
23332233233223223223322233322332332232232
32332233233223223223323323322332332232232
32332233233223223223322323322332332232232
22332233233223223223323223322332332232232
22332233233223223223322223322332332232232
33232233233223223223323332322332332232232
33232233233223223223322332322332332232232
23232233233223223223323232322332332232232
23232233233223223223322232322332332232232
32232233233223223223323322322332332232232
22232233233223223223323222322332332232232
22232233233223223223322222322332332232232
33322233233223223223323333222332332232232
33322233233223223223322333222332332232232
23322233233223223223323233222332332232232
23322233233223223223322233222332332232232
32322233233223223223323323222332332232232
32322233233223223223322323222332332232232
22322233233223223223323223222332332232232
23323322322322233233223223222332332232232
22322233233223223223322223222332332232232
33222233233223223223323332222332332232232
33222233233223223223322332222332332232232
23222233233223223223323232222332332232232
23222233233223223223322232222332332232232
32222233233223223223323322222332332232232
32222233233223223223322322222332332232232
22222233233223223223323222222332332232232
22222233233223223223322222222332332232232
33333323233223223223323333333232332232232
33333323233223223223322333333232332232232
23333323233223223223323233333232332232232
23333323233223223223322233333232332232232
32333323233223223223323323333232332232232
32333323233223223223322323333232332232232
22333323233223223223323223333232332232232
22333323233223223223322223333232332232232
33233323233223223223323332333232332232232
33233323233223223223322332333232332232232
23233323233223223223323232333232332232232
23233323233223223223322232333232332232232
32233323233223223223323322333232332232232
32233323233223223223322322333232332232232
22233323233223223223323222333232332232232
22233323233223223223322222333232332232232
33323323233223223223323333233232332232232
33323323233223223223322333233232332232232
23323323233223223223323233233232332232232
23323323233223223223322233233232332232232
32323323233223223223323323233232332232232
32323323233223223223322323233232332232232
22323323233223223223323223233232332232232
32323322322323323233223223233232332232232
22323323233223223223322223233232332232232
33223323233223223223323332233232332232232
33223323233223223223322332233232332232232
23223323233223223223323232233232332232232
23223323233223223223322232233232332232232
32223323233223223223323322233232332232232
32223323233223223223322322233232332232232
22223323233223223223323222233232332232232
22223323233223223223322222233232332232232
33332323233223223223323333323232332232232
33332323233223223223322333323232332232232
23332323233223223223323233323232332232232
23332323233223223223322233323232332232232
32332323233223223223323323323232332232232
32332323233223223223322323323232332232232
22332323233223223223323223323232332232232
22332323233223223223322223323232332232232
33232323233223223223323332323232332232232
33232323233223223223322332323232332232232
23232323233223223223323232323232332232232
23232323233223223223322232323232332232232
32232323233223223223323322323232332232232
32232323233223223223322322323232332232232
22232323233223223223323222323232332232232
22232323233223223223322222323232332232232
33322323233223223223323333223232332232232
33322323233223223223322333223232332232232
23322323233223223223323233223232332232232
23322323233223223223322233223232332232232
32322323233223223223323323223232332232232
32322323233223223223322323223232332232232
22322323233223223223323223223232332232232
32323322322322323233223223223232332232232
22322323233223223223322223223232332232232
33222323233223223223323332223232332232232
33222323233223223223322332223232332232232
23222323233223223223323232223232332232232
23222323233223223223322232223232332232232
32222323233223223223323322223232332232232
32222323233223223223322322223232332232232
22222323233223223223323222223232332232232
22222323233223223223322222223232332232232
33333223233223223223323333332232332232232
33333223233223223223322333332232332232232
23333223233223223223323233332232332232232
23333223233223223223322233332232332232232
32333223233223223223323323332232332232232
32333223233223223223322323332232332232232
22333223233223223223323223332232332232232
22333223233223223223322223332232332232232
33233223233223223223323332332232332232232
33233223233223223223322332332232332232232
23233223233223223223323232332232332232232
23233223233223223223322232332232332232232
32233223233223223223323322332232332232232
32233223233223223223322322332232332232232
22233223233223223223323222332232332232232
22233223233223223223322222332232332232232
33323223233223223223323333232232332232232
33323223233223223223322333232232332232232
23323223233223223223323233232232332232232
23323223233223223223322233232232332232232
32323223233223223223323323232232332232232
32323223233223223223322323232232332232232
22323223233223223223323223232232332232232
22323322322323223233223223232232332232232
22323223233223223223322223232232332232232
33223223233223223223323332232232332232232
33223223233223223223322332232232332232232
23223223233223223223323232232232332232232
23223223233223223223322232232232332232232
32223223233223223223323322232232332232232
32223223233223223223322322232232332232232
22223223233223223223323222232232332232232
22223223233223223223322222232232332232232
33332223233223223223323333322232332232232
33332223233223223223322333322232332232232
23332223233223223223323233322232332232232
23332223233223223223322233322232332232232
32332223233223223223323323322232332232232
32332223233223223223322323322232332232232
22332223233223223223323223322232332232232
22332223233223223223322223322232332232232
33232223233223223223323332322232332232232
33232223233223223223322332322232332232232
23232223233223223223323232322232332232232
23232223233223223223322232322232332232232
32232223233223223223323322322232332232232
32232223233223223223322322322232332232232
22232223233223223223323222322232332232232
22232223233223223223322222322232332232232
33322223233223223223323333222232332232232
33322223233223223223322333222232332232232
23322223233223223223323233222232332232232
23322223233223223223322233222232332232232
32322223233223223223323323222232332232232
32322223233223223223322323222232332232232
22322223233223223223323223222232332232232
22323322322322223233223223222232332232232
22322223233223223223322223222232332232232
33222223233223223223323332222232332232232
33222223233223223223322332222232332232232
23222223233223223223323232222232332232232
23222223233223223223322232222232332232232
32222223233223223223323322222232332232232
32222223233223223223322322222232332232232
22222223233223223223323222222232332232232
22222223233223223223322222222232332232232
33333332233223223223323333333322332232232
33333332233223223223322333333322332232232
23333332233223223223323233333322332232232
23333332233223223223322233333322332232232
32333332233223223223323323333322332232232
32333332233223223223322323333322332232232
22333332233223223223323223333322332232232
22333332233223223223322223333322332232232
33233332233223223223323332333322332232232
33233332233223223223322332333322332232232
23233332233223223223323232333322332232232
23233332233223223223322232333322332232232
32233332233223223223323322333322332232232
32233332233223223223322322333322332232232
22233332233223223223323222333322332232232
22233332233223223223322222333322332232232
33323332233223223223323333233322332232232
33323332233223223223322333233322332232232
23323332233223223223323233233322332232232
23323332233223223223322233233322332232232
32323332233223223223323323233322332232232
32323332233223223223322323233322332232232
22323332233223223223323223233322332232232
33223322322323332233223223233322332232232
22323332233223223223322223233322332232232
33223332233223223223323332233322332232232
33223332233223223223322332233322332232232
23223332233223223223323232233322332232232
22332232232233322332232232233322332232232
23223332233223223223322232233322332232232
32223332233223223223323322233322332232232
32223332233223223223322322233322332232232
22223332233223223223323222233322332232232
22223332233223223223322222233322332232232
33332332233223223223323333323322332232232
33332332233223223223322333323322332232232
23332332233223223223323233323322332232232
23332332233223223223322233323322332232232
32332332233223223223323323323322332232232
32332332233223223223322323323322332232232
22332332233223223223323223323322332232232
22332332233223223223322223323322332232232
33232332233223223223323332323322332232232
33232332233223223223322332323322332232232
23232332233223223223323232323322332232232
23232332233223223223322232323322332232232
32232332233223223223323322323322332232232
32232332233223223223322322323322332232232
22232332233223223223323222323322332232232
22232332233223223223322222323322332232232
33322332233223223223323333223322332232232
33322332233223223223322333223322332232232
23322332233223223223323233223322332232232
23322332233223223223322233223322332232232
32322332233223223223323323223322332232232
32322332233223223223322323223322332232232
22322332233223223223323223223322332232232
22322332233223223223322223223322332232232
33222332233223223223323332223322332232232
33222332233223223223322332223322332232232
23222332233223223223323232223322332232232
23222332233223223223322232223322332232232
32222332233223223223323322223322332232232
32222332233223223223322322223322332232232
22222332233223223223323222223322332232232
22222332233223223223322222223322332232232
33333232233223223223323333332322332232232
33333232233223223223322333332322332232232
23333232233223223223323233332322332232232
23333232233223223223322233332322332232232
32333232233223223223323323332322332232232
32333232233223223223322323332322332232232
22333232233223223223323223332322332232232
22333232233223223223322223332322332232232
33233232233223223223323332332322332232232
33233232233223223223322332332322332232232
23233232233223223223323232332322332232232
23233232233223223223322232332322332232232
32233232233223223223323322332322332232232
32233232233223223223322322332322332232232
22233232233223223223323222332322332232232
22233232233223223223322222332322332232232
33323232233223223223323333232322332232232
33323232233223223223322333232322332232232
23323232233223223223323233232322332232232
23323232233223223223322233232322332232232
32323232233223223223323323232322332232232
32323232233223223223322323232322332232232
22323232233223223223323223232322332232232
22323232233223223223322223232322332232232
33223232233223223223323332232322332232232
33223232233223223223322332232322332232232
23223232233223223223323232232322332232232
23223232233223223223322232232322332232232
32223232233223223223323322232322332232232
32223232233223223223322322232322332232232
22223232233223223223323222232322332232232
22223232233223223223322222232322332232232
33332232233223223223323333322322332232232
33332232233223223223322333322322332232232
23332232233223223223323233322322332232232
23332232233223223223322233322322332232232
32332232233223223223323323322322332232232
32332232233223223223322323322322332232232
22332232233223223223323223322322332232232
22332232233223223223322223322322332232232
33322232233223223223323333222322332232232
33322232233223223223322333222322332232232
23322232233223223223323233222322332232232
23322232233223223223322233222322332232232
32322232233223223223323323222322332232232
32322232233223223223322323222322332232232
22322232233223223223323223222322332232232
23223322322322232233223223222322332232232
22322232233223223223322223222322332232232
33222232233223223223323332222322332232232
33222232233223223223322332222322332232232
23222232233223223223323232222322332232232
23222232233223223223322232222322332232232
32222232233223223223323322222322332232232
32222232233223223223322322222322332232232
22222232233223223223323222222322332232232
22222232233223223223322222222322332232232
33333322233223223223323333333222332232232
33333322233223223223322333333222332232232
23333322233223223223323233333222332232232
23333322233223223223322233333222332232232
32333322233223223223323323333222332232232
32333322233223223223322323333222332232232
22333322233223223223323223333222332232232
22333322233223223223322223333222332232232
33233322233223223223323332333222332232232
33233322233223223223322332333222332232232
23233322233223223223323232333222332232232
23233322233223223223322232333222332232232
32233322233223223223323322333222332232232
32233322233223223223322322333222332232232
22233322233223223223323222333222332232232
22233322233223223223322222333222332232232
33323322233223223223323333233222332232232
33323322233223223223322333233222332232232
23323322233223223223323233233222332232232
23323322233223223223322233233222332232232
32323322233223223223323323233222332232232
32323322233223223223322323233222332232232
22323322233223223223323223233222332232232
32223322322323322233223223233222332232232
22323322233223223223322223233222332232232
33223322233223223223323332233222332232232
33223322233223223223322332233222332232232
23223322233223223223323232233222332232232
22332232232233222332232232233222332232232
23223322233223223223322232233222332232232
32223322233223223223323322233222332232232
32223322233223223223322322233222332232232
22223322233223223223323222233222332232232
22223322233223223223322222233222332232232
33332322233223223223323333323222332232232
33332322233223223223322333323222332232232
23332322233223223223323233323222332232232
23332322233223223223322233323222332232232
32332322233223223223323323323222332232232
32332322233223223223322323323222332232232
22332322233223223223323223323222332232232
22332322233223223223322223323222332232232
33232322233223223223323332323222332232232
33232322233223223223322332323222332232232
23232322233223223223323232323222332232232
23232322233223223223322232323222332232232
32232322233223223223323322323222332232232
32232322233223223223322322323222332232232
22232322233223223223323222323222332232232
22232322233223223223322222323222332232232
33322322233223223223323333223222332232232
33322322233223223223322333223222332232232
23322322233223223223323233223222332232232
23322322233223223223322233223222332232232
32322322233223223223323323223222332232232
32322322233223223223322323223222332232232
22322322233223223223323223223222332232232
32223322322322322233223223223222332232232
22322322233223223223322223223222332232232
33222322233223223223323332223222332232232
33222322233223223223322332223222332232232
23222322233223223223323232223222332232232
23222322233223223223322232223222332232232
32222322233223223223323322223222332232232
32222322233223223223322322223222332232232
22222322233223223223323222223222332232232
22222322233223223223322222223222332232232
33333222233223223223323333332222332232232
33333222233223223223322333332222332232232
23333222233223223223323233332222332232232
23333222233223223223322233332222332232232
32333222233223223223323323332222332232232
32333222233223223223322323332222332232232
22333222233223223223323223332222332232232
22333222233223223223322223332222332232232
33233222233223223223323332332222332232232
33233222233223223223322332332222332232232
23233222233223223223323232332222332232232
23233222233223223223322232332222332232232
32233222233223223223323322332222332232232
32233222233223223223322322332222332232232
22233222233223223223323222332222332232232
22233222233223223223322222332222332232232
33323222233223223223323333232222332232232
33323222233223223223322333232222332232232
23323222233223223223323233232222332232232
23323222233223223223322233232222332232232
32323222233223223223323323232222332232232
32323222233223223223322323232222332232232
22323222233223223223323223232222332232232
22323222233223223223322223232222332232232
33223222233223223223323332232222332232232
33223222233223223223322332232222332232232
23223222233223223223323232232222332232232
23223222233223223223322232232222332232232
32223222233223223223323322232222332232232
32223222233223223223322322232222332232232
22223222233223223223323222232222332232232
22223222233223223223322222232222332232232
33332222233223223223323333322222332232232
33332222233223223223322333322222332232232
23332222233223223223323233322222332232232
23332222233223223223322233322222332232232
32332222233223223223323323322222332232232
32332222233223223223322323322222332232232
22332222233223223223323223322222332232232
22332222233223223223322223322222332232232
33232222233223223223323332322222332232232
33232222233223223223322332322222332232232
23232222233223223223323232322222332232232
23232222233223223223322232322222332232232
32232222233223223223323322322222332232232
32232222233223223223322322322222332232232
22232222233223223223323222322222332232232
22232222233223223223322222322222332232232
33322222233223223223323333222222332232232
33322222233223223223322333222222332232232
23322222233223223223323233222222332232232
23322222233223223223322233222222332232232
32322222233223223223323323222222332232232
32322222233223223223322323222222332232232
22322222233223223223323223222222332232232
22223322322322222233223223222222332232232
22322222233223223223322223222222332232232
33222222233223223223323332222222332232232
33222222233223223223322332222222332232232
23222222233223223223323232222222332232232
23222222233223223223322232222222332232232
32222222233223223223323322222222332232232
32222222233223223223322322222222332232232
22222222233223223223323222222222332232232
22222222233223223223322222222222332232232
33232232232322333232232232322333232232232
23232232232322323232232232322323232232232
23232232232322223232232232322223232232232
32232232232322332232232232322332232232232
22232232232322322232232232322322232232232
23223223232223222322322323222322232232232
22232232232322222232232232322222232232232
33333222322323333332223223233333322232232
23333222322322233332223223222333322232232
32333222322323323332223223233233322232232
32333222322322323332223223223233322232232
22333222322322223332223223222233322232232
33233222322323332332223223233323322232232
23233222322322232332223223222323322232232
32233222322323322332223223233223322232232
22233222322322222332223223222223322232232
33323222322323333232223223233332322232232
23323222322322233232223223222332322232232
32323222322323323232223223233232322232232
32323222322322323232223223223232322232232
22323222322322223232223223222232322232232
32223223222322322232233233222322322232232
22322232232223223223323223222322322232232
23222323222322232232223222323222322232232
32223222322322322232223223223222322232232
22223222322322222232223223222222322232232
33332222322323333322223223233333222232232
23332222322322233322223223222333222232232
32332222322323323322223223233233222232232
32332222322322323322223223223233222232232
22332222322322223322223223222233222232232
33232222322323332322223223233323222232232
23232222322322232322223223222323222232232
32232222322323322322223223233223222232232
32232222322322322322223223223223222232232
22232222322322222322223223222223222232232
33322222322323333222223223233332222232232
23322222322322233222223223222332222232232
32322222322323323222223223233232222232232
32322222322322323222223223223232222232232
22322222322322223222223223222232222232232
33222222322323332222223223233322222232232
23222222322322232222223223222322222232232
32222222322323322222223223233222222232232
32222222322322322222223223223222222232232
22222222322322222222223223222222222232232
