33333332222333333333322223333333333222233
23333332222333233333322223332333333222233
23333332222332233333322223322333333222233
32333332222333323333322223333233333222233
22333332222333223333322223332233333222233
22333332222332223333322223322233333222233
33233332222333332333322223333323333222233
23233332222333232333322223332323333222233
23233332222332232333322223322323333222233
32233332222333322333322223333223333222233
22233332222333222333322223332223333222233
22233332222332222333322223322223333222233
33323332222333333233322223333332333222233
23323332222333233233322223332332333222233
23323332222332233233322223322332333222233
33222233233322223322233332222332333222233
32323332222333323233322223333232333222233
22323332222333223233322223332232333222233
22323332222332223233322223322232333222233
33223332222333332233322223333322333222233
32222332233322223322233322223322333222233
23223332222333232233322223332322333222233
23223332222332232233322223322322333222233
32223332222333322233322223333222333222233
22223332222332222233322223322222333222233
33332332222333333323322223333333233222233
23332332222333233323322223332333233222233
23332332222332233323322223322333233222233
32332332222333323323322223333233233222233
22332332222333223323322223332233233222233
22332332222332223323322223322233233222233
33322223323322223322233333222233233222233
33322223323322223322232333222233233222233
23322223323322223322233233222233233222233
23322223323322223322232233222233233222233
33232332222333332323322223333323233222233
23232332222333232323322223332323233222233
23232332222332232323322223322323233222233
32232332222333322323322223333223233222233
22232332222333222323322223332223233222233
22232332222332222323322223322223233222233
33322332222333333223322223333332233222233
23322332222333233223322223332332233222233
23322332222332233223322223322332233222233
33222233223322223322232332222332233222233
32322332222333323223322223333232233222233
22322332222333223223322223332232233222233
22322332222332223223322223322232233222233
33333332223322223322233333333322233222233
33333332223322223322232333333322233222233
23333332223322223322233233333322233222233
23333332223322223322232233333322233222233
32333332223322223322233323333322233222233
32333332223322223322232323333322233222233
22333332223322223322233223333322233222233
22333332223322223322232223333322233222233
33233332223322223322233332333322233222233
33233332223322223322232332333322233222233
23233332223322223322233232333322233222233
23233332223322223322232232333322233222233
32233332223322223322233322333322233222233
32233332223322223322232322333322233222233
22233332223322223322233222333322233222233
22233332223322223322232222333322233222233
33323332223322223322233333233322233222233
33323332223322223322232333233322233222233
23323332223322223322233233233322233222233
23323332223322223322232233233322233222233
32323332223322223322233323233322233222233
32323332223322223322232323233322233222233
22323332223322223322233223233322233222233
22323332223322223322232223233322233222233
33223332223322223322233332233322233222233
33223332223322223322232332233322233222233
23223332223322223322233232233322233222233
23223332223322223322232232233322233222233
32223332223322223322233322233322233222233
32223332223322223322232322233322233222233
22223332223322223322233222233322233222233
22223332223322223322232222233322233222233
33332332223322223322233333323322233222233
33332332223322223322232333323322233222233
23332332223322223322233233323322233222233
23332332223322223322232233323322233222233
32332332223322223322233323323322233222233
32332332223322223322232323323322233222233
22332332223322223322233223323322233222233
22332332223322223322232223323322233222233
33232332223322223322233332323322233222233
33232332223322223322232332323322233222233
23232332223322223322233232323322233222233
23232332223322223322232232323322233222233
32232332223322223322233322323322233222233
32232332223322223322232322323322233222233
22232332223322223322233222323322233222233
22232332223322223322232222323322233222233
33322332223322223322233333223322233222233
33322332223322223322232333223322233222233
23322332223322223322233233223322233222233
23322332223322223322232233223322233222233
32322332223322223322233323223322233222233
32322332223322223322232323223322233222233
22322332223322223322233223223322233222233
22322332223322223322232223223322233222233
33222332223322223322233332223322233222233
33222332223322223322232332223322233222233
23222332223322223322233232223322233222233
23222332223322223322232232223322233222233
22222332223322223322233222223322233222233
22222332223322223322232222223322233222233
33333232223322223322233333332322233222233
33333232223322223322232333332322233222233
23333232223322223322233233332322233222233
23333232223322223322232233332322233222233
32333232223322223322233323332322233222233
32333232223322223322232323332322233222233
22333232223322223322233223332322233222233
22333232223322223322232223332322233222233
33233232223322223322233332332322233222233
33233232223322223322232332332322233222233
23233232223322223322233232332322233222233
23233232223322223322232232332322233222233
32233232223322223322233322332322233222233
32233232223322223322232322332322233222233
22233232223322223322233222332322233222233
22233232223322223322232222332322233222233
33323232223322223322233333232322233222233
33323232223322223322232333232322233222233
23323232223322223322233233232322233222233
23323232223322223322232233232322233222233
32323232223322223322233323232322233222233
32323232223322223322232323232322233222233
22323232223322223322233223232322233222233
22323232223322223322232223232322233222233
33223232223322223322233332232322233222233
33223232223322223322232332232322233222233
23223232223322223322233232232322233222233
23223232223322223322232232232322233222233
32223232223322223322233322232322233222233
32223232223322223322232322232322233222233
22223232223322223322233222232322233222233
22223232223322223322232222232322233222233
33332232223322223322233333322322233222233
33332232223322223322232333322322233222233
23332232223322223322233233322322233222233
23332232223322223322232233322322233222233
32332232223322223322233323322322233222233
32332232223322223322232323322322233222233
22332232223322223322233223322322233222233
22332232223322223322232223322322233222233
23222332222332232223322223322322233222233
33232232223322223322233332322322233222233
33232232223322223322232332322322233222233
23232232223322223322233232322322233222233
23232232223322223322232232322322233222233
32232232223322223322233322322322233222233
32232232223322223322232322322322233222233
22232232223322223322233222322322233222233
22232232223322223322232222322322233222233
33322232223322223322233333222322233222233
33322232223322223322232333222322233222233
23322232223322223322233233222322233222233
23322232223322223322232233222322233222233
32322232223322223322233323222322233222233
32322232223322223322232323222322233222233
22322232223322223322233223222322233222233
22322232223322223322232223222322233222233
33222232223322223322233332222322233222233
33222232223322223322232332222322233222233
23222232223322223322233232222322233222233
23222232223322223322232232222322233222233
32222232223322223322233322222322233222233
32222232223322223322232322222322233222233
22222232223322223322233222222322233222233
22222232223322223322232222222322233222233
33333322223322223322233333333222233222233
33333322223322223322232333333222233222233
23333322223322223322233233333222233222233
23333322223322223322232233333222233222233
32333322223322223322233323333222233222233
32333322223322223322232323333222233222233
22333322223322223322233223333222233222233
22333322223322223322232223333222233222233
33233322223322223322233332333222233222233
33233322223322223322232332333222233222233
23233322223322223322233232333222233222233
23233322223322223322232232333222233222233
32233322223322223322233322333222233222233
32233322223322223322232322333222233222233
22233322223322223322233222333222233222233
22233322223322223322232222333222233222233
33323322223322223322233333233222233222233
33323322223322223322232333233222233222233
23323322223322223322233233233222233222233
23323322223322223322232233233222233222233
32323322223322223322233323233222233222233
32323322223322223322232323233222233222233
22323322223322223322233223233222233222233
22323322223322223322232223233222233222233
33222332222332222332333322233222233222233
33222332222332222332323322233222233222233
23222332222332222332332322233222233222233
23222332222332222332322322233222233222233
33332322223322223322233333323222233222233
33332322223322223322232333323222233222233
23332322223322223322233233323222233222233
23332322223322223322232233323222233222233
32332322223322223322233323323222233222233
32332322223322223322232323323222233222233
22332322223322223322233223323222233222233
22332322223322223322232223323222233222233
33232322223322223322233332323222233222233
33232322223322223322232332323222233222233
23232322223322223322233232323222233222233
23232322223322223322232232323222233222233
32232322223322223322233322323222233222233
32232322223322223322232322323222233222233
22232322223322223322233222323222233222233
22232322223322223322232222323222233222233
33322322223322223322233333223222233222233
33322322223322223322232333223222233222233
23322322223322223322233233223222233222233
23322322223322223322232233223222233222233
32322322223322223322233323223222233222233
32322322223322223322232323223222233222233
22322322223322223322233223223222233222233
22322322223322223322232223223222233222233
33222322223322223322233332223222233222233
33222322223322223322232332223222233222233
23222322223322223322233232223222233222233
23222322223322223322232232223222233222233
32222322223322223322233322223222233222233
32222322223322223322232322223222233222233
22222322223322223322233222223222233222233
22222322223322223322232222223222233222233
33333222223322223322233333332222233222233
33333222223322223322232333332222233222233
23333222223322223322233233332222233222233
23333222223322223322232233332222233222233
32333222223322223322233323332222233222233
32333222223322223322232323332222233222233
22333222223322223322233223332222233222233
22333222223322223322232223332222233222233
33233222223322223322233332332222233222233
33233222223322223322232332332222233222233
23233222223322223322233232332222233222233
23233222223322223322232232332222233222233
32233222223322223322233322332222233222233
32233222223322223322232322332222233222233
22233222223322223322233222332222233222233
22233222223322223322232222332222233222233
33323222223322223322233333232222233222233
33323222223322223322232333232222233222233
23323222223322223322233233232222233222233
23323222223322223322232233232222233222233
32323222223322223322233323232222233222233
32323222223322223322232323232222233222233
22323222223322223322233223232222233222233
22323222223322223322232223232222233222233
33223222223322223322233332232222233222233
33223222223322223322232332232222233222233
23223222223322223322233232232222233222233
23223222223322223322232232232222233222233
32223222223322223322233322232222233222233
32223222223322223322232322232222233222233
22223222223322223322233222232222233222233
22223222223322223322232222232222233222233
33332222223322223322233333322222233222233
33332222223322223322232333322222233222233
23332222223322223322233233322222233222233
23332222223322223322232233322222233222233
32332222223322223322233323322222233222233
32332222223322223322232323322222233222233
22332222223322223322233223322222233222233
22332222223322223322232223322222233222233
22222332222332222223322223322222233222233
33232222223322223322233332322222233222233
33232222223322223322232332322222233222233
23232222223322223322233232322222233222233
23232222223322223322232232322222233222233
32232222223322223322233322322222233222233
32232222223322223322232322322222233222233
22232222223322223322233222322222233222233
22232222223322223322232222322222233222233
33322222223322223322233333222222233222233
33322222223322223322232333222222233222233
23322222223322223322233233222222233222233
23322222223322223322232233222222233222233
32322222223322223322233323222222233222233
32322222223322223322232323222222233222233
22322222223322223322233223222222233222233
22322222223322223322232223222222233222233
33222222223322223322233332222222233222233
33222222223322223322232332222222233222233
23222222223322223322233232222222233222233
23222222223322223322232232222222233222233
32222222223322223322233322222222233222233
32222222223322223322232322222222233222233
22222222223322223322233222222222233222233
22222222223322223322232222222222233222233
33333232222333333332322223333333323222233
23333232222333233332322223332333323222233
23333232222332233332322223322333323222233
32333232222333323332322223333233323222233
22333232222333223332322223332233323222233
22333232222332223332322223322233323222233
33233232222333332332322223333323323222233
23233232222333232332322223332323323222233
23233232222332232332322223322323323222233
32233232222333322332322223333223323222233
22233232222333222332322223332223323222233
33332222332322223322233333322223323222233
33332222332322223322232333322223323222233
23332222332322223322233233322223323222233
23332222332322223322232233322223323222233
32332222332322223322233323322223323222233
32332222332322223322232323322223323222233
22332222332322223322233223322223323222233
22332222332322223322232223322223323222233
33232222332322223322233332322223323222233
33232222332322223322232332322223323222233
23232222332322223322233232322223323222233
23232222332322223322232232322223323222233
32232222332322223322233322322223323222233
32232222332322223322232322322223323222233
22232222332322223322233222322223323222233
22232222332322223322232222322223323222233
33323232222333333232322223333332323222233
23323232222333233232322223332332323222233
23323232222332233232322223322332323222233
23222233232322223322233232222332323222233
32323232222333323232322223333232323222233
22323232222333223232322223332232323222233
22323232222332223232322223322232323222233
33223232222333332232322223333322323222233
32222332232322223322232322223322323222233
23223232222333232232322223332322323222233
23223232222332232232322223322322323222233
32223232222333322232322223333222323222233
32322223322232223232222332223222323222233
22223232222333222232322223332222323222233
22223232222332222232322223322222323222233
33332232222333333322322223333333223222233
23332232222333233322322223332333223222233
23332232222332233322322223322333223222233
32332232222333323322322223333233223222233
22332232222333223322322223332233223222233
22332232222332223322322223322233223222233
32322223322322223322233323222233223222233
32322223322322223322232323222233223222233
22322223322322223322233223222233223222233
22322223322322223322232223222233223222233
33232232222333332322322223333323223222233
23232232222333232322322223332323223222233
23232232222332232322322223322323223222233
32232232222333322322322223333223223222233
22232232222333222322322223332223223222233
32222332223222322322223322232223223222233
22232232222332222322322223322223223222233
33322232222333333222322223333332223222233
23322232222333233222322223332332223222233
22233233222322223322232222332332223222233
23322232222332233222322223322332223222233
32322232222333323222322223333232223222233
22322232222333223222322223332232223222233
22322232222332223222322223322232223222233
33222232222333332222322223333322223222233
23222232222333232222322223332322223222233
23222232222332232222322223322322223222233
32222232222333322222322223333222223222233
22222232222333222222322223332222223222233
22222232222332222222322223322222223222233
33333322222333333333222223333333332222233
23333322222333233333222223332333332222233
23333322222332233333222223322333332222233
32333322222333323333222223333233332222233
22333322222333223333222223332233332222233
22333322222332223333222223322233332222233
33233322222333332333222223333323332222233
23233322222333232333222223332323332222233
23233322222332232333222223322323332222233
32233322222333322333222223333223332222233
22233322222333222333222223332223332222233
22233322222332222333222223322223332222233
33323322222333333233222223333332332222233
23323322222333233233222223332332332222233
23323322222332233233222223322332332222233
32222233233222223322233322222332332222233
32323322222333323233222223333232332222233
22323322222333223233222223332232332222233
22323322222332223233222223322232332222233
33223322222333332233222223333322332222233
22222332233222223322233222223322332222233
23223322222333232233222223332322332222233
23223322222332232233222223322322332222233
32223322222333322233222223333222332222233
33333222233222223322233333332222332222233
33333222233222223322232333332222332222233
23333222233222223322233233332222332222233
23333222233222223322232233332222332222233
32333222233222223322233323332222332222233
32333222233222223322232323332222332222233
22333222233222223322233223332222332222233
22333222233222223322232223332222332222233
33233222233222223322233332332222332222233
33233222233222223322232332332222332222233
23233222233222223322233232332222332222233
23233222233222223322232232332222332222233
32233222233222223322233322332222332222233
32233222233222223322232322332222332222233
22233222233222223322233222332222332222233
22233222233222223322232222332222332222233
33323222233222223322233333232222332222233
33323222233222223322232333232222332222233
23323222233222223322233233232222332222233
23323222233222223322232233232222332222233
32323222233222223322233323232222332222233
32323222233222223322232323232222332222233
22323222233222223322233223232222332222233
22323222233222223322232223232222332222233
33223222233222223322233332232222332222233
33223222233222223322232332232222332222233
23223222233222223322233232232222332222233
23223222233222223322232232232222332222233
32223222233222223322233322232222332222233
32223222233222223322232322232222332222233
22223222233222223322233222232222332222233
22223222233222223322232222232222332222233
33332222233222223322233333322222332222233
33332222233222223322232333322222332222233
23332222233222223322233233322222332222233
23332222233222223322232233322222332222233
32332222233222223322233323322222332222233
32332222233222223322232323322222332222233
22332222233222223322233223322222332222233
22233222223322222332322223322222332222233
33232222233222223322233332322222332222233
33232222233222223322232332322222332222233
23232222233222223322233232322222332222233
23232222233222223322232232322222332222233
32232222233222223322233322322222332222233
32232222233222223322232322322222332222233
22232222233222223322233222322222332222233
22232222233222223322232222322222332222233
33322222233222223322233333222222332222233
33322222233222223322232333222222332222233
23322222233222223322233233222222332222233
23322222233222223322232233222222332222233
32322222233222223322233323222222332222233
32322222233222223322232323222222332222233
22322222233222223322233223222222332222233
22322222233222223322232223222222332222233
33222222233222223322233332222222332222233
33222222233222223322232332222222332222233
23222222233222223322233232222222332222233
23222222233222223322232232222222332222233
32222222233222223322233322222222332222233
32222222233222223322232322222222332222233
22222222233222223322233222222222332222233
22222222233222223322232222222222332222233
33332322222333333323222223333333232222233
23332322222333233323222223332333232222233
23332322222332233323222223322333232222233
32332322222333323323222223333233232222233
22332322222333223323222223332233232222233
22332322222332223323222223322233232222233
33222223323222223322233332222233232222233
33222223323222223322232332222233232222233
23222223323222223322233232222233232222233
23222223323222223322232232222233232222233
33232322222333332323222223333323232222233
23232322222333232323222223332323232222233
23232322222332232323222223322323232222233
32232322222333322323222223333223232222233
22232322222333222323222223332223232222233
22232322222332222323222223322223232222233
33322322222333333223222223333332232222233
23322322222333233223222223332332232222233
23322322222332233223222223322332232222233
32222233223222223322232322222332232222233
32322322222333323223222223333232232222233
22322322222333223223222223332232232222233
22322322222332223223222223322232232222233
33222322222333332223222223333322232222233
23222322222333232223222223332322232222233
23222322222332232223222223322322232222233
32222322222333322223222223333222232222233
22223322223222223322232222233222232222233
22222322222333222223222223332222232222233
22222322222332222223222223322222232222233
33333222222333333332222223333333322222233
23333222222333233332222223332333322222233
23333222222332233332222223322333322222233
32333222222333323332222223333233322222233
22333222222333223332222223332233322222233
22333222222332223332222223322233322222233
33233222222333332332222223333323322222233
23233222222333232332222223332323322222233
23233222222332232332222223322323322222233
32233222222333322332222223333223322222233
22233222222333222332222223332223322222233
22233222222332222332222223322223322222233
33322222332222223322233333222223322222233
33322222332222223322232333222223322222233
23322222332222223322233233222223322222233
23322222332222223322232233222223322222233
32322222332222223322233323222223322222233
32322222332222223322232323222223322222233
22322222332222223322233223222223322222233
22322222332222223322232223222223322222233
33222222332222223322233332222223322222233
33222222332222223322232332222223322222233
23222222332222223322233232222223322222233
23222222332222223322232232222223322222233
32222222332222223322233322222223322222233
32222222332222223322232322222223322222233
22222222332222223322233222222223322222233
22222222332222223322232222222223322222233
33323222222333333232222223333332322222233
23323222222333233232222223332332322222233
23323222222332233232222223322332322222233
22222233232222223322233222222332322222233
32323222222333323232222223333232322222233
22323222222333223232222223332232322222233
22323222222332223232222223322232322222233
33223222222333332232222223333322322222233
22222332232222223322232222223322322222233
23223222222333232232222223332322322222233
23223222222332232232222223322322322222233
32223222222333322232222223333222322222233
32222223322232223222222332223222322222233
22223222222333222232222223332222322222233
22223222222332222232222223322222322222233
33332222222333333322222223333333222222233
23332222222333233322222223332333222222233
23332222222332233322222223322333222222233
32332222222333323322222223333233222222233
22332222222333223322222223332233222222233
22332222222332223322222223322233222222233
32222223322222223322233322222233222222233
32222223322222223322232322222233222222233
22222223322222223322233222222233222222233
22222223322222223322232222222233222222233
33232222222333332322222223333323222222233
23232222222333232322222223332323222222233
23232222222332232322222223322323222222233
32232222222333322322222223333223222222233
22232222222333222322222223332223222222233
22232222222332222322222223322223222222233
33322222222333333222222223333332222222233
23322222222333233222222223332332222222233
23322222222332233222222223322332222222233
22222233222222223322232222222332222222233
32322222222333323222222223333232222222233
22322222222333223222222223332232222222233
22322222222332223222222223322232222222233
33222222222333332222222223333322222222233
23222222222333232222222223332322222222233
23222222222332232222222223322322222222233
32222222222333322222222223333222222222233
22222222222333222222222223332222222222233
22222222222332222222222223322222222222233
