33333332322333333333323223333333333232233
23333332322333233333323223332333333232233
23333332322332233333323223322333333232233
32333332322333323333323223333233333232233
22333332322333223333323223332233333232233
22333332322332223333323223322233333232233
33233332322333332333323223333323333232233
23233332322333232333323223332323333232233
23233332322332232333323223322323333232233
32233332322333322333323223333223333232233
22233332322333222333323223332223333232233
22233332322332222333323223322223333232233
33323332322333333233323223333332333232233
23323332322333233233323223332332333232233
23323332322332233233323223322332333232233
33232233233323223322233332322332333232233
32323332322333323233323223333232333232233
22323332322333223233323223332232333232233
22323332322332223233323223322232333232233
33223332322333332233323223333322333232233
32322332233323223322233323223322333232233
23223332322332232233323223322322333232233
32223332322333322233323223333222333232233
22223332322333222233323223332222333232233
22223332322332222233323223322222333232233
33332332322333333323323223333333233232233
23332332322333233323323223332333233232233
23332332322332233323323223322333233232233
32332332322333323323323223333233233232233
22332332322333223323323223332233233232233
33323223323323223322233333232233233232233
33323223323323223322232333232233233232233
23323223323323223322233233232233233232233
23323223323323223322232233232233233232233
22332332322332223323323223322233233232233
33232332322333332323323223333323233232233
23232332322333232323323223332323233232233
23232332322332232323323223322323233232233
32232332322333322323323223333223233232233
22232332322333222323323223332223233232233
22232332322332222323323223322223233232233
33333333223323223322233333333332233232233
33333333223323223322232333333332233232233
23333333223323223322233233333332233232233
23333333223323223322232233333332233232233
32333333223323223322233323333332233232233
32333333223323223322232323333332233232233
22333333223323223322233223333332233232233
22333333223323223322232223333332233232233
33233333223323223322233332333332233232233
33233333223323223322232332333332233232233
23233333223323223322233232333332233232233
23233333223323223322232232333332233232233
32233333223323223322233322333332233232233
32233333223323223322232322333332233232233
22233333223323223322233222333332233232233
22233333223323223322232222333332233232233
33323333223323223322233333233332233232233
33323333223323223322232333233332233232233
23323333223323223322233233233332233232233
23323333223323223322232233233332233232233
32323333223323223322233323233332233232233
32323333223323223322232323233332233232233
22323333223323223322233223233332233232233
22323333223323223322232223233332233232233
33223333223323223322233332233332233232233
33223333223323223322232332233332233232233
23223333223323223322233232233332233232233
23223333223323223322232232233332233232233
32223333223323223322233322233332233232233
32223333223323223322232322233332233232233
22223333223323223322233222233332233232233
22223333223323223322232222233332233232233
33332333223323223322233333323332233232233
33332333223323223322232333323332233232233
23332333223323223322233233323332233232233
23332333223323223322232233323332233232233
32332333223323223322233323323332233232233
32332333223323223322232323323332233232233
22332333223323223322233223323332233232233
22332333223323223322232223323332233232233
33232333223323223322233332323332233232233
33232333223323223322232332323332233232233
23232333223323223322233232323332233232233
23232333223323223322232232323332233232233
32232333223323223322233322323332233232233
32232333223323223322232322323332233232233
22232333223323223322233222323332233232233
22232333223323223322232222323332233232233
33322333223323223322233333223332233232233
33322333223323223322232333223332233232233
23322333223323223322233233223332233232233
23322333223323223322232233223332233232233
32322333223323223322233323223332233232233
32322333223323223322232323223332233232233
22322333223323223322233223223332233232233
22322333223323223322232223223332233232233
33222333223323223322233332223332233232233
33222333223323223322232332223332233232233
23222333223323223322233232223332233232233
23222333223323223322232232223332233232233
32222333223323223322233322223332233232233
32222333223323223322232322223332233232233
22222333223323223322233222223332233232233
22222333223323223322232222223332233232233
33333233223323223322233333332332233232233
33333233223323223322232333332332233232233
23333233223323223322233233332332233232233
23333233223323223322232233332332233232233
32333233223323223322233323332332233232233
32333233223323223322232323332332233232233
22333233223323223322233223332332233232233
22333233223323223322232223332332233232233
33233233223323223322233332332332233232233
33233233223323223322232332332332233232233
23233233223323223322233232332332233232233
23233233223323223322232232332332233232233
32233233223323223322233322332332233232233
32233233223323223322232322332332233232233
22233233223323223322233222332332233232233
22233233223323223322232222332332233232233
33323233223323223322233333232332233232233
33323233223323223322232333232332233232233
23323233223323223322233233232332233232233
23323233223323223322232233232332233232233
32323233223323223322233323232332233232233
32323233223323223322232323232332233232233
22323233223323223322233223232332233232233
22323233223323223322232223232332233232233
33223233223323223322233332232332233232233
33223233223323223322232332232332233232233
23223233223323223322233232232332233232233
23223233223323223322232232232332233232233
32223233223323223322233322232332233232233
32223233223323223322232322232332233232233
22223233223323223322233222232332233232233
22223233223323223322232222232332233232233
33332233223323223322233333322332233232233
33332233223323223322232333322332233232233
23332233223323223322233233322332233232233
23332233223323223322232233322332233232233
32332233223323223322233323322332233232233
32332233223323223322232323322332233232233
22332233223323223322233223322332233232233
22332233223323223322232223322332233232233
33232233223323223322233332322332233232233
33232233223323223322232332322332233232233
23232233223323223322233232322332233232233
23232233223323223322232232322332233232233
32232233223323223322233322322332233232233
32232233223323223322232322322332233232233
22232233223323223322233222322332233232233
22232233223323223322232222322332233232233
33322233223323223322233333222332233232233
33322233223323223322232333222332233232233
23322233223323223322233233222332233232233
23322233223323223322232233222332233232233
32322233223323223322233323222332233232233
32322233223323223322232323222332233232233
22322233223323223322233223222332233232233
22322233223323223322232223222332233232233
33222233223323223322233332222332233232233
33222233223323223322232332222332233232233
23222233223323223322233232222332233232233
23222233223323223322232232222332233232233
32222233223323223322233322222332233232233
32222233223323223322232322222332233232233
22222233223323223322233222222332233232233
22222233223323223322232222222332233232233
33333323223323223322233333333232233232233
33333323223323223322232333333232233232233
23333323223323223322233233333232233232233
23333323223323223322232233333232233232233
32333323223323223322233323333232233232233
32333323223323223322232323333232233232233
22333323223323223322233223333232233232233
22333323223323223322232223333232233232233
33233323223323223322233332333232233232233
33233323223323223322232332333232233232233
23233323223323223322233232333232233232233
23233323223323223322232232333232233232233
32233323223323223322233322333232233232233
32233323223323223322232322333232233232233
22233323223323223322233222333232233232233
22233323223323223322232222333232233232233
33323323223323223322233333233232233232233
33323323223323223322232333233232233232233
23323323223323223322233233233232233232233
23323323223323223322232233233232233232233
32323323223323223322233323233232233232233
32323323223323223322232323233232233232233
22323323223323223322233223233232233232233
22323323223323223322232223233232233232233
32223323223323223322233322233232233232233
32223323223323223322232322233232233232233
22223323223323223322233222233232233232233
22223323223323223322232222233232233232233
33332323223323223322233333323232233232233
33332323223323223322232333323232233232233
23332323223323223322233233323232233232233
23332323223323223322232233323232233232233
32332323223323223322233323323232233232233
32332323223323223322232323323232233232233
22332323223323223322233223323232233232233
22332323223323223322232223323232233232233
33232323223323223322233332323232233232233
33232323223323223322232332323232233232233
23232323223323223322233232323232233232233
23232323223323223322232232323232233232233
32232323223323223322233322323232233232233
32232323223323223322232322323232233232233
22232323223323223322233222323232233232233
22232323223323223322232222323232233232233
33322323223323223322233333223232233232233
33322323223323223322232333223232233232233
23322323223323223322233233223232233232233
23322323223323223322232233223232233232233
32322323223323223322233323223232233232233
32322323223323223322232323223232233232233
22322323223323223322233223223232233232233
22322323223323223322232223223232233232233
33222323223323223322233332223232233232233
33222323223323223322232332223232233232233
23222323223323223322233232223232233232233
23222323223323223322232232223232233232233
32222323223323223322233322223232233232233
32222323223323223322232322223232233232233
22222323223323223322233222223232233232233
22222323223323223322232222223232233232233
33333223223323223322233333332232233232233
33333223223323223322232333332232233232233
23333223223323223322233233332232233232233
23333223223323223322232233332232233232233
32333223223323223322233323332232233232233
32333223223323223322232323332232233232233
22333223223323223322233223332232233232233
22333223223323223322232223332232233232233
33233223223323223322233332332232233232233
33233223223323223322232332332232233232233
23233223223323223322233232332232233232233
23233223223323223322232232332232233232233
32233223223323223322233322332232233232233
32233223223323223322232322332232233232233
22233223223323223322233222332232233232233
22233223223323223322232222332232233232233
33323223223323223322233333232232233232233
33323223223323223322232333232232233232233
23323223223323223322233233232232233232233
23323223223323223322232233232232233232233
32323223223323223322233323232232233232233
32323223223323223322232323232232233232233
22323223223323223322233223232232233232233
22323223223323223322232223232232233232233
33223223223323223322233332232232233232233
33223223223323223322232332232232233232233
23223223223323223322233232232232233232233
23223223223323223322232232232232233232233
32223223223323223322233322232232233232233
32223223223323223322232322232232233232233
22223223223323223322233222232232233232233
22223223223323223322232222232232233232233
33332223223323223322233333322232233232233
33332223223323223322232333322232233232233
23332223223323223322233233322232233232233
23332223223323223322232233322232233232233
32332223223323223322233323322232233232233
32332223223323223322232323322232233232233
22332223223323223322233223322232233232233
22332223223323223322232223322232233232233
33232223223323223322233332322232233232233
33232223223323223322232332322232233232233
23232223223323223322233232322232233232233
23232223223323223322232232322232233232233
32232223223323223322233322322232233232233
32232223223323223322232322322232233232233
22232223223323223322233222322232233232233
22232223223323223322232222322232233232233
33322223223323223322233333222232233232233
33322223223323223322232333222232233232233
23322223223323223322233233222232233232233
23322223223323223322232233222232233232233
32322223223323223322233323222232233232233
32322223223323223322232323222232233232233
22322223223323223322233223222232233232233
22322223223323223322232223222232233232233
33222223223323223322233332222232233232233
33222223223323223322232332222232233232233
23222223223323223322233232222232233232233
23222223223323223322232232222232233232233
32222223223323223322233322222232233232233
32222223223323223322232322222232233232233
22222223223323223322233222222232233232233
22222223223323223322232222222232233232233
33222332322333332223323223333322233232233
23222332322333232223323223332322233232233
32222332322333322223323223333222233232233
23223322223323223322233232233222233232233
22222332322333222223323223332222233232233
33333232322333333332323223333333323232233
23333232322333233332323223332333323232233
23333232322332233332323223322333323232233
32333232322333323332323223333233323232233
22333232322333223332323223332233323232233
22333232322332223332323223322233323232233
33233232322333332332323223333323323232233
23233232322333232332323223332323323232233
23233232322332232332323223322323323232233
32233232322333322332323223333223323232233
33332322332323223322233333323223323232233
33332322332323223322232333323223323232233
23332322332323223322233233323223323232233
23332322332323223322232233323223323232233
32332322332323223322233323323223323232233
32332322332323223322232323323223323232233
22332322332323223322233223323223323232233
22332322332323223322232223323223323232233
33232322332323223322233332323223323232233
33232322332323223322232332323223323232233
23232322332323223322233232323223323232233
23232322332323223322232232323223323232233
32232322332323223322233322323223323232233
32232322332323223322232322323223323232233
22232322332323223322233222323223323232233
22232322332323223322232222323223323232233
22233232322333222332323223332223323232233
22233232322332222332323223322223323232233
33323232322333333232323223333332323232233
23323232322333233232323223332332323232233
23323232322332233232323223322332323232233
23232233232323223322233232322332323232233
32323232322333323232323223333232323232233
22323232322333223232323223332232323232233
22323232322332223232323223322232323232233
33223232322333332232323223333322323232233
32322332232323223322232323223322323232233
23223232322333232232323223332322323232233
23223232322332232232323223322322323232233
32223232322333322232323223333222323232233
32323223322232223232322332223222323232233
22223232322333222232323223332222323232233
22223232322332222232323223322222323232233
33332232322333333322323223333333223232233
23332232322333233322323223332333223232233
23332232322332233322323223322333223232233
32332232322333323322323223333233223232233
22332232322333223322323223332233223232233
32323223322323223322233323232233223232233
32323223322323223322232323232233223232233
22323223322323223322233223232233223232233
22323223322323223322232223232233223232233
22332232322332223322323223322233223232233
33232232322333332322323223333323223232233
23232232322333232322323223332323223232233
23232232322332232322323223322323223232233
32232232322333322322323223333223223232233
22232232322333222322323223332223223232233
32322332223222322323223322232223223232233
22232232322332222322323223322223223232233
33322232322333333222323223333332223232233
23322232322333233222323223332332223232233
32233233222323223322232322332332223232233
23322232322332233222323223322332223232233
32322232322333323222323223333232223232233
22322232322333223222323223332232223232233
22322232322332223222323223322232223232233
33222232322333332222323223333322223232233
23222232322333232222323223332322223232233
23222232322332232222323223322322223232233
32222232322333322222323223333222223232233
22222232322333222222323223332222223232233
22222232322332222222323223322222223232233
33333322322333333333223223333333332232233
23333322322333233333223223332333332232233
23333322322332233333223223322333332232233
32333322322333323333223223333233332232233
22333322322333223333223223332233332232233
22333322322332223333223223322233332232233
33233322322333332333223223333323332232233
23233322322333232333223223332323332232233
23233322322332232333223223322323332232233
32233322322333322333223223333223332232233
22233322322333222333223223332223332232233
22233322322332222333223223322223332232233
33323322322333333233223223333332332232233
23323322322333233233223223332332332232233
23323322322332233233223223322332332232233
32232233233223223322233322322332332232233
32323322322333323233223223333232332232233
22323322322333223233223223332232332232233
22323322322332223233223223322232332232233
33223322322333332233223223333322332232233
22322332233223223322233223223322332232233
33333232233223223322233333332322332232233
33333232233223223322232333332322332232233
23333232233223223322233233332322332232233
23333232233223223322232233332322332232233
32333232233223223322233323332322332232233
32333232233223223322232323332322332232233
22333232233223223322233223332322332232233
22333232233223223322232223332322332232233
33233232233223223322233332332322332232233
33233232233223223322232332332322332232233
23233232233223223322233232332322332232233
23233232233223223322232232332322332232233
32233232233223223322233322332322332232233
32233232233223223322232322332322332232233
22233232233223223322233222332322332232233
22233232233223223322232222332322332232233
33323232233223223322233333232322332232233
33323232233223223322232333232322332232233
23323232233223223322233233232322332232233
23323232233223223322232233232322332232233
32323232233223223322233323232322332232233
32323232233223223322232323232322332232233
22323232233223223322233223232322332232233
22323232233223223322232223232322332232233
33223232233223223322233332232322332232233
33223232233223223322232332232322332232233
23223232233223223322233232232322332232233
23223232233223223322232232232322332232233
32223232233223223322233322232322332232233
32223232233223223322232322232322332232233
22223232233223223322233222232322332232233
22223232233223223322232222232322332232233
33332232233223223322233333322322332232233
33332232233223223322232333322322332232233
23332232233223223322233233322322332232233
23332232233223223322232233322322332232233
32332232233223223322233323322322332232233
32332232233223223322232323322322332232233
32233223223322322332323223322322332232233
22332232233223223322232223322322332232233
33232232233223223322233332322322332232233
33232232233223223322232332322322332232233
23232232233223223322233232322322332232233
23232232233223223322232232322322332232233
32232232233223223322233322322322332232233
32232232233223223322232322322322332232233
22232232233223223322233222322322332232233
22232232233223223322232222322322332232233
33322232233223223322233333222322332232233
33322232233223223322232333222322332232233
23322232233223223322233233222322332232233
23322232233223223322232233222322332232233
32322232233223223322233323222322332232233
32322232233223223322232323222322332232233
22322232233223223322233223222322332232233
22322232233223223322232223222322332232233
33222232233223223322233332222322332232233
33222232233223223322232332222322332232233
23222232233223223322233232222322332232233
23222232233223223322232232222322332232233
32222232233223223322233322222322332232233
32222232233223223322232322222322332232233
22222232233223223322233222222322332232233
22222232233223223322232222222322332232233
32223322322333322233223223333222332232233
22223322322333222233223223332222332232233
22223322322332222233223223322222332232233
33332322322333333323223223333333232232233
23332322322333233323223223332333232232233
23332322322332233323223223322333232232233
32332322322333323323223223333233232232233
22332322322333223323223223332233232232233
33223223323223223322233332232233232232233
33223223323223223322232332232233232232233
23223223323223223322233232232233232232233
23223223323223223322232232232233232232233
22332322322332223323223223322233232232233
33232322322333332323223223333323232232233
23232322322333232323223223332323232232233
23232322322332232323223223322323232232233
32232322322333322323223223333223232232233
23223223322232232322322332223223232232233
22232322322333222323223223332223232232233
22232322322332222323223223322223232232233
33322322322333333223223223333332232232233
23322322322333233223223223332332232232233
23322322322332233223223223322332232232233
32232233223223223322232322322332232232233
32322322322333323223223223333232232232233
22322322322333223223223223332232232232233
22322322322332223223223223322232232232233
33222322322333332223223223333322232232233
23222322322333232223223223332322232232233
23222322322332232223223223322322232232233
32222322322333322223223223333222232232233
23223322223223223322232232233222232232233
22222322322333222223223223332222232232233
22222322322332222223223223322222232232233
33333222322333333332223223333333322232233
23333222322333233332223223332333322232233
23333222322332233332223223322333322232233
32333222322333323332223223333233322232233
22333222322333223332223223332233322232233
22333222322332223332223223322233322232233
33233222322333332332223223333323322232233
23233222322333232332223223332323322232233
23233222322332232332223223322323322232233
32233222322333322332223223333223322232233
32233222322332223222322233223223322232233
22233222322333222332223223332223322232233
22233222322332222332223223322223322232233
33323222322333333232223223333332322232233
23323222322333233232223223332332322232233
23323222322332233232223223322332322232233
22232233232223223322233222322332322232233
32323222322333323232223223333232322232233
22323222322333223232223223332232322232233
22323222322332223232223223322232322232233
33223222322333332232223223333322322232233
22322332232223223322232223223322322232233
23223222322333232232223223332322322232233
23223222322332232232223223322322322232233
32223222322333322232223223333222322232233
32223223322232223222322332223222322232233
22223222322333222232223223332222322232233
22223222322332222232223223322222322232233
33332222322333333322223223333333222232233
23332222322333233322223223332333222232233
23332222322332233322223223322333222232233
32332222322333323322223223333233222232233
22332222322333223322223223332233222232233
32223223322223223322233322232233222232233
32223223322223223322232322232233222232233
22223223322223223322233222232233222232233
22223223322223223322232222232233222232233
22332222322332223322223223322233222232233
33232222322333332322223223333323222232233
23232222322333232322223223332323222232233
23232222322332232322223223322323222232233
32232222322333322322223223333223222232233
22223223322232232222322332223223222232233
22232222322333222322223223332223222232233
22232222322332222322223223322223222232233
33322222322333333222223223333332222232233
23322222322333233222223223332332222232233
23322222322332233222223223322332222232233
22232233222223223322232222322332222232233
32322222322333323222223223333232222232233
22322222322333223222223223332232222232233
22322222322332223222223223322232222232233
33222222322333332222223223333322222232233
23222222322333232222223223332322222232233
23222222322332232222223223322322222232233
32222222322333322222223223333222222232233
22222222322333222222223223332222222232233
22222222322332222222223223322222222232233
