33333333332323333333333323233333333333232
33333333232223333333333232223333333333232
23333333332322233333333323222333333333232
32333333332323323333333323233233333333232
32333333332322323333333323223233333333232
22333333332322223333333323222233333333232
33233333332323332333333323233323333333232
23333333232223323333333232223323333333232
23233333332322232333333323222323333333232
32233333332323322333333323233223333333232
32233333332322322333333323223223333333232
22233333332322222333333323222223333333232
33323333332323333233333323233332333333232
32333333232223332333333232223332333333232
23323333332322233233333323222332333333232
32323333332323323233333323233232333333232
32323333332322323233333323223232333333232
22323333332322223233333323222232333333232
33223333332323332233333323233322333333232
22333333232223322333333232223322333333232
23223333332322232233333323222322333333232
32223333332323322233333323233222333333232
33332322233333323222323333323222333333232
32223333332322322233333323223222333333232
22223333332322222233333323222222333333232
33332333332323333323333323233333233333232
33233333232223333233333232223333233333232
23332333332322233323333323222333233333232
32332333332323323323333323233233233333232
32332333332322323323333323223233233333232
22332333332322223323333323222233233333232
33232333332323332323333323233323233333232
23233333232223323233333232223323233333232
23232333332322232323333323222323233333232
32232333332323322323333323233223233333232
32232333332322322323333323223223233333232
22232333332322222323333323222223233333232
33322333332323333223333323233332233333232
32233333232223332233333232223332233333232
23322333332322233223333323222332233333232
32322333332323323223333323233232233333232
32322333332322323223333323223232233333232
22322333332322223223333323222232233333232
33222333332323332223333323233322233333232
22233333232223322233333232223322233333232
33333232223333323222323333332322233333232
33333232223333323222322333332322233333232
23333232223333323222323233332322233333232
23333232223333323222322233332322233333232
23222333332322232223333323222322233333232
32222333332323322223333323233222233333232
32222333332322322223333323223222233333232
22222333332322222223333323222222233333232
33333233332323333332333323233333323333232
33323333232223333323333232223333323333232
23333233332322233332333323222333323333232
32333233332323323332333323233233323333232
32333233332322323332333323223233323333232
22333233332322223332333323222233323333232
33233233332323332332333323233323323333232
23323333232223323323333232223323323333232
23233233332322232332333323222323323333232
32233233332323322332333323233223323333232
32233233332322322332333323223223323333232
33323222332333323222323333232223323333232
22233233332322222332333323222223323333232
32323333232223332323333232223332323333232
23323233332322233232333323222332323333232
32323233332323323232333323233232323333232
32323233332322323232333323223232323333232
22323233332322223232333323222232323333232
33223233332323332232333323233322323333232
22323333232223322323333232223322323333232
23223233332322232232333323222322323333232
32223233332323322232333323233222323333232
32223233332322322232333323223222323333232
22223233332322222232333323222222323333232
33332233332323333322333323233333223333232
33223333232223333223333232223333223333232
23332233332322233322333323222333223333232
32332233332323323322333323233233223333232
32332233332322323322333323223233223333232
22332233332322223322333323222233223333232
33232233332323332322333323233323223333232
23223333232223323223333232223323223333232
23232233332322232322333323222323223333232
32232233332323322322333323233223223333232
32232233332322322322333323223223223333232
22232233332322222322333323222223223333232
33322233332323333222333323233332223333232
32223333232223332223333232223332223333232
23322233332322233222333323222332223333232
33333323222333323222323333333232223333232
33333323222333323222322333333232223333232
23333323222333323222323233333232223333232
23333323222333323222322233333232223333232
32333323222333323222323323333232223333232
32333323222333323222322323333232223333232
22333323222333323222323223333232223333232
22333323222333323222322223333232223333232
33233323222333323222323332333232223333232
33233323222333323222322332333232223333232
23233323222333323222323232333232223333232
23233323222333323222322232333232223333232
32233323222333323222323322333232223333232
32233323222333323222322322333232223333232
22233323222333323222323222333232223333232
22233323222333323222322222333232223333232
32322233332323323222333323233232223333232
32322233332322323222333323223232223333232
22322233332322223222333323222232223333232
33222233332323332222333323233322223333232
22223333232223322223333232223322223333232
23222233332322232222333323222322223333232
32222233332323322222333323233222223333232
32222233332322322222333323223222223333232
22222233332322222222333323222222223333232
33333323332323333333233323233333332333232
33332333232223333332333232223333332333232
23333323332322233333233323222333332333232
32333323332323323333233323233233332333232
32333323332322323333233323223233332333232
22333323332322223333233323222233332333232
33233323332323332333233323233323332333232
23332333232223323332333232223323332333232
23233323332322232333233323222323332333232
32233323332323322333233323233223332333232
32233323332322322333233323223223332333232
22233323332322222333233323222223332333232
33323323332323333233233323233332332333232
32332333232223332332333232223332332333232
23323323332322233233233323222332332333232
32323323332323323233233323233232332333232
32323323332322323233233323223232332333232
22323323332322223233233323222232332333232
33223323332323332233233323233322332333232
22332333232223322332333232223322332333232
23223323332322232233233323222322332333232
32223323332323322233233323233222332333232
23332322233233323222323233323222332333232
32223323332322322233233323223222332333232
22223323332322222233233323222222332333232
33332323332323333323233323233333232333232
33232333232223333232333232223333232333232
23332323332323233323233323232333232333232
23332323332322233323233323222333232333232
32332323332323323323233323233233232333232
32332323332322323323233323223233232333232
22332323332322223323233323222233232333232
33232323332323332323233323233323232333232
23232333232223323232333232223323232333232
23232323332322232323233323222323232333232
32232323332323322323233323233223232333232
32232323332322322323233323223223232333232
22232323332322222323233323222223232333232
33322323332323333223233323233332232333232
32232333232223332232333232223332232333232
23322323332322233223233323222332232333232
32322323332323323223233323233232232333232
32322323332322323223233323223232232333232
22322323332322223223233323222232232333232
33222323332323332223233323233322232333232
22232333232223322232333232223322232333232
23222323332322232223233323222322232333232
32222323332323322223233323233222232333232
32222323332322322223233323223222232333232
22222323332322222223233323222222232333232
33333223332323333332233323233333322333232
33322333232223333322333232223333322333232
23333223332322233332233323222333322333232
32333223332323323332233323233233322333232
32333223332322323332233323223233322333232
22333223332322223332233323222233322333232
33233223332323332332233323233323322333232
23322333232223323322333232223323322333232
23233223332322232332233323222323322333232
32233223332323322332233323233223322333232
32233223332322322332233323223223322333232
33323222332233323222322333232223322333232
22233223332322222332233323222223322333232
33323223332323333232233323233332322333232
32322333232223332322333232223332322333232
32323223332323323232233323233232322333232
32323223332322323232233323223232322333232
22323223332322223232233323222232322333232
33223223332323332232233323233322322333232
22322333232223322322333232223322322333232
23223223332322232232233323222322322333232
32223223332323322232233323233222322333232
32223223332322322232233323223222322333232
22223223332322222232233323222222322333232
33332223332323333322233323233333222333232
33222333232223333222333232223333222333232
23332223332322233322233323222333222333232
32332223332323323322233323233233222333232
32332223332322323322233323223233222333232
22332223332322223322233323222233222333232
33333332322233323222323333333323222333232
33333332322233323222322333333323222333232
23333332322233323222323233333323222333232
23333332322233323222322233333323222333232
32333332322233323222323323333323222333232
32333332322233323222322323333323222333232
22333332322233323222323223333323222333232
22333332322233323222322223333323222333232
33233332322233323222323332333323222333232
33233332322233323222322332333323222333232
23233332322233323222323232333323222333232
23233332322233323222322232333323222333232
32233332322233323222323322333323222333232
32233332322233323222322322333323222333232
22233332322233323222323222333323222333232
22233332322233323222322222333323222333232
33323332322233323222323333233323222333232
33323332322233323222322333233323222333232
23323332322233323222323233233323222333232
23323332322233323222322233233323222333232
33232223332323332322233323233323222333232
32323332322233323222323323233323222333232
32323332322233323222322323233323222333232
22323332322233323222323223233323222333232
22323332322233323222322223233323222333232
33223332322233323222323332233323222333232
33223332322233323222322332233323222333232
23223332322233323222323232233323222333232
23223332322233323222322232233323222333232
32223332322233323222323322233323222333232
32223332322233323222322322233323222333232
22223332322233323222323222233323222333232
22223332322233323222322222233323222333232
33332332322233323222323333323323222333232
33332332322233323222322333323323222333232
23332332322233323222323233323323222333232
23332332322233323222322233323323222333232
32332332322233323222323323323323222333232
32332332322233323222322323323323222333232
22332332322233323222323223323323222333232
22332332322233323222322223323323222333232
33232332322233323222323332323323222333232
33232332322233323222322332323323222333232
23232332322233323222323232323323222333232
23232332322233323222322232323323222333232
32232332322233323222323322323323222333232
32232332322233323222322322323323222333232
22232332322233323222323222323323222333232
22232332322233323222322222323323222333232
33322332322233323222323333223323222333232
33322332322233323222322333223323222333232
23322332322233323222323233223323222333232
23322332322233323222322233223323222333232
32322332322233323222323323223323222333232
32322332322233323222322323223323222333232
22322332322233323222323223223323222333232
22322332322233323222322223223323222333232
33222332322233323222323332223323222333232
33222332322233323222322332223323222333232
23222333232223323222333232223323222333232
23222332322233323222323232223323222333232
23222332322233323222322232223323222333232
32222332322233323222323322223323222333232
32222332322233323222322322223323222333232
22222332322233323222323222223323222333232
22222332322233323222322222223323222333232
23232223332322232322233323222323222333232
32232223332323322322233323233223222333232
32232223332322322322233323223223222333232
22232223332322222322233323222223222333232
33322223332323333222233323233332222333232
32222333232223332222333232223332222333232
23322223332322233222233323222332222333232
32322223332323323222233323233232222333232
32322223332322323222233323223232222333232
22322223332322223222233323222232222333232
33222223332323332222233323233322222333232
22222333232223322222333232223322222333232
23222223332322232222233323222322222333232
32222223332323322222233323233222222333232
32222223332322322222233323223222222333232
22222223332322222222233323222222222333232
