33333332232333333333322323333333333223233
23333332232333233333322323332333333223233
32333332232333323333322323333233333223233
22333332232333223333322323332233333223233
33233332232333332333322323333323333223233
23233332232333232333322323332323333223233
32233332232333322333322323333223333223233
22233332232333222333322323332223333223233
33323332232333333233322323333332333223233
23323332232333233233322323332332333223233
33223233233322323322233332232332333223233
32323332232333323233322323333232333223233
33223332232333332233322323333322333223233
32232332233322323322233322323322333223233
23223332232333232233322323332322333223233
32223332232333322233322323333222333223233
22223332232333222233322323332222333223233
33332332232333333323322323333333233223233
23332332232333233323322323332333233223233
32332332232333323323322323333233233223233
33322323323322323322233333223233233223233
33322323323322323322232333223233233223233
23322323323322323322233233223233233223233
23322323323322323322232233223233233223233
22332332232333223323322323332233233223233
33333332323322323322233333333323233223233
33333332323322323322232333333323233223233
23333332323322323322233233333323233223233
23333332323322323322232233333323233223233
32333332323322323322233323333323233223233
32333332323322323322232323333323233223233
22333332323322323322233223333323233223233
22333332323322323322232223333323233223233
33233332323322323322233332333323233223233
33233332323322323322232332333323233223233
23233332323322323322233232333323233223233
23233332323322323322232232333323233223233
32233332323322323322233322333323233223233
32233332323322323322232322333323233223233
22233332323322323322233222333323233223233
22233332323322323322232222333323233223233
33323332323322323322233333233323233223233
33323332323322323322232333233323233223233
23323332323322323322233233233323233223233
23323332323322323322232233233323233223233
32323332323322323322233323233323233223233
32323332323322323322232323233323233223233
22323332323322323322233223233323233223233
22323332323322323322232223233323233223233
33223332323322323322233332233323233223233
33223332323322323322232332233323233223233
23223332323322323322233232233323233223233
23223332323322323322232232233323233223233
32223332323322323322233322233323233223233
32223332323322323322232322233323233223233
22223332323322323322233222233323233223233
22223332323322323322232222233323233223233
33332332323322323322233333323323233223233
33332332323322323322232333323323233223233
23332332323322323322233233323323233223233
23332332323322323322232233323323233223233
32332332323322323322233323323323233223233
32332332323322323322232323323323233223233
22332332323322323322233223323323233223233
22332332323322323322232223323323233223233
33232332323322323322233332323323233223233
33232332323322323322232332323323233223233
23232332323322323322233232323323233223233
23232332323322323322232232323323233223233
32232332323322323322233322323323233223233
32232332323322323322232322323323233223233
22232332323322323322233222323323233223233
22232332323322323322232222323323233223233
33322332323322323322233333223323233223233
33322332323322323322232333223323233223233
23322332323322323322233233223323233223233
23322332323322323322232233223323233223233
32322332323322323322233323223323233223233
32322332323322323322232323223323233223233
22322332323322323322233223223323233223233
22322332323322323322232223223323233223233
33222332323322323322233332223323233223233
33222332323322323322232332223323233223233
23222332323322323322233232223323233223233
23222332323322323322232232223323233223233
32222332323322323322233322223323233223233
32222332323322323322232322223323233223233
22222332323322323322233222223323233223233
22222332323322323322232222223323233223233
33333232323322323322233333332323233223233
33333232323322323322232333332323233223233
23333232323322323322233233332323233223233
23333232323322323322232233332323233223233
32333232323322323322233323332323233223233
32333232323322323322232323332323233223233
22333232323322323322233223332323233223233
22333232323322323322232223332323233223233
33233232323322323322233332332323233223233
33233232323322323322232332332323233223233
23233232323322323322233232332323233223233
23233232323322323322232232332323233223233
32233232323322323322233322332323233223233
32233232323322323322232322332323233223233
22233232323322323322233222332323233223233
22233232323322323322232222332323233223233
33323232323322323322233333232323233223233
33323232323322323322232333232323233223233
23323232323322323322233233232323233223233
23323232323322323322232233232323233223233
32323232323322323322233323232323233223233
32323232323322323322232323232323233223233
22323232323322323322233223232323233223233
22323232323322323322232223232323233223233
33223232323322323322233332232323233223233
33223232323322323322232332232323233223233
23223232323322323322233232232323233223233
23223232323322323322232232232323233223233
32223232323322323322233322232323233223233
32223232323322323322232322232323233223233
22223232323322323322233222232323233223233
22223232323322323322232222232323233223233
33332232323322323322233333322323233223233
33332232323322323322232333322323233223233
23332232323322323322233233322323233223233
23332232323322323322232233322323233223233
32332232323322323322233323322323233223233
32332232323322323322232323322323233223233
22332232323322323322233223322323233223233
22332232323322323322232223322323233223233
33232232323322323322233332322323233223233
33232232323322323322232332322323233223233
23232232323322323322233232322323233223233
23232232323322323322232232322323233223233
32232232323322323322233322322323233223233
32232232323322323322232322322323233223233
22232232323322323322233222322323233223233
22232232323322323322232222322323233223233
33322232323322323322233333222323233223233
33322232323322323322232333222323233223233
23322232323322323322233233222323233223233
23322232323322323322232233222323233223233
32322232323322323322233323222323233223233
32322232323322323322232323222323233223233
22322232323322323322233223222323233223233
22322232323322323322232223222323233223233
33222232323322323322233332222323233223233
33222232323322323322232332222323233223233
23222232323322323322233232222323233223233
23222232323322323322232232222323233223233
32222232323322323322233322222323233223233
32222232323322323322232322222323233223233
22222232323322323322233222222323233223233
22222232323322323322232222222323233223233
33333322323322323322233333333223233223233
33333322323322323322232333333223233223233
23333322323322323322233233333223233223233
23333322323322323322232233333223233223233
32333322323322323322233323333223233223233
32333322323322323322232323333223233223233
22333322323322323322233223333223233223233
22333322323322323322232223333223233223233
33233322323322323322233332333223233223233
33233322323322323322232332333223233223233
23233322323322323322233232333223233223233
23233322323322323322232232333223233223233
32233322323322323322233322333223233223233
32233322323322323322232322333223233223233
22233322323322323322233222333223233223233
22233322323322323322232222333223233223233
32332232332232332233222333233223233223233
23233223233223233232223323233223233223233
33223322323322323322233332233223233223233
33223322323322323322232332233223233223233
23223322323322323322233232233223233223233
23223322323322323322232232233223233223233
32223322323322323322233322233223233223233
32223322323322323322232322233223233223233
22223322323322323322233222233223233223233
22223322323322323322232222233223233223233
33332322323322323322233333323223233223233
33332322323322323322232333323223233223233
23332322323322323322233233323223233223233
23332322323322323322232233323223233223233
32332322323322323322233323323223233223233
32332322323322323322232323323223233223233
22332322323322323322233223323223233223233
22332322323322323322232223323223233223233
33232322323322323322233332323223233223233
33232322323322323322232332323223233223233
23232322323322323322233232323223233223233
23232322323322323322232232323223233223233
32232322323322323322233322323223233223233
32232322323322323322232322323223233223233
22232322323322323322233222323223233223233
22232322323322323322232222323223233223233
33322322323322323322233333223223233223233
33322322323322323322232333223223233223233
23322322323322323322233233223223233223233
23322322323322323322232233223223233223233
32322322323322323322233323223223233223233
32322322323322323322232323223223233223233
22322322323322323322233223223223233223233
22322322323322323322232223223223233223233
33222322323322323322233332223223233223233
33222322323322323322232332223223233223233
23222322323322323322233232223223233223233
23222322323322323322232232223223233223233
32222322323322323322233322223223233223233
32222322323322323322232322223223233223233
22222322323322323322233222223223233223233
22222322323322323322232222223223233223233
33333222323322323322233333332223233223233
33333222323322323322232333332223233223233
23333222323322323322233233332223233223233
23333222323322323322232233332223233223233
32333222323322323322233323332223233223233
32333222323322323322232323332223233223233
22333222323322323322233223332223233223233
22333222323322323322232223332223233223233
33233222323322323322233332332223233223233
33233222323322323322232332332223233223233
23233222323322323322233232332223233223233
23233222323322323322232232332223233223233
32233222323322323322233322332223233223233
32233222323322323322232322332223233223233
22233222323322323322233222332223233223233
22233222323322323322232222332223233223233
33323222323322323322233333232223233223233
33323222323322323322232333232223233223233
23323222323322323322233233232223233223233
23323222323322323322232233232223233223233
32323222323322323322233323232223233223233
32323222323322323322232323232223233223233
22323222323322323322233223232223233223233
22323222323322323322232223232223233223233
33223222323322323322233332232223233223233
33223222323322323322232332232223233223233
23223222323322323322233232232223233223233
23223222323322323322232232232223233223233
32223222323322323322233322232223233223233
32223222323322323322232322232223233223233
22223222323322323322233222232223233223233
22223222323322323322232222232223233223233
33332222323322323322233333322223233223233
33332222323322323322232333322223233223233
23332222323322323322233233322223233223233
23332222323322323322232233322223233223233
32332222323322323322233323322223233223233
32332222323322323322232323322223233223233
22332222323322323322233223322223233223233
22332222323322323322232223322223233223233
33232222323322323322233332322223233223233
33232222323322323322232332322223233223233
23232222323322323322233232322223233223233
23232222323322323322232232322223233223233
32232222323322323322233322322223233223233
32232222323322323322232322322223233223233
22232222323322323322233222322223233223233
22232222323322323322232222322223233223233
33322222323322323322233333222223233223233
33322222323322323322232333222223233223233
23322222323322323322233233222223233223233
23322222323322323322232233222223233223233
32322222323322323322233323222223233223233
32322222323322323322232323222223233223233
22322222323322323322233223222223233223233
22322222323322323322232223222223233223233
33222222323322323322233332222223233223233
33222222323322323322232332222223233223233
23222222323322323322233232222223233223233
23222222323322323322232232222223233223233
32222222323322323322233322222223233223233
32222222323322323322232322222223233223233
22222222323322323322233222222223233223233
22222222323322323322232222222223233223233
33322332232333333223322323333332233223233
23322332232333233223322323332332233223233
33223233223322323322232332232332233223233
32322332232333323223322323333232233223233
22322332232333223223322323332232233223233
33222332232333332223322323333322233223233
23222332232333232223322323332322233223233
23322232223222332232332223222322233223233
32222332232333322223322323333222233223233
22323322223322323322233223233222233223233
22222332232333222223322323332222233223233
33333232232333333332322323333333323223233
23333232232333233332322323332333323223233
32333232232333323332322323333233323223233
22333232232333223332322323332233323223233
33233232232333332332322323333323323223233
23233232232333232332322323332323323223233
33332232332322323322233333322323323223233
33332232332322323322232333322323323223233
23332232332322323322233233322323323223233
23332232332322323322232233322323323223233
32332232332322323322233323322323323223233
32332232332322323322232323322323323223233
22332232332322323322233223322323323223233
22332232332322323322232223322323323223233
33232232332322323322233332322323323223233
33232232332322323322232332322323323223233
23232232332322323322233232322323323223233
23232232332322323322232232322323323223233
32232232332322323322233322322323323223233
32232232332322323322232322322323323223233
22232232332322323322233222322323323223233
22232232332322323322232222322323323223233
32233232232333322332322323333223323223233
22233232232333222332322323332223323223233
33323232232333333232322323333332323223233
23323232232333233232322323332332323223233
23223233232322323322233232232332323223233
32323232232333323232322323333232323223233
22323232232333223232322323332232323223233
33223232232333332232322323333322323223233
32232332232322323322232322323322323223233
23223232232333232232322323332322323223233
32223232232333322232322323333222323223233
32322323322232223232232332223222323223233
22223232232333222232322323332222323223233
33332232232333333322322323333333223223233
23332232232333233322322323332333223223233
32332232232333323322322323333233223223233
32322323322322323322233323223233223223233
32322323322322323322232323223233223223233
22322323322322323322233223223233223223233
22322323322322323322232223223233223223233
22332232232333223322322323332233223223233
33232232232333332322322323333323223223233
23232232232333232322322323332323223223233
32232232232333322322322323333223223223233
22232232232333222322322323332223223223233
32232332223222322322323322232223223223233
33322232232333333222322323333332223223233
23322232232333233222322323332332223223233
23233233222322323322232232332332223223233
32322232232333323222322323333232223223233
22322232232333223222322323332232223223233
33222232232333332222322323333322223223233
23222232232333232222322323332322223223233
32222232232333322222322323333222223223233
22222232232333222222322323332222223223233
33333322232333333333222323333333332223233
23333322232333233333222323332333332223233
32333322232333323333222323333233332223233
22333322232333223333222323332233332223233
33233322232333332333222323333323332223233
23233322232333232333222323332323332223233
32233322232333322333222323333223332223233
22233322232333222333222323332223332223233
33323322232333333233222323333332332223233
23323322232333233233222323332332332223233
32323322232333323233222323333232332223233
22323322232332223222322233232232332223233
23322232332223233222332223322232332223233
22323322232332223222322233222232332223233
33223322232333332233222323333322332223233
23223322232333232233222323332322332223233
32223322232333322233222323333222332223233
22223322232333222233222323332222332223233
33332322232333333323222323333333232223233
23332322232333233323222323332333232223233
32332322232333323323222323333233232223233
33222323323222323322233332223233232223233
33222323323222323322232332223233232223233
23222323323222323322233232223233232223233
23222323323222323322232232223233232223233
22332322232333223323222323332233232223233
33232322232333332323222323333323232223233
23232322232333232323222323332323232223233
32232322232333322323222323333223232223233
22232322232333222323222323332223232223233
33322322232333333223222323333332232223233
23322322232333233223222323332332232223233
32223233223222323322232322232332232223233
32322322232333323223222323333232232223233
22322322232333223223222323332232232223233
33222322232333332223222323333322232223233
23222322232333232223222323332322232223233
32222322232333322223222323333222232223233
22323322223222323322232223233222232223233
22222322232333222223222323332222232223233
33333222232333333332222323333333322223233
23333222232333233332222323332333322223233
32333222232333323332222323333233322223233
22333222232333223332222323332233322223233
33233222232333332332222323333323322223233
23233222232333232332222323332323322223233
33322232332222323322233333222323322223233
33322232332222323322232333222323322223233
23322232332222323322233233222323322223233
23322232332222323322232233222323322223233
32322232332222323322233323222323322223233
32322232332222323322232323222323322223233
22322232332222323322233223222323322223233
22322232332222323322232223222323322223233
33222232332222323322233332222323322223233
23222232332222323322233232222323322223233
23222232332222323322232232222323322223233
32222232332222323322233322222323322223233
32222232332222323322232322222323322223233
22222232332222323322233222222323322223233
22222232332222323322232222222323322223233
32233222232333322332222323333223322223233
22233222232333222332222323332223322223233
33323222232333333232222323333332322223233
23323222232333233232222323332332322223233
22223233232222323322233222232332322223233
32323222232333323232222323333232322223233
22323222232333223232222323332232322223233
33223222232333332232222323333322322223233
22232332232222323322232222323322322223233
23223222232333232232222323332322322223233
32223222232333322232222323333222322223233
32222323322232223222232332223222322223233
22223222232333222232222323332222322223233
33332222232333333322222323333333222223233
23332222232333233322222323332333222223233
32332222232333323322222323333233222223233
32222323322222323322233322223233222223233
32222323322222323322232322223233222223233
22222323322222323322233222223233222223233
22222323322222323322232222223233222223233
22332222232333223322222323332233222223233
33232222232333332322222323333323222223233
23232222232333232322222323332323222223233
32232222232333322322222323333223222223233
22232222232333222322222323332223222223233
33322222232333333222222323333332222223233
23322222232333233222222323332332222223233
22223233222222323322232222232332222223233
32322222232333323222222323333232222223233
22322222232333223222222323332232222223233
33222222232333332222222323333322222223233
23222222232333232222222323332322222223233
32222222232333322222222323333222222223233
22222222232333222222222323332222222223233
