33333323232332333333323232332333333323232
33332323233222333333232323322233333323232
23333323232332323333323232332323333323232
23333323232332223333323232332223333323232
32333323232332332333323232332332333323232
22333323232332322333323232332322333323232
22333323232332222333323232332222333323232
33233323232332333233323232332333233323232
32323233233323232332223332323233233323232
23332323233222332333232323322233233323232
23233323232332323233323232332323233323232
23233323232332223233323232332223233323232
32233323232332332233323232332332233323232
22233323232332322233323232332322233323232
22233323232332222233323232332222233323232
33323323232332333323323232332333323323232
32332323233222333233232323322233323323232
23323323232332323323323232332323323323232
33232323323323232332223333232323323323232
33232323323323232332223233232323323323232
23323323232332223323323232332223323323232
33333332323323232332223333333332323323232
33333332323323232332223233333332323323232
23333332323323232332223323333332323323232
23333332323323232332223223333332323323232
32333332323323232332223332333332323323232
32333332323323232332223232333332323323232
22333332323323232332223322333332323323232
22333332323323232332223222333332323323232
33233332323323232332223333233332323323232
33233332323323232332223233233332323323232
23233332323323232332223323233332323323232
23233332323323232332223223233332323323232
32233332323323232332223332233332323323232
32233332323323232332223232233332323323232
22233332323323232332223322233332323323232
22233332323323232332223222233332323323232
33323332323323232332223333323332323323232
33323332323323232332223233323332323323232
23323332323323232332223323323332323323232
23323332323323232332223223323332323323232
32323332323323232332223332323332323323232
32323332323323232332223232323332323323232
22323332323323232332223322323332323323232
22323332323323232332223222323332323323232
33223332323323232332223333223332323323232
33223332323323232332223233223332323323232
23223332323323232332223323223332323323232
23223332323323232332223223223332323323232
32223332323323232332223332223332323323232
32223332323323232332223232223332323323232
22223332323323232332223322223332323323232
22223332323323232332223222223332323323232
33332332323323232332223333332332323323232
33332332323323232332223233332332323323232
23332332323323232332223323332332323323232
23332332323323232332223223332332323323232
32332332323323232332223332332332323323232
32323323232332332323323232332332323323232
32332332323323232332223232332332323323232
22332332323323232332223322332332323323232
22332332323323232332223222332332323323232
33232332323323232332223333232332323323232
33232332323323232332223233232332323323232
23232332323323232332223323232332323323232
23232332323323232332223223232332323323232
32232332323323232332223332232332323323232
32232332323323232332223232232332323323232
22232332323323232332223322232332323323232
22232332323323232332223222232332323323232
33322332323323232332223333322332323323232
33322332323323232332223233322332323323232
23322332323323232332223323322332323323232
23322332323323232332223223322332323323232
32322332323323232332223332322332323323232
32322332323323232332223232322332323323232
22322332323323232332223322322332323323232
22322332323323232332223222322332323323232
33222332323323232332223333222332323323232
33222332323323232332223233222332323323232
23222332323323232332223323222332323323232
23222332323323232332223223222332323323232
32222332323323232332223332222332323323232
32222332323323232332223232222332323323232
22222332323323232332223322222332323323232
22222332323323232332223222222332323323232
33333232323323232332223333333232323323232
33333232323323232332223233333232323323232
23333232323323232332223323333232323323232
23333232323323232332223223333232323323232
32333232323323232332223332333232323323232
32333232323323232332223232333232323323232
22333232323323232332223322333232323323232
22333232323323232332223222333232323323232
33233232323323232332223333233232323323232
33233232323323232332223233233232323323232
23233232323323232332223223233232323323232
32233232323323232332223332233232323323232
32233232323323232332223232233232323323232
22233232323323232332223322233232323323232
22233232323323232332223222233232323323232
33323232323323232332223333323232323323232
33323232323323232332223233323232323323232
23323232323323232332223323323232323323232
23323232323323232332223223323232323323232
32323232323323232332223332323232323323232
32323232323323232332223232323232323323232
22323232323323232332223322323232323323232
22323232323323232332223222323232323323232
33223232323323232332223333223232323323232
33223232323323232332223233223232323323232
23223232323323232332223323223232323323232
23223232323323232332223223223232323323232
32223232323323232332223332223232323323232
32223232323323232332223232223232323323232
22223232323323232332223322223232323323232
22223232323323232332223222223232323323232
33332232323323232332223333332232323323232
33332232323323232332223233332232323323232
23332232323323232332223323332232323323232
23332232323323232332223223332232323323232
32332232323323232332223332332232323323232
32332232323323232332223232332232323323232
22332232323323232332223322332232323323232
22332232323323232332223222332232323323232
33232232323323232332223333232232323323232
33232232323323232332223233232232323323232
23232232323323232332223323232232323323232
23232232323323232332223223232232323323232
32232232323323232332223332232232323323232
32232232323323232332223232232232323323232
22232232323323232332223322232232323323232
22232232323323232332223222232232323323232
33322232323323232332223333322232323323232
33322232323323232332223233322232323323232
23322232323323232332223323322232323323232
23322232323323232332223223322232323323232
32322232323323232332223332322232323323232
32322232323323232332223232322232323323232
22322232323323232332223322322232323323232
22322232323323232332223222322232323323232
33222232323323232332223333222232323323232
33222232323323232332223233222232323323232
23222232323323232332223323222232323323232
23222232323323232332223223222232323323232
32222232323323232332223332222232323323232
32222232323323232332223232222232323323232
22222232323323232332223322222232323323232
22222232323323232332223222222232323323232
22323323232332322323323232332322323323232
22323323232332222323323232332222323323232
33223323232332333223323232332333223323232
22332323233222332233232323322233223323232
23223323232332323223323232332323223323232
23223323232332223223323232332223223323232
32223323232332332223323232332332223323232
22223323232332322223323232332322223323232
22223323232332222223323232332222223323232
