33333333232333333333332323333333333323233
23333333232333233333332323332333333323233
32333333232333323333332323333233333323233
22333333232333223333332323332233333323233
33233333232333332333332323333323333323233
23233333232333232333332323332323333323233
32233333232333322333332323333223333323233
22233333232333222333332323332223333323233
33323333232333333233332323333332333323233
23323333232333233233332323332332333323233
33323233233332323322233333232332333323233
22323333232333223233332323332232333323233
33223333232333332233332323333322333323233
33232332233332323322233332323322333323233
23223333232333232233332323332322333323233
32223333232333322233332323333222333323233
22223333232333222233332323332222333323233
33332333232333333323332323333333233323233
23332333232333233323332323332333233323233
32332333232333323323332323333233233323233
33332323323332323322233333323233233323233
33332323323332323322232333323233233323233
23332323323332323322233233323233233323233
23332323323332323322232233323233233323233
22332333232333223323332323332233233323233
33232333232333332323332323333323233323233
23232333232333232323332323332323233323233
32232333232333322323332323333223233323233
22232333232333222323332323332223233323233
33322333232333333223332323333332233323233
23322333232333233223332323332332233323233
33323233223332323322232333232332233323233
32322333232333323223332323333232233323233
22322333232333223223332323332232233323233
33222333232333332223332323333322233323233
23222333232333232223332323332322233323233
32222333232333322223332323333222233323233
32323322223332323322233323233222233323233
22222333232333222223332323332222233323233
33333333332332323322233333333333323323233
33333333332332323322232333333333323323233
23333333332332323322233233333333323323233
23333333332332323322232233333333323323233
32333333332332323322233323333333323323233
32333333332332323322232323333333323323233
22333333332332323322233223333333323323233
22333333332332323322232223333333323323233
33233333332332323322233332333333323323233
33233333332332323322232332333333323323233
23233333332332323322233232333333323323233
23233333332332323322232232333333323323233
32233333332332323322233322333333323323233
32233333332332323322232322333333323323233
22233333332332323322233222333333323323233
22233333332332323322232222333333323323233
33323333332332323322233333233333323323233
33323333332332323322232333233333323323233
23323333332332323322233233233333323323233
23323333332332323322232233233333323323233
32323333332332323322233323233333323323233
32323333332332323322232323233333323323233
22323333332332323322233223233333323323233
22323333332332323322232223233333323323233
33223333332332323322233332233333323323233
33223333332332323322232332233333323323233
23223333332332323322233232233333323323233
23223333332332323322232232233333323323233
32223333332332323322233322233333323323233
32223333332332323322232322233333323323233
22223333332332323322233222233333323323233
22223333332332323322232222233333323323233
33332333332332323322233333323333323323233
33332333332332323322232333323333323323233
23332333332332323322233233323333323323233
23332333332332323322232233323333323323233
32332333332332323322233323323333323323233
32332333332332323322232323323333323323233
22332333332332323322233223323333323323233
22332333332332323322232223323333323323233
33232333332332323322233332323333323323233
33232333332332323322232332323333323323233
23232333332332323322233232323333323323233
23232333332332323322232232323333323323233
32232333332332323322233322323333323323233
32232333332332323322232322323333323323233
22232333332332323322233222323333323323233
22232333332332323322232222323333323323233
33322333332332323322233333223333323323233
33322333332332323322232333223333323323233
23322333332332323322233233223333323323233
23322333332332323322232233223333323323233
32322333332332323322233323223333323323233
32322333332332323322232323223333323323233
22322333332332323322233223223333323323233
22322333332332323322232223223333323323233
33222333332332323322233332223333323323233
33222333332332323322232332223333323323233
23222333332332323322233232223333323323233
23222333332332323322232232223333323323233
32222333332332323322233322223333323323233
32222333332332323322232322223333323323233
22222333332332323322233222223333323323233
22222333332332323322232222223333323323233
33333233332332323322233333332333323323233
33333233332332323322232333332333323323233
23333233332332323322233233332333323323233
23333233332332323322232233332333323323233
32333233332332323322233323332333323323233
32333233332332323322232323332333323323233
22333233332332323322233223332333323323233
22333233332332323322232223332333323323233
33233233332332323322233332332333323323233
33233233332332323322232332332333323323233
23233233332332323322233232332333323323233
23233233332332323322232232332333323323233
32233233332332323322233322332333323323233
32233233332332323322232322332333323323233
22233233332332323322233222332333323323233
22233233332332323322232222332333323323233
33323233332332323322233333232333323323233
33323233332332323322232333232333323323233
23323233332332323322233233232333323323233
23323233332332323322232233232333323323233
32323233332332323322233323232333323323233
32323233332332323322232323232333323323233
22323233332332323322233223232333323323233
22323233332332323322232223232333323323233
33223233332332323322233332232333323323233
33223233332332323322232332232333323323233
23223233332332323322233232232333323323233
23223233332332323322232232232333323323233
32223233332332323322233322232333323323233
32223233332332323322232322232333323323233
22223233332332323322233222232333323323233
22223233332332323322232222232333323323233
33332233332332323322233333322333323323233
33332233332332323322232333322333323323233
23332233332332323322233233322333323323233
23332233332332323322232233322333323323233
32332233332332323322233323322333323323233
32332233332332323322232323322333323323233
22332233332332323322233223322333323323233
22332233332332323322232223322333323323233
33232233332332323322233332322333323323233
33232233332332323322232332322333323323233
23232233332332323322233232322333323323233
23232233332332323322232232322333323323233
32232233332332323322233322322333323323233
32232233332332323322232322322333323323233
22232233332332323322233222322333323323233
22232233332332323322232222322333323323233
33322233332332323322233333222333323323233
33322233332332323322232333222333323323233
23322233332332323322233233222333323323233
23322233332332323322232233222333323323233
32322233332332323322233323222333323323233
32322233332332323322232323222333323323233
22322233332332323322233223222333323323233
22322233332332323322232223222333323323233
33222233332332323322233332222333323323233
33222233332332323322232332222333323323233
23222233332332323322233232222333323323233
23222233332332323322232232222333323323233
32222233332332323322233322222333323323233
32222233332332323322232322222333323323233
22222233332332323322233222222333323323233
22222233332332323322232222222333323323233
33333323332332323322233333333233323323233
33333323332332323322232333333233323323233
23333323332332323322233233333233323323233
23333323332332323322232233333233323323233
32333323332332323322233323333233323323233
32333323332332323322232323333233323323233
22333323332332323322233223333233323323233
22333323332332323322232223333233323323233
33233323332332323322233332333233323323233
33233323332332323322232332333233323323233
23233323332332323322233232333233323323233
23233323332332323322232232333233323323233
32233323332332323322233322333233323323233
32233323332332323322232322333233323323233
22233323332332323322233222333233323323233
22233323332332323322232222333233323323233
33323323332332323322233333233233323323233
33323323332332323322232333233233323323233
23323323332332323322233233233233323323233
23323323332332323322232233233233323323233
32323323332332323322233323233233323323233
32323323332332323322232323233233323323233
22323323332332323322233223233233323323233
22323323332332323322232223233233323323233
33223323332332323322233332233233323323233
33223323332332323322232332233233323323233
23223323332332323322233232233233323323233
23223323332332323322232232233233323323233
32223323332332323322233322233233323323233
32223323332332323322232322233233323323233
22223323332332323322233222233233323323233
22223323332332323322232222233233323323233
33332323332332323322233333323233323323233
33332323332332323322232333323233323323233
23332323332332323322233233323233323323233
23332323332332323322232233323233323323233
32332323332332323322233323323233323323233
32332323332332323322232323323233323323233
22332323332332323322233223323233323323233
22332323332332323322232223323233323323233
33232323332332323322233332323233323323233
33232323332332323322232332323233323323233
23232323332332323322233232323233323323233
23232323332332323322232232323233323323233
32232323332332323322233322323233323323233
32232323332332323322232322323233323323233
22232323332332323322233222323233323323233
22232323332332323322232222323233323323233
33322323332332323322233333223233323323233
33322323332332323322232333223233323323233
23322323332332323322233233223233323323233
23322323332332323322232233223233323323233
32322323332332323322233323223233323323233
32322323332332323322232323223233323323233
22322323332332323322233223223233323323233
22322323332332323322232223223233323323233
33222323332332323322233332223233323323233
33222323332332323322232332223233323323233
23222323332332323322233232223233323323233
23222323332332323322232232223233323323233
32222323332332323322233322223233323323233
32222323332332323322232322223233323323233
22222323332332323322233222223233323323233
22222323332332323322232222223233323323233
33333223332332323322233333332233323323233
33333223332332323322232333332233323323233
23333223332332323322233233332233323323233
23333223332332323322232233332233323323233
32333223332332323322233323332233323323233
32333223332332323322232323332233323323233
22333223332332323322233223332233323323233
22333223332332323322232223332233323323233
33233223332332323322233332332233323323233
33233223332332323322232332332233323323233
23233223332332323322233232332233323323233
23233223332332323322232232332233323323233
32233223332332323322233322332233323323233
32233223332332323322232322332233323323233
22233223332332323322233222332233323323233
22233223332332323322232222332233323323233
33323223332332323322233333232233323323233
33323223332332323322232333232233323323233
23323223332332323322233233232233323323233
23323223332332323322232233232233323323233
32323223332332323322233323232233323323233
32323223332332323322232323232233323323233
22323223332332323322233223232233323323233
22323223332332323322232223232233323323233
33223223332332323322233332232233323323233
33223223332332323322232332232233323323233
23223223332332323322233232232233323323233
23223223332332323322232232232233323323233
32223223332332323322233322232233323323233
32223223332332323322232322232233323323233
22223223332332323322233222232233323323233
22223223332332323322232222232233323323233
33332223332332323322233333322233323323233
33332223332332323322232333322233323323233
23332223332332323322233233322233323323233
23332223332332323322232233322233323323233
32332223332332323322233323322233323323233
32332223332332323322232323322233323323233
22332223332332323322233223322233323323233
22332223332332323322232223322233323323233
33232223332332323322233332322233323323233
33232223332332323322232332322233323323233
23232223332332323322233232322233323323233
23232223332332323322232232322233323323233
32232223332332323322233322322233323323233
32232223332332323322232322322233323323233
22232223332332323322233222322233323323233
22232223332332323322232222322233323323233
33322223332332323322233333222233323323233
33322223332332323322232333222233323323233
23322223332332323322233233222233323323233
23322223332332323322232233222233323323233
32322223332332323322233323222233323323233
32322223332332323322232323222233323323233
22322223332332323322233223222233323323233
22322223332332323322232223222233323323233
33222223332332323322233332222233323323233
33222223332332323322232332222233323323233
23222223332332323322233232222233323323233
23222223332332323322232232222233323323233
32222223332332323322233322222233323323233
32222223332332323322232322222233323323233
22222223332332323322233222222233323323233
22222223332332323322232222222233323323233
33333332332332323322233333333323323323233
33333332332332323322232333333323323323233
23333332332332323322233233333323323323233
23333332332332323322232233333323323323233
32333332332332323322233323333323323323233
32333332332332323322232323333323323323233
22333332332332323322233223333323323323233
22333332332332323322232223333323323323233
33233332332332323322233332333323323323233
33233332332332323322232332333323323323233
23233332332332323322233232333323323323233
23233332332332323322232232333323323323233
32233332332332323322233322333323323323233
32233332332332323322232322333323323323233
22233332332332323322233222333323323323233
22233332332332323322232222333323323323233
33323332332332323322233333233323323323233
33323332332332323322232333233323323323233
23323332332332323322233233233323323323233
23323332332332323322232233233323323323233
32323332332332323322233323233323323323233
32323332332332323322232323233323323323233
22323332332332323322233223233323323323233
22323332332332323322232223233323323323233
33223332332332323322233332233323323323233
33223332332332323322232332233323323323233
23223332332332323322233232233323323323233
23223332332332323322232232233323323323233
32223332332332323322233322233323323323233
32223332332332323322232322233323323323233
22223332332332323322233222233323323323233
22223332332332323322232222233323323323233
33332332332332323322233333323323323323233
33332332332332323322232333323323323323233
23332332332332323322233233323323323323233
23332332332332323322232233323323323323233
32332332332332323322233323323323323323233
32332332332332323322232323323323323323233
22332332332332323322233223323323323323233
22332332332332323322232223323323323323233
33232332332332323322233332323323323323233
33232332332332323322232332323323323323233
23232332332332323322233232323323323323233
23232332332332323322232232323323323323233
32232332332332323322233322323323323323233
32232332332332323322232322323323323323233
22232332332332323322233222323323323323233
22232332332332323322232222323323323323233
33322332332332323322233333223323323323233
33322332332332323322232333223323323323233
23322332332332323322233233223323323323233
23322332332332323322232233223323323323233
32322332332332323322233323223323323323233
32322332332332323322232323223323323323233
22322332332332323322233223223323323323233
22322332332332323322232223223323323323233
33222332332332323322233332223323323323233
33222332332332323322232332223323323323233
23222332332332323322233232223323323323233
23222332332332323322232232223323323323233
32222332332332323322233322223323323323233
32222332332332323322232322223323323323233
22222332332332323322233222223323323323233
22222332332332323322232222223323323323233
33333232332332323322233333332323323323233
33333232332332323322232333332323323323233
23333232332332323322233233332323323323233
23333232332332323322232233332323323323233
32333232332332323322233323332323323323233
32333232332332323322232323332323323323233
22333232332332323322233223332323323323233
22333232332332323322232223332323323323233
33233232332332323322233332332323323323233
33233232332332323322232332332323323323233
23233232332332323322233232332323323323233
23233232332332323322232232332323323323233
32233232332332323322233322332323323323233
32233232332332323322232322332323323323233
22233232332332323322233222332323323323233
22233232332332323322232222332323323323233
33323232332332323322233333232323323323233
33323232332332323322232333232323323323233
23323232332332323322233233232323323323233
23323232332332323322232233232323323323233
32323232332332323322233323232323323323233
32323232332332323322232323232323323323233
22323232332332323322233223232323323323233
22323232332332323322232223232323323323233
33223232332332323322233332232323323323233
33223232332332323322232332232323323323233
23223232332332323322233232232323323323233
23223232332332323322232232232323323323233
32223232332332323322233322232323323323233
32223232332332323322232322232323323323233
22223232332332323322233222232323323323233
22223232332332323322232222232323323323233
33332232332332323322233333322323323323233
33332232332332323322232333322323323323233
23332232332332323322233233322323323323233
23332232332332323322232233322323323323233
32332232332332323322233323322323323323233
32332232332332323322232323322323323323233
22332232332332323322233223322323323323233
22332232332332323322232223322323323323233
33232232332332323322233332322323323323233
33232232332332323322232332322323323323233
23232232332332323322233232322323323323233
23232232332332323322232232322323323323233
32232232332332323322233322322323323323233
32232232332332323322232322322323323323233
22232232332332323322233222322323323323233
22232232332332323322232222322323323323233
33322232332332323322233333222323323323233
33322232332332323322232333222323323323233
23322232332332323322233233222323323323233
23322232332332323322232233222323323323233
32322232332332323322233323222323323323233
32322232332332323322232323222323323323233
22322232332332323322233223222323323323233
22322232332332323322232223222323323323233
33222232332332323322233332222323323323233
33222232332332323322232332222323323323233
23222232332332323322233232222323323323233
23222232332332323322232232222323323323233
32222232332332323322233322222323323323233
32222232332332323322232322222323323323233
22222232332332323322233222222323323323233
22222232332332323322232222222323323323233
33333322332332323322233333333223323323233
33333322332332323322232333333223323323233
23333322332332323322233233333223323323233
23333322332332323322232233333223323323233
32333322332332323322233323333223323323233
32333322332332323322232323333223323323233
22333322332332323322233223333223323323233
22333322332332323322232223333223323323233
33233322332332323322233332333223323323233
33233322332332323322232332333223323323233
23233322332332323322233232333223323323233
23233322332332323322232232333223323323233
32233322332332323322233322333223323323233
32233322332332323322232322333223323323233
22233322332332323322233222333223323323233
22233322332332323322232222333223323323233
33323322332332323322233333233223323323233
33323322332332323322232333233223323323233
23323322332332323322233233233223323323233
23323322332332323322232233233223323323233
32323322332332323322233323233223323323233
32323322332332323322232323233223323323233
22323322332332323322233223233223323323233
22323322332332323322232223233223323323233
33223322332332323322233332233223323323233
33223322332332323322232332233223323323233
23223322332332323322233232233223323323233
23223322332332323322232232233223323323233
32223322332332323322233322233223323323233
32223322332332323322232322233223323323233
22223322332332323322233222233223323323233
22223322332332323322232222233223323323233
33332322332332323322233333323223323323233
33332322332332323322232333323223323323233
23332322332332323322233233323223323323233
23332322332332323322232233323223323323233
32332322332332323322233323323223323323233
32332322332332323322232323323223323323233
22332322332332323322233223323223323323233
22332322332332323322232223323223323323233
33232322332332323322233332323223323323233
33232322332332323322232332323223323323233
23232322332332323322233232323223323323233
23232322332332323322232232323223323323233
32232322332332323322233322323223323323233
32232322332332323322232322323223323323233
22232322332332323322233222323223323323233
22232322332332323322232222323223323323233
33322322332332323322233333223223323323233
33322322332332323322232333223223323323233
23322322332332323322233233223223323323233
23322322332332323322232233223223323323233
32322322332332323322233323223223323323233
32322322332332323322232323223223323323233
22322322332332323322233223223223323323233
22322322332332323322232223223223323323233
33222322332332323322233332223223323323233
33222322332332323322232332223223323323233
23222322332332323322233232223223323323233
23222322332332323322232232223223323323233
32222322332332323322233322223223323323233
32222322332332323322232322223223323323233
22222322332332323322233222223223323323233
22222322332332323322232222223223323323233
33333222332332323322233333332223323323233
33333222332332323322232333332223323323233
23333222332332323322233233332223323323233
23333222332332323322232233332223323323233
32333222332332323322233323332223323323233
32333222332332323322232323332223323323233
22333222332332323322233223332223323323233
22333222332332323322232223332223323323233
33233222332332323322233332332223323323233
33233222332332323322232332332223323323233
23233222332332323322233232332223323323233
23233222332332323322232232332223323323233
32233222332332323322233322332223323323233
32233222332332323322232322332223323323233
22233222332332323322233222332223323323233
22233222332332323322232222332223323323233
33323222332332323322233333232223323323233
33323222332332323322232333232223323323233
23323222332332323322233233232223323323233
23323222332332323322232233232223323323233
32323222332332323322233323232223323323233
32323222332332323322232323232223323323233
22323222332332323322233223232223323323233
22323222332332323322232223232223323323233
33223222332332323322233332232223323323233
33223222332332323322232332232223323323233
23223222332332323322233232232223323323233
23223222332332323322232232232223323323233
32223222332332323322233322232223323323233
32223222332332323322232322232223323323233
22223222332332323322233222232223323323233
22223222332332323322232222232223323323233
33332222332332323322233333322223323323233
33332222332332323322232333322223323323233
23332222332332323322233233322223323323233
23332222332332323322232233322223323323233
32332222332332323322233323322223323323233
32332222332332323322232323322223323323233
22332222332332323322233223322223323323233
22332222332332323322232223322223323323233
33232222332332323322233332322223323323233
33232222332332323322232332322223323323233
23232222332332323322233232322223323323233
23232222332332323322232232322223323323233
32232222332332323322233322322223323323233
32232222332332323322232322322223323323233
22232222332332323322233222322223323323233
22232222332332323322232222322223323323233
33322222332332323322233333222223323323233
33322222332332323322232333222223323323233
23322222332332323322233233222223323323233
23322222332332323322232233222223323323233
32322222332332323322233323222223323323233
32322222332332323322232323222223323323233
22322222332332323322233223222223323323233
22322222332332323322232223222223323323233
33222222332332323322233332222223323323233
33222222332332323322232332222223323323233
23222222332332323322233232222223323323233
23222222332332323322232232222223323323233
32222222332332323322233322222223323323233
32222222332332323322232322222223323323233
22222222332332323322233222222223323323233
22222222332332323322232222222223323323233
33333333232332323322233333333332323323233
33333333232332323322232333333332323323233
23333333232332323322233233333332323323233
23333333232332323322232233333332323323233
32333333232332323322233323333332323323233
32333333232332323322232323333332323323233
22333333232332323322233223333332323323233
22333333232332323322232223333332323323233
33233333232332323322233332333332323323233
33233333232332323322232332333332323323233
23233333232332323322233232333332323323233
23233333232332323322232232333332323323233
32233333232332323322233322333332323323233
32233333232332323322232322333332323323233
22233333232332323322233222333332323323233
22233333232332323322232222333332323323233
33323333232332323322233333233332323323233
33323333232332323322232333233332323323233
23323333232332323322233233233332323323233
23323333232332323322232233233332323323233
32323333232332323322233323233332323323233
32323333232332323322232323233332323323233
22323333232332323322233223233332323323233
22323333232332323322232223233332323323233
33223333232332323322233332233332323323233
33223333232332323322232332233332323323233
23223333232332323322233232233332323323233
23223333232332323322232232233332323323233
32223333232332323322233322233332323323233
32223333232332323322232322233332323323233
22223333232332323322233222233332323323233
22223333232332323322232222233332323323233
33332333232332323322233333323332323323233
33332333232332323322232333323332323323233
23332333232332323322233233323332323323233
23332333232332323322232233323332323323233
32332333232332323322233323323332323323233
32332333232332323322232323323332323323233
22332333232332323322233223323332323323233
22332333232332323322232223323332323323233
33232333232332323322233332323332323323233
33232333232332323322232332323332323323233
23232333232332323322233232323332323323233
23232333232332323322232232323332323323233
32232333232332323322233322323332323323233
32232333232332323322232322323332323323233
22232333232332323322233222323332323323233
22232333232332323322232222323332323323233
33322333232332323322233333223332323323233
33322333232332323322232333223332323323233
23322333232332323322233233223332323323233
23322333232332323322232233223332323323233
32322333232332323322233323223332323323233
32322333232332323322232323223332323323233
22322333232332323322233223223332323323233
22322333232332323322232223223332323323233
33222333232332323322233332223332323323233
33222333232332323322232332223332323323233
23222333232332323322233232223332323323233
23222333232332323322232232223332323323233
32222333232332323322233322223332323323233
32222333232332323322232322223332323323233
22222333232332323322233222223332323323233
22222333232332323322232222223332323323233
33332233232332323322233333322332323323233
33332233232332323322232333322332323323233
23332233232332323322233233322332323323233
23332233232332323322232233322332323323233
32332233232332323322233323322332323323233
32332233232332323322232323322332323323233
22332233232332323322233223322332323323233
22332233232332323322232223322332323323233
33232233232332323322233332322332323323233
33232233232332323322232332322332323323233
23232233232332323322233232322332323323233
23232233232332323322232232322332323323233
32232233232332323322233322322332323323233
32232233232332323322232322322332323323233
22232233232332323322233222322332323323233
22232233232332323322232222322332323323233
33322233232332323322233333222332323323233
33322233232332323322232333222332323323233
23322233232332323322233233222332323323233
23322233232332323322232233222332323323233
32322233232332323322233323222332323323233
32322233232332323322232323222332323323233
22322233232332323322233223222332323323233
22322233232332323322232223222332323323233
33222233232332323322233332222332323323233
33222233232332323322232332222332323323233
23222233232332323322233232222332323323233
23222233232332323322232232222332323323233
32222233232332323322233322222332323323233
32222233232332323322232322222332323323233
22222233232332323322233222222332323323233
22222233232332323322232222222332323323233
33333323232332323322233333333232323323233
33333323232332323322232333333232323323233
23333323232332323322233233333232323323233
23333323232332323322232233333232323323233
32333323232332323322233323333232323323233
32333323232332323322232323333232323323233
22333323232332323322233223333232323323233
22333323232332323322232223333232323323233
33233323232332323322233332333232323323233
33233323232332323322232332333232323323233
23233323232332323322233232333232323323233
23233323232332323322232232333232323323233
32233323232332323322233322333232323323233
32233323232332323322232322333232323323233
22233323232332323322233222333232323323233
22233323232332323322232222333232323323233
33323323232332323322233333233232323323233
33323323232332323322232333233232323323233
23323323232332323322233233233232323323233
23323323232332323322232233233232323323233
32323323232332323322233323233232323323233
32323323232332323322232323233232323323233
22323323232332323322233223233232323323233
22323323232332323322232223233232323323233
33223323232332323322233332233232323323233
33223323232332323322232332233232323323233
23223323232332323322233232233232323323233
23223323232332323322232232233232323323233
32223323232332323322233322233232323323233
32223323232332323322232322233232323323233
22223323232332323322233222233232323323233
22223323232332323322232222233232323323233
33332323232332323322233333323232323323233
33332323232332323322232333323232323323233
23332323232332323322233233323232323323233
23332323232332323322232233323232323323233
32332323232332323322233323323232323323233
32332323232332323322232323323232323323233
22332323232332323322233223323232323323233
22332323232332323322232223323232323323233
33232323232332323322233332323232323323233
33232323232332323322232332323232323323233
23232323232332323322233232323232323323233
23232323232332323322232232323232323323233
32232323232332323322233322323232323323233
32232323232332323322232322323232323323233
22232323232332323322233222323232323323233
22232323232332323322232222323232323323233
33322323232332323322233333223232323323233
33322323232332323322232333223232323323233
23322323232332323322233233223232323323233
23322323232332323322232233223232323323233
32322323232332323322233323223232323323233
32322323232332323322232323223232323323233
22322323232332323322233223223232323323233
22322323232332323322232223223232323323233
33222323232332323322233332223232323323233
33222323232332323322232332223232323323233
23222323232332323322233232223232323323233
23222323232332323322232232223232323323233
32222323232332323322233322223232323323233
32222323232332323322232322223232323323233
22222323232332323322233222223232323323233
22222323232332323322232222223232323323233
33333223232332323322233333332232323323233
33333223232332323322232333332232323323233
23333223232332323322233233332232323323233
23333223232332323322232233332232323323233
32333223232332323322233323332232323323233
32333223232332323322232323332232323323233
22333223232332323322233223332232323323233
22333223232332323322232223332232323323233
33233223232332323322233332332232323323233
33233223232332323322232332332232323323233
23233223232332323322233232332232323323233
23233223232332323322232232332232323323233
32233223232332323322233322332232323323233
32233223232332323322232322332232323323233
22233223232332323322233222332232323323233
22233223232332323322232222332232323323233
33323223232332323322233333232232323323233
33323223232332323322232333232232323323233
23323223232332323322233233232232323323233
23323223232332323322232233232232323323233
32323223232332323322233323232232323323233
32323223232332323322232323232232323323233
22323223232332323322233223232232323323233
22323223232332323322232223232232323323233
33223223232332323322233332232232323323233
33223223232332323322232332232232323323233
23223223232332323322233232232232323323233
23223223232332323322232232232232323323233
32223223232332323322233322232232323323233
32223223232332323322232322232232323323233
22223223232332323322233222232232323323233
22223223232332323322232222232232323323233
33332223232332323322233333322232323323233
33332223232332323322232333322232323323233
23332223232332323322233233322232323323233
23332223232332323322232233322232323323233
32332223232332323322233323322232323323233
32332223232332323322232323322232323323233
22332223232332323322233223322232323323233
22332223232332323322232223322232323323233
33232223232332323322233332322232323323233
33232223232332323322232332322232323323233
23232223232332323322233232322232323323233
23232223232332323322232232322232323323233
32232223232332323322233322322232323323233
32232223232332323322232322322232323323233
22232223232332323322233222322232323323233
22232223232332323322232222322232323323233
33322223232332323322233333222232323323233
33322223232332323322232333222232323323233
23322223232332323322233233222232323323233
23322223232332323322232233222232323323233
32322223232332323322233323222232323323233
32322223232332323322232323222232323323233
22322223232332323322233223222232323323233
22322223232332323322232223222232323323233
33222223232332323322233332222232323323233
33222223232332323322232332222232323323233
23222223232332323322233232222232323323233
23222223232332323322232232222232323323233
32222223232332323322233322222232323323233
32222223232332323322232322222232323323233
22222223232332323322233222222232323323233
22222223232332323322232222222232323323233
33333332232332323322233333333322323323233
33333332232332323322232333333322323323233
23333332232332323322233233333322323323233
23333332232332323322232233333322323323233
32333332232332323322233323333322323323233
32333332232332323322232323333322323323233
22333332232332323322233223333322323323233
22333332232332323322232223333322323323233
33233332232332323322233332333322323323233
33233332232332323322232332333322323323233
23233332232332323322233232333322323323233
23233332232332323322232232333322323323233
32233332232332323322233322333322323323233
32233332232332323322232322333322323323233
22233332232332323322233222333322323323233
22233332232332323322232222333322323323233
33323332232332323322233333233322323323233
33323332232332323322232333233322323323233
23323332232332323322233233233322323323233
23323332232332323322232233233322323323233
32323332232332323322233323233322323323233
32323332232332323322232323233322323323233
22323332232332323322233223233322323323233
22323332232332323322232223233322323323233
33223332232332323322233332233322323323233
33223332232332323322232332233322323323233
23223332232332323322233232233322323323233
23223332232332323322232232233322323323233
32223332232332323322233322233322323323233
32223332232332323322232322233322323323233
22223332232332323322233222233322323323233
22223332232332323322232222233322323323233
33332332232332323322233333323322323323233
33332332232332323322232333323322323323233
23332332232332323322233233323322323323233
23332332232332323322232233323322323323233
32332332232332323322233323323322323323233
32332332232332323322232323323322323323233
22332332232332323322233223323322323323233
22332332232332323322232223323322323323233
33232332232332323322233332323322323323233
33232332232332323322232332323322323323233
23232332232332323322233232323322323323233
23232332232332323322232232323322323323233
32232332232332323322233322323322323323233
32232332232332323322232322323322323323233
22232332232332323322233222323322323323233
22232332232332323322232222323322323323233
33322332232332323322233333223322323323233
33322332232332323322232333223322323323233
23322332232332323322233233223322323323233
23322332232332323322232233223322323323233
32322332232332323322233323223322323323233
32322332232332323322232323223322323323233
22322332232332323322233223223322323323233
22322332232332323322232223223322323323233
33222332232332323322233332223322323323233
33222332232332323322232332223322323323233
23222332232332323322233232223322323323233
23222332232332323322232232223322323323233
32222332232332323322233322223322323323233
32222332232332323322232322223322323323233
22222332232332323322233222223322323323233
22222332232332323322232222223322323323233
33333232232332323322233333332322323323233
33333232232332323322232333332322323323233
23333232232332323322233233332322323323233
23333232232332323322232233332322323323233
32333232232332323322233323332322323323233
32333232232332323322232323332322323323233
22333232232332323322233223332322323323233
22333232232332323322232223332322323323233
33233232232332323322233332332322323323233
33233232232332323322232332332322323323233
23233232232332323322233232332322323323233
23233232232332323322232232332322323323233
32233232232332323322233322332322323323233
32233232232332323322232322332322323323233
22233232232332323322233222332322323323233
22233232232332323322232222332322323323233
33323232232332323322233333232322323323233
33323232232332323322232333232322323323233
23323232232332323322233233232322323323233
23323232232332323322232233232322323323233
32323232232332323322233323232322323323233
32323232232332323322232323232322323323233
22323232232332323322233223232322323323233
22323232232332323322232223232322323323233
33223232232332323322233332232322323323233
33223232232332323322232332232322323323233
23223232232332323322233232232322323323233
23223232232332323322232232232322323323233
32223232232332323322233322232322323323233
32223232232332323322232322232322323323233
22223232232332323322233222232322323323233
22223232232332323322232222232322323323233
33332232232332323322233333322322323323233
33332232232332323322232333322322323323233
23332232232332323322233233322322323323233
23332232232332323322232233322322323323233
32332232232332323322233323322322323323233
32332232232332323322232323322322323323233
22332232232332323322233223322322323323233
22332232232332323322232223322322323323233
33232232232332323322233332322322323323233
33232232232332323322232332322322323323233
23232232232332323322233232322322323323233
23232232232332323322232232322322323323233
32232232232332323322233322322322323323233
32232232232332323322232322322322323323233
22232232232332323322233222322322323323233
22232232232332323322232222322322323323233
33322232232332323322233333222322323323233
33322232232332323322232333222322323323233
23322232232332323322233233222322323323233
23322232232332323322232233222322323323233
32322232232332323322233323222322323323233
32322232232332323322232323222322323323233
22322232232332323322233223222322323323233
22322232232332323322232223222322323323233
33222232232332323322233332222322323323233
33222232232332323322232332222322323323233
23222232232332323322233232222322323323233
23222232232332323322232232222322323323233
32222232232332323322233322222322323323233
32222232232332323322232322222322323323233
22222232232332323322233222222322323323233
22222232232332323322232222222322323323233
33333322232332323322233333333222323323233
33333322232332323322232333333222323323233
23333322232332323322233233333222323323233
23333322232332323322232233333222323323233
32333322232332323322233323333222323323233
32333322232332323322232323333222323323233
22333322232332323322233223333222323323233
22333322232332323322232223333222323323233
33233322232332323322233332333222323323233
33233322232332323322232332333222323323233
23233322232332323322233232333222323323233
23233322232332323322232232333222323323233
32233322232332323322233322333222323323233
32233322232332323322232322333222323323233
22233322232332323322233222333222323323233
22233322232332323322232222333222323323233
33323322232332323322233333233222323323233
33323322232332323322232333233222323323233
23323322232332323322233233233222323323233
23323322232332323322232233233222323323233
32323322232332323322233323233222323323233
32323322232332323322232323233222323323233
22323322232332323322233223233222323323233
22323322232332323322232223233222323323233
33223322232332323322233332233222323323233
33223322232332323322232332233222323323233
23223322232332323322233232233222323323233
23223322232332323322232232233222323323233
32223322232332323322233322233222323323233
32223322232332323322232322233222323323233
22223322232332323322233222233222323323233
22223322232332323322232222233222323323233
33332322232332323322233333323222323323233
33332322232332323322232333323222323323233
23332322232332323322233233323222323323233
23332322232332323322232233323222323323233
32332322232332323322233323323222323323233
32332322232332323322232323323222323323233
22332322232332323322233223323222323323233
22332322232332323322232223323222323323233
33232322232332323322233332323222323323233
33232322232332323322232332323222323323233
23232322232332323322233232323222323323233
23232322232332323322232232323222323323233
32232322232332323322233322323222323323233
32232322232332323322232322323222323323233
22232322232332323322233222323222323323233
22232322232332323322232222323222323323233
33322322232332323322233333223222323323233
33322322232332323322232333223222323323233
23322322232332323322233233223222323323233
23322322232332323322232233223222323323233
32322322232332323322233323223222323323233
32322322232332323322232323223222323323233
22322322232332323322233223223222323323233
22322322232332323322232223223222323323233
33222322232332323322233332223222323323233
32332323322232223233232332223222323323233
33222322232332323322232332223222323323233
23222322232332323322233232223222323323233
23222322232332323322232232223222323323233
32222322232332323322233322223222323323233
32222322232332323322232322223222323323233
22222322232332323322233222223222323323233
22222322232332323322232222223222323323233
33333222232332323322233333332222323323233
33333222232332323322232333332222323323233
23333222232332323322233233332222323323233
23333222232332323322232233332222323323233
32333222232332323322233323332222323323233
32333222232332323322232323332222323323233
22333222232332323322233223332222323323233
22333222232332323322232223332222323323233
33233222232332323322233332332222323323233
33233222232332323322232332332222323323233
23233222232332323322233232332222323323233
23233222232332323322232232332222323323233
32233222232332323322233322332222323323233
32233222232332323322232322332222323323233
22233222232332323322233222332222323323233
22233222232332323322232222332222323323233
33323222232332323322233333232222323323233
33323222232332323322232333232222323323233
23323222232332323322233233232222323323233
23323222232332323322232233232222323323233
32323222232332323322233323232222323323233
32323222232332323322232323232222323323233
22323222232332323322233223232222323323233
22323222232332323322232223232222323323233
33223222232332323322233332232222323323233
33223222232332323322232332232222323323233
23223222232332323322233232232222323323233
23223222232332323322232232232222323323233
32223222232332323322233322232222323323233
32223222232332323322232322232222323323233
22223222232332323322233222232222323323233
22223222232332323322232222232222323323233
33332222232332323322233333322222323323233
33332222232332323322232333322222323323233
23332222232332323322233233322222323323233
23332222232332323322232233322222323323233
32332222232332323322233323322222323323233
32332222232332323322232323322222323323233
22332222232332323322233223322222323323233
22332222232332323322232223322222323323233
33232222232332323322233332322222323323233
33232222232332323322232332322222323323233
23232222232332323322233232322222323323233
23232222232332323322232232322222323323233
32232222232332323322233322322222323323233
32232222232332323322232322322222323323233
22232222232332323322233222322222323323233
22232222232332323322232222322222323323233
33322222232332323322233333222222323323233
33322222232332323322232333222222323323233
23322222232332323322233233222222323323233
23322222232332323322232233222222323323233
32322222232332323322233323222222323323233
32322222232332323322232323222222323323233
22322222232332323322233223222222323323233
22322222232332323322232223222222323323233
33222222232332323322233332222222323323233
33222222232332323322232332222222323323233
23222222232332323322233232222222323323233
23222222232332323322232232222222323323233
32222222232332323322233322222222323323233
32222222232332323322232322222222323323233
22222222232332323322233222222222323323233
22222222232332323322232222222222323323233
33332233232333333322332323333333223323233
23332233232333233322332323332333223323233
32332233232333323322332323333233223323233
32332323322332323322233323323233223323233
32332323322332323322232323323233223323233
22332323322332323322233223323233223323233
22332323322332323322232223323233223323233
22332233232333223322332323332233223323233
33232233232333332322332323333323223323233
23232233232333232322332323332323223323233
32232233232333322322332323333223223323233
22232233232333222322332323332223223323233
33232332223222322332323322232223223323233
33322233232333333222332323333332223323233
23322233232333233222332323332332223323233
23233233222332323322233232332332223323233
32322233232333323222332323333232223323233
22322233232333223222332323332232223323233
33222233232333332222332323333322223323233
23222233232333232222332323332322223323233
32222233232333322222332323333222223323233
22222233232333222222332323332222223323233
33333323232333333333232323333333332323233
23333323232333233333232323332333332323233
32333323232333323333232323333233332323233
22333323232333223333232323332233332323233
33233323232333332333232323333323332323233
23233323232333232333232323332323332323233
32233323232333322333232323333223332323233
22233323232333222333232323332223332323233
33323323232333333233232323333332332323233
23323323232333233233232323332332332323233
32323233233232323322233323232332332323233
33333323233232323322233333333232332323233
33333323233232323322232333333232332323233
23333323233232323322233233333232332323233
23333323233232323322232233333232332323233
32333323233232323322233323333232332323233
32333323233232323322232323333232332323233
22333323233232323322233223333232332323233
22333323233232323322232223333232332323233
33233323233232323322233332333232332323233
33233323233232323322232332333232332323233
23233323233232323322233232333232332323233
23233323233232323322232232333232332323233
32233323233232323322233322333232332323233
32233323233232323322232322333232332323233
22233323233232323322233222333232332323233
22233323233232323322232222333232332323233
33323323233232323322233333233232332323233
33323323233232323322232333233232332323233
23323323233232323322233233233232332323233
23323323233232323322232233233232332323233
32323323233232323322233323233232332323233
32323323233232323322232323233232332323233
22323323233232323322233223233232332323233
22323323233232323322232223233232332323233
33223323233232323322233332233232332323233
33223323233232323322232332233232332323233
23223323233232323322233232233232332323233
23223323233232323322232232233232332323233
32223323233232323322233322233232332323233
32223323233232323322232322233232332323233
22223323233232323322233222233232332323233
22223323233232323322232222233232332323233
33332323233232323322233333323232332323233
33332323233232323322232333323232332323233
23332323233232323322233233323232332323233
23332323233232323322232233323232332323233
32332323233232323322233323323232332323233
22332323233232323322233223323232332323233
22332323233232323322232223323232332323233
33232323233232323322233332323232332323233
33232323233232323322232332323232332323233
23232323233232323322233232323232332323233
23232323233232323322232232323232332323233
32232323233232323322233322323232332323233
32232323233232323322232322323232332323233
22232323233232323322233222323232332323233
22232323233232323322232222323232332323233
33322323233232323322233333223232332323233
33322323233232323322232333223232332323233
23322323233232323322233233223232332323233
23322323233232323322232233223232332323233
32322323233232323322233323223232332323233
32322323233232323322232323223232332323233
22322323233232323322233223223232332323233
22322323233232323322232223223232332323233
33222323233232323322233332223232332323233
33222323233232323322232332223232332323233
23222323233232323322233232223232332323233
23222323233232323322232232223232332323233
32222323233232323322233322223232332323233
32222323233232323322232322223232332323233
22222323233232323322233222223232332323233
22222323233232323322232222223232332323233
22323323232333223233232323332232332323233
33223323232333332233232323333322332323233
23232332233232323322233232323322332323233
23223323232333232233232323332322332323233
32223323232333322233232323333222332323233
22223323232333222233232323332222332323233
33332323232333333323232323333333232323233
23332323232333233323232323332333232323233
32332323232333323323232323333233232323233
33232323323232323322233332323233232323233
33232323323232323322232332323233232323233
23232323323232323322233232323233232323233
23232323323232323322232232323233232323233
22332323232333223323232323332233232323233
33232323232333332323232323333323232323233
23232323232333232323232323332323232323233
32232323232333322323232323333223232323233
22232323232333222323232323332223232323233
33322323232333333223232323333332232323233
23322323232333233223232323332332232323233
32323233223232323322232323232332232323233
32322323232333323223232323333232232323233
22322323232333223223232323332232232323233
33222323232333332223232323333322232323233
23222323232333232223232323332322232323233
32222323232333322223232323333222232323233
32323322223232323322232323233222232323233
22222323232333222223232323332222232323233
33333223232333333332232323333333322323233
23333223232333233332232323332333322323233
32333223232333323332232323333233322323233
22333223232333223332232323332233322323233
33233223232333332332232323333323322323233
23233223232333232332232323332323322323233
33323232332232323322233333232323322323233
33323232332232323322232333232323322323233
23323232332232323322233233232323322323233
23323232332232323322232233232323322323233
32323232332232323322233323232323322323233
32323232332232323322232323232323322323233
22323232332232323322233223232323322323233
22323232332232323322232223232323322323233
33223232332232323322233332232323322323233
33223232332232323322232332232323322323233
23223232332232323322233232232323322323233
23223232332232323322232232232323322323233
32223232332232323322233322232323322323233
32223232332232323322232322232323322323233
22223232332232323322233222232323322323233
22223232332232323322232222232323322323233
32233223232333322332232323333223322323233
22233223232333222332232323332223322323233
33323223232333333232232323333332322323233
23323223232333233232232323332332322323233
22323233232232323322233223232332322323233
32323223232333323232232323333232322323233
22323223232333223232232323332232322323233
33223223232333332232232323333322322323233
23232332232232323322232232323322322323233
23223223232333232232232323332322322323233
32223223232333322232232323333222322323233
32232323322232223223232332223222322323233
22223223232333222232232323332222322323233
33332223232333333322232323333333222323233
23332223232333233322232323332333222323233
32332223232333323322232323333233222323233
22332223232333223322232323332233222323233
33232223232333332322232323333323222323233
23232223232333232322232323332323222323233
32232223232333322322232323333223222323233
22232223232333222322232323332223222323233
33322223232333333222232323333332222323233
23322223232333233222232323332332222323233
22323233222232323322232223232332222323233
32322223232333323222232323333232222323233
22322223232333223222232323332232222323233
33222223232333332222232323333322222323233
23222223232333232222232323332322222323233
32222223232333322222232323333222222323233
22222223232333222222232323332222222323233
