33333332332323333333323323233333333233232
33333233232223333333233232223333333233232
23333332332323233333323323232333333233232
23333332332322233333323323222333333233232
32333332332323323333323323233233333233232
32333332332322323333323323223233333233232
22333332332323223333323323232233333233232
22333332332322223333323323222233333233232
33233332332323332333323323233323333233232
23333233232223323333233232223323333233232
23233332332323232333323323232323333233232
23233332332322232333323323222323333233232
32233332332323322333323323233223333233232
32233332332322322333323323223223333233232
22233332332323222333323323232223333233232
22233332332322222333323323222223333233232
33323332332323333233323323233332333233232
32333233232223332333233232223332333233232
23323332332323233233323323232332333233232
23323332332322233233323323222332333233232
32323332332323323233323323233232333233232
32323332332322323233323323223232333233232
22323332332323223233323323232232333233232
22323332332322223233323323222232333233232
33223332332323332233323323233322333233232
22333233232223322333233232223322333233232
23223332332323232233323323232322333233232
23223332332322232233323323222322333233232
32223332332323322233323323233222333233232
32332322233323323222323323323222333233232
32223332332322322233323323223222333233232
22223332332323222233323323232222333233232
22223332332322222233323323222222333233232
33332332332323333323323323233333233233232
33233233232223333233233232223333233233232
23332332332323233323323323232333233233232
23332332332322233323323323222333233233232
32332332332323323323323323233233233233232
32332332332322323323323323223233233233232
22332332332323223323323323232233233233232
22332332332322223323323323222233233233232
33232332332323332323323323233323233233232
23233233232223323233233232223323233233232
23232332332323232323323323232323233233232
23232332332322232323323323222323233233232
32232332332323322323323323233223233233232
32232332332322322323323323223223233233232
22232332332323222323323323232223233233232
22232332332322222323323323222223233233232
33322332332323333223323323233332233233232
32233233232223332233233232223332233233232
23322332332323233223323323232332233233232
23322332332322233223323323222332233233232
32322332332323323223323323233232233233232
32322332332322323223323323223232233233232
22322332332323223223323323232232233233232
22322332332322223223323323222232233233232
33222332332323332223323323233322233233232
22233233232223322233233232223322233233232
33233232223323323222323332332322233233232
33233232223323323222322332332322233233232
23233232223323323222323232332322233233232
23233232223323323222322232332322233233232
23222332332323232223323323232322233233232
23222332332322232223323323222322233233232
32222332332323322223323323233222233233232
32222332332322322223323323223222233233232
22222332332323222223323323232222233233232
22222332332322222223323323222222233233232
33333232332323333332323323233333323233232
33333232332322333332323323223333323233232
33323233232223333323233232223333323233232
23333232332323233332323323232333323233232
23333232332322233332323323222333323233232
32333232332323323332323323233233323233232
32333232332322323332323323223233323233232
22333232332323223332323323232233323233232
22333232332322223332323323222233323233232
33233232332323332332323323233323323233232
33233232332322332332323323223323323233232
23323233232223323323233232223323323233232
23233232332323232332323323232323323233232
23233232332322232332323323222323323233232
32233232332323322332323323233223323233232
32233232332322322332323323223223323233232
23323222332323323222323233232223323233232
22233232332323222332323323232223323233232
22233232332322222332323323222223323233232
33323232332323333232323323233332323233232
33323232332322333232323323223332323233232
32323233232223332323233232223332323233232
23323232332322233232323323222332323233232
32323232332323323232323323233232323233232
32323232332322323232323323223232323233232
22323232332323223232323323232232323233232
22323232332322223232323323222232323233232
33223232332323332232323323233322323233232
33223232332322332232323323223322323233232
22323233232223322323233232223322323233232
23223232332323232232323323232322323233232
23223232332322232232323323222322323233232
32223232332323322232323323233222323233232
32223232332322322232323323223222323233232
22223232332323222232323323232222323233232
22223232332322222232323323222222323233232
33332232332323333322323323233333223233232
33223233232223333223233232223333223233232
23332232332323233322323323232333223233232
23332232332322233322323323222333223233232
32332232332323323322323323233233223233232
32332232332322323322323323223233223233232
22332232332323223322323323232233223233232
22332232332322223322323323222233223233232
33232232332323332322323323233323223233232
23223233232223323223233232223323223233232
23232232332323232322323323232323223233232
23232232332322232322323323222323223233232
32232232332323322322323323233223223233232
32232232332322322322323323223223223233232
22232232332323222322323323232223223233232
22232232332322222322323323222223223233232
33322232332323333222323323233332223233232
32223233232223332223233232223332223233232
23322232332323233222323323232332223233232
23322232332322233222323323222332223233232
32322233222323323222323323222332223233232
32322232332322323222323323223232223233232
22322232332323223222323323232232223233232
22322232332322223222323323222232223233232
33222232332323332222323323233322223233232
22223233232223322223233232223322223233232
23222232332323232222323323232322223233232
23222232332322232222323323222322223233232
32222232332323322222323323233222223233232
32222232332322322222323323223222223233232
22222232332323222222323323232222223233232
22222232332322222222323323222222223233232
33333322332323333333223323233333332233232
33332233232223333332233232223333332233232
23333322332322233333223323222333332233232
32333322332323323333223323233233332233232
22333322332322223333223323222233332233232
33233322332323332333223323233323332233232
23332233232223323332233232223323332233232
23233322332322232333223323222323332233232
32233322332323322333223323233223332233232
22233322332322222333223323222223332233232
33323322332323333233223323233332332233232
32332233232223332332233232223332332233232
23323322332322233233223323222332332233232
32323322332323323233223323233232332233232
22323322332322223233223323222232332233232
33223322332323332233223323233322332233232
22332233232223322332233232223322332233232
23223322332322232233223323222322332233232
32223322332323322233223323233222332233232
22332322233223323222323223323222332233232
22223322332322222233223323222222332233232
33332322332323333323223323233333232233232
33232233232223333232233232223333232233232
32332322332323323323223323233233232233232
33232322332323332323223323233323232233232
23232233232223323232233232223323232233232
32232322332323322323223323233223232233232
33322322332323333223223323233332232233232
32232233232223332232233232223332232233232
23322322332322233223223323222332232233232
32322322332323323223223323233232232233232
22322322332322223223223323222232232233232
33222322332323332223223323233322232233232
22232233232223322232233232223322232233232
23222322332322232223223323222322232233232
32222322332323322223223323233222232233232
22222322332322222223223323222222232233232
33333222332323333332223323233333322233232
33322233232223333322233232223333322233232
23333222332322233332223323222333322233232
32333222332323323332223323233233322233232
32333222332322323332223323223233322233232
22333222332322223332223323222233322233232
33233222332323332332223323233323322233232
23322233232223323322233232223323322233232
23233222332322232332223323222323322233232
32233222332323322332223323233223322233232
32233222332322322332223323223223322233232
23323222332223323222322233232223322233232
22233222332322222332223323222223322233232
33333333232223323222323333333332322233232
33333333232223323222322333333332322233232
23333333232223323222323233333332322233232
23333333232223323222322233333332322233232
32333333232223323222323323333332322233232
32333333232223323222322323333332322233232
22333333232223323222323223333332322233232
22333333232223323222322223333332322233232
33233333232223323222323332333332322233232
33233333232223323222322332333332322233232
23233333232223323222323232333332322233232
23233333232223323222322232333332322233232
32233333232223323222323322333332322233232
32233333232223323222322322333332322233232
22233333232223323222323222333332322233232
22233333232223323222322222333332322233232
33323333232223323222323333233332322233232
33323333232223323222322333233332322233232
23323333232223323222323233233332322233232
23323333232223323222322233233332322233232
32323333232223323222323323233332322233232
33323222332323333232223323233332322233232
32323333232223323222322323233332322233232
22323333232223323222323223233332322233232
22323333232223323222322223233332322233232
33223333232223323222323332233332322233232
33223333232223323222322332233332322233232
23223333232223323222323232233332322233232
23223333232223323222322232233332322233232
32223333232223323222323322233332322233232
32223333232223323222322322233332322233232
22223333232223323222323222233332322233232
22223333232223323222322222233332322233232
33332333232223323222323333323332322233232
33332333232223323222322333323332322233232
23332333232223323222323233323332322233232
23332333232223323222322233323332322233232
32332333232223323222323323323332322233232
32332333232223323222322323323332322233232
22332333232223323222323223323332322233232
22332333232223323222322223323332322233232
33232333232223323222323332323332322233232
33232333232223323222322332323332322233232
23232333232223323222323232323332322233232
23232333232223323222322232323332322233232
32232333232223323222323322323332322233232
32232333232223323222322322323332322233232
22232333232223323222323222323332322233232
22232333232223323222322222323332322233232
33322333232223323222323333223332322233232
33322333232223323222322333223332322233232
23322333232223323222323233223332322233232
23322333232223323222322233223332322233232
32322333232223323222323323223332322233232
32322333232223323222322323223332322233232
22322333232223323222323223223332322233232
22322333232223323222322223223332322233232
33222333232223323222323332223332322233232
33222333232223323222322332223332322233232
32322233232223332322233232223332322233232
23222333232223323222323232223332322233232
23222333232223323222322232223332322233232
32222333232223323222323322223332322233232
32222333232223323222322322223332322233232
22222333232223323222323222223332322233232
22222333232223323222322222223332322233232
33333233232223323222323333332332322233232
33333233232223323222322333332332322233232
23333233232223323222323233332332322233232
23333233232223323222322233332332322233232
32333233232223323222323323332332322233232
32333233232223323222322323332332322233232
22333233232223323222323223332332322233232
22333233232223323222322223332332322233232
33233233232223323222323332332332322233232
33233233232223323222322332332332322233232
23233233232223323222323232332332322233232
23233233232223323222322232332332322233232
32233233232223323222323322332332322233232
32233233232223323222322322332332322233232
22233233232223323222323222332332322233232
22233233232223323222322222332332322233232
33323233232223323222323333232332322233232
33323233232223323222322333232332322233232
23323233232223323222323233232332322233232
23323233232223323222322233232332322233232
32323233232223323222323323232332322233232
32323233232223323222322323232332322233232
22323233232223323222323223232332322233232
22323233232223323222322223232332322233232
33223233232223323222323332232332322233232
33223233232223323222322332232332322233232
23223233232223323222323232232332322233232
23223233232223323222322232232332322233232
32223233232223323222323322232332322233232
32223233232223323222322322232332322233232
22223233232223323222323222232332322233232
22223233232223323222322222232332322233232
33332233232223323222323333322332322233232
33332233232223323222322333322332322233232
23332233232223323222323233322332322233232
23332233232223323222322233322332322233232
32332233232223323222323323322332322233232
32332233232223323222322323322332322233232
22332233232223323222323223322332322233232
22332233232223323222322223322332322233232
33232233232223323222323332322332322233232
33232233232223323222322332322332322233232
23232233232223323222323232322332322233232
23232233232223323222322232322332322233232
32232233232223323222323322322332322233232
32232233232223323222322322322332322233232
22232233232223323222323222322332322233232
22232233232223323222322222322332322233232
33322233232223323222323333222332322233232
33322233232223323222322333222332322233232
23322233232223323222323233222332322233232
23322233232223323222322233222332322233232
33232223323222332322323323222332322233232
22322233232223323222323223222332322233232
22322233232223323222322223222332322233232
33222233232223323222323332222332322233232
33222233232223323222322332222332322233232
23222233232223323222323232222332322233232
23222233232223323222322232222332322233232
32222233232223323222323322222332322233232
32222233232223323222322322222332322233232
22222233232223323222323222222332322233232
22222233232223323222322222222332322233232
33333323232223323222323333333232322233232
33333323232223323222322333333232322233232
23333323232223323222323233333232322233232
23333323232223323222322233333232322233232
32333323232223323222323323333232322233232
32333323232223323222322323333232322233232
22333323232223323222323223333232322233232
22333323232223323222322223333232322233232
33233323232223323222323332333232322233232
33233323232223323222322332333232322233232
23233323232223323222323232333232322233232
23233323232223323222322232333232322233232
32233323232223323222323322333232322233232
32233323232223323222322322333232322233232
22233323232223323222323222333232322233232
22233323232223323222322222333232322233232
33323323232223323222323333233232322233232
33323323232223323222322333233232322233232
23323323232223323222323233233232322233232
23323323232223323222322233233232322233232
32323323232223323222323323233232322233232
32323222332323323232223323233232322233232
32323323232223323222322323233232322233232
22323323232223323222323223233232322233232
22323323232223323222322223233232322233232
33223323232223323222323332233232322233232
33223323232223323222322332233232322233232
23223323232223323222323232233232322233232
23223323232223323222322232233232322233232
32223323232223323222323322233232322233232
32223323232223323222322322233232322233232
22223323232223323222323222233232322233232
22223323232223323222322222233232322233232
33332323232223323222323333323232322233232
33332323232223323222322333323232322233232
23332323232223323222323233323232322233232
23332323232223323222322233323232322233232
32332323232223323222323323323232322233232
32332323232223323222322323323232322233232
22332323232223323222323223323232322233232
22332323232223323222322223323232322233232
33232323232223323222323332323232322233232
33232323232223323222322332323232322233232
23232323232223323222323232323232322233232
23232323232223323222322232323232322233232
32232323232223323222323322323232322233232
32232323232223323222322322323232322233232
22232323232223323222323222323232322233232
22232323232223323222322222323232322233232
33322323232223323222323333223232322233232
33322323232223323222322333223232322233232
23322323232223323222323233223232322233232
23322323232223323222322233223232322233232
32322323232223323222323323223232322233232
32323222332322323232223323223232322233232
32322323232223323222322323223232322233232
22322323232223323222323223223232322233232
22322323232223323222322223223232322233232
33222323232223323222323332223232322233232
33222323232223323222322332223232322233232
32322233232223232322233232223232322233232
23222323232223323222323232223232322233232
23222323232223323222322232223232322233232
32222323232223323222323322223232322233232
32222323232223323222322322223232322233232
22222323232223323222323222223232322233232
22222323232223323222322222223232322233232
33333223232223323222323333332232322233232
33333223232223323222322333332232322233232
23333223232223323222323233332232322233232
23333223232223323222322233332232322233232
32333223232223323222323323332232322233232
32333223232223323222322323332232322233232
22333223232223323222323223332232322233232
22333223232223323222322223332232322233232
33233223232223323222323332332232322233232
33233223232223323222322332332232322233232
23233223232223323222323232332232322233232
23233223232223323222322232332232322233232
32233223232223323222323322332232322233232
32233223232223323222322322332232322233232
22233223232223323222323222332232322233232
22233223232223323222322222332232322233232
33323223232223323222323333232232322233232
33323223232223323222322333232232322233232
23323223232223323222323233232232322233232
23323223232223323222322233232232322233232
32323223232223323222323323232232322233232
32323223232223323222322323232232322233232
22323223232223323222323223232232322233232
22323223232223323222322223232232322233232
33223223232223323222323332232232322233232
33223223232223323222322332232232322233232
23223223232223323222323232232232322233232
23223223232223323222322232232232322233232
32223223232223323222323322232232322233232
32223223232223323222322322232232322233232
22223223232223323222323222232232322233232
22223223232223323222322222232232322233232
33332223232223323222323333322232322233232
33332223232223323222322333322232322233232
23332223232223323222323233322232322233232
23332223232223323222322233322232322233232
32332223232223323222323323322232322233232
32332223232223323222322323322232322233232
22332223232223323222323223322232322233232
22332223232223323222322223322232322233232
33232223232223323222323332322232322233232
33232223232223323222322332322232322233232
23232223232223323222323232322232322233232
23232223232223323222322232322232322233232
32232223232223323222323322322232322233232
32232223232223323222322322322232322233232
22232223232223323222323222322232322233232
22232223232223323222322222322232322233232
33322223232223323222323333222232322233232
33322223232223323222322333222232322233232
23322223232223323222323233222232322233232
23322223232223323222322233222232322233232
32322223232223323222323323222232322233232
22323222332322223232223323222232322233232
32322223232223323222322323222232322233232
22322223232223323222323223222232322233232
22322223232223323222322223222232322233232
33222223232223323222323332222232322233232
33222223232223323222322332222232322233232
23222223232223323222323232222232322233232
23222223232223323222322232222232322233232
32222223232223323222323322222232322233232
32222223232223323222322322222232322233232
22222223232223323222323222222232322233232
22222223232223323222322222222232322233232
33223222332323332232223323233322322233232
22322233232223322322233232223322322233232
23223222332322232232223323222322322233232
32223222332323322232223323233222322233232
32223222332322322232223323223222322233232
22223222332322222232223323222222322233232
33332222332323333322223323233333222233232
33222233232223333222233232223333222233232
23332222332322233322223323222333222233232
32332222332323323322223323233233222233232
32332222332322323322223323223233222233232
22332222332322223322223323222233222233232
33232222332323332322223323233323222233232
23222233232223323222233232223323222233232
23222233232222332322332322223323222233232
23232222332322232322223323222323222233232
32232222332323322322223323233223222233232
32232222332322322322223323223223222233232
22232222332322222322223323222223222233232
33322222332323333222223323233332222233232
32222233232223332222233232223332222233232
23322222332322233222223323222332222233232
32322222332323323222223323233232222233232
32322222332322323222223323223232222233232
22322222332322223222223323222232222233232
33222222332323332222223323233322222233232
22222233232223322222233232223322222233232
23222222332322232222223323222322222233232
32222222332323322222223323233222222233232
32222222332322322222223323223222222233232
22222222332322222222223323222222222233232
